20200508,09:39,90.65,91.50,90.65,91.50,451,525
20200508,09:40,91.50,91.50,91.50,91.50,75,525
20200508,09:41,89.70,89.70,89.70,89.70,75,525
20200508,09:44,88.40,88.40,88.40,88.40,75,525
20200508,09:48,88.40,88.40,88.40,88.40,75,600
20200508,09:53,87.40,87.40,87.40,87.40,150,600
20200508,09:59,82.90,84.00,82.90,84.00,975,750
20200508,10:01,82.95,83.00,82.95,83.00,1050,750
20200508,10:03,82.40,83.50,82.40,83.50,675,1650
20200508,10:04,83.95,84.80,83.95,84.80,2775,1650
20200508,10:05,84.80,84.80,84.80,84.80,300,5175
20200508,10:06,85.80,86.35,85.70,86.35,1200,5175
20200508,10:08,84.05,84.05,84.05,84.05,150,5175
20200508,10:09,83.50,83.50,83.50,83.50,300,6600
20200508,10:11,83.20,83.20,83.20,83.20,150,6600
20200508,10:12,83.50,83.50,82.95,82.95,225,7050
20200508,10:13,83.50,83.50,83.50,83.50,75,7050
20200508,10:14,83.10,83.10,81.55,81.55,150,7350
20200508,10:15,81.45,84.50,81.45,84.00,2250,7350
20200508,10:16,84.00,84.00,84.00,84.00,750,7350
20200508,10:17,84.00,84.00,84.00,84.00,300,7350
20200508,10:18,83.00,83.00,83.00,83.00,300,10200
20200508,10:19,84.00,84.75,84.00,84.75,900,10200
20200508,10:20,84.20,84.90,84.20,84.90,1350,11025
20200508,10:21,83.65,84.40,83.65,84.40,375,11025
20200508,10:22,84.45,84.90,84.45,84.90,525,11025
20200508,10:23,83.10,83.10,83.10,83.10,75,13050
20200508,10:25,82.40,82.55,82.40,82.55,375,13050
20200508,10:26,82.95,82.95,82.95,82.95,75,13350
20200508,10:29,82.60,82.60,82.60,82.60,75,13350
20200508,10:30,82.95,83.70,82.95,83.55,300,13350
20200508,10:31,83.85,84.05,83.70,83.70,375,13350
20200508,10:32,83.90,84.00,83.75,83.80,1425,14400
20200508,10:33,83.90,83.90,83.05,83.05,225,14400
20200508,10:34,84.45,84.45,84.00,84.00,300,14400
20200508,10:35,85.50,86.80,85.50,86.80,525,14850
20200508,10:36,85.50,85.50,85.50,85.50,150,14850
20200508,10:37,85.00,85.50,85.00,85.50,225,14850
20200508,10:41,83.00,84.80,83.00,84.80,225,15450
20200508,10:45,83.00,83.00,80.10,80.10,225,15525
20200508,10:46,80.10,80.10,80.10,80.10,75,15525
20200508,10:47,81.00,81.00,80.65,80.65,300,15525
20200508,10:53,83.50,83.50,83.50,83.50,75,15600
20200508,10:54,82.70,82.70,82.70,82.70,75,15600
20200508,10:57,84.00,84.00,84.00,84.00,75,15600
20200508,10:58,83.05,83.05,83.05,83.05,150,15600
20200508,10:59,83.00,83.15,83.00,83.15,300,15600
20200508,11:02,82.05,82.05,82.05,82.05,75,15750
20200508,11:11,82.95,83.00,82.95,83.00,300,15750
20200508,11:16,82.65,83.00,82.65,83.00,300,15975
20200508,11:17,84.05,84.05,84.00,84.00,225,16125
20200508,11:18,82.85,82.85,82.80,82.80,150,16125
20200508,11:20,82.65,82.65,82.65,82.65,150,16125
20200508,11:21,83.50,83.50,83.50,83.50,75,16125
20200508,11:23,83.45,83.45,83.45,83.45,150,16200
20200508,11:24,84.15,84.15,84.15,84.15,375,16200
20200508,11:25,84.15,84.15,84.15,84.15,75,16200
20200508,11:34,82.15,82.60,82.15,82.60,150,16200
20200508,11:39,82.05,82.05,82.05,82.05,75,16125
20200508,11:40,82.10,82.10,82.10,82.10,525,16125
20200508,11:41,81.00,81.35,81.00,81.35,300,16125
20200508,11:42,82.65,82.65,82.65,82.65,75,16575
20200508,11:43,83.10,83.10,83.10,83.10,75,16575
20200508,11:52,81.40,81.50,81.40,81.50,225,16200
20200508,11:54,82.55,82.55,82.50,82.50,300,16200
20200508,11:55,82.50,82.50,81.90,81.90,225,16200
20200508,11:57,81.50,81.85,81.50,81.85,300,16275
20200508,12:01,81.10,81.10,81.00,81.00,225,16275
20200508,12:03,77.50,77.50,77.50,77.50,75,16275
20200508,12:04,75.35,75.35,75.35,75.35,150,16275
20200508,12:05,75.80,76.20,75.80,76.20,300,16275
20200508,12:06,76.20,76.20,76.20,76.20,150,16275
20200508,12:11,76.30,76.30,76.30,76.30,75,16200
20200508,12:12,76.80,77.00,76.80,77.00,150,16200
20200508,12:13,77.00,77.00,77.00,77.00,75,16200
20200508,12:17,76.95,76.95,76.95,76.95,150,16275
20200508,12:19,73.85,73.85,73.85,73.85,150,16275
20200508,12:20,72.25,72.25,69.90,71.45,525,16125
20200508,12:21,71.80,71.80,71.80,71.80,75,16125
20200508,12:22,72.35,72.50,72.35,72.50,375,16125
20200508,12:24,71.25,71.25,71.20,71.20,150,16200
20200508,12:25,72.25,72.25,72.25,72.25,75,16200
20200508,12:27,70.70,70.70,69.80,69.80,225,16200
20200508,12:30,69.80,69.80,69.80,69.80,150,16200
20200508,12:33,72.70,72.70,72.70,72.70,75,16200
20200508,12:35,72.20,72.20,72.20,72.20,150,16200
20200508,12:40,72.85,72.85,72.85,72.85,75,16200
20200508,12:44,73.05,73.05,73.05,73.05,150,16200
20200508,12:46,72.00,72.00,71.60,71.60,450,16200
20200508,12:50,72.25,72.25,70.50,70.80,300,16425
20200508,12:51,70.00,70.00,70.00,70.00,150,16425
20200508,12:52,70.90,70.90,70.90,70.90,75,16425
20200508,12:55,72.85,72.85,72.85,72.85,75,16575
20200508,12:56,73.00,73.00,73.00,73.00,75,16575
20200508,12:57,73.95,73.95,73.95,73.95,150,16650
20200508,12:58,73.95,73.95,73.60,73.60,225,16650
20200508,12:59,73.55,74.90,73.55,74.90,450,16650
20200508,13:00,74.40,75.00,74.40,75.00,1500,16875
20200508,13:01,73.20,73.20,72.40,72.40,600,16875
20200508,13:02,72.75,72.75,72.75,72.75,75,16875
20200508,13:04,71.15,71.60,71.15,71.60,150,18225
20200508,13:05,72.30,72.30,72.30,72.30,150,18225
20200508,13:06,72.80,72.80,72.80,72.80,75,17325
20200508,13:08,73.65,74.10,73.65,74.10,225,17325
20200508,13:09,76.45,77.05,76.35,76.35,525,17025
20200508,13:11,75.70,75.70,75.70,75.70,150,17025
20200508,13:13,75.45,78.30,75.45,78.30,300,17250
20200508,13:15,77.35,77.35,77.35,77.35,150,17400
20200508,13:16,75.85,75.85,75.85,75.85,150,17400
20200508,13:21,74.60,74.60,74.60,74.60,75,17475
20200508,13:22,74.65,74.65,74.65,74.65,75,17475
20200508,13:23,74.50,74.50,73.30,73.30,225,17475
20200508,13:24,73.25,73.25,73.25,73.25,150,17475
20200508,13:27,72.10,72.25,72.10,72.25,150,17400
20200508,13:28,72.65,72.65,72.65,72.65,75,17400
20200508,13:29,72.50,72.50,72.50,72.50,75,17400
20200508,13:30,72.70,72.70,72.70,72.70,75,17400
20200508,13:31,72.70,72.70,72.70,72.70,75,17400
20200508,13:36,73.70,73.80,73.70,73.80,150,17475
20200508,13:38,72.75,72.75,72.75,72.75,150,17475
20200508,13:41,71.70,71.80,71.70,71.80,225,17550
20200508,13:42,72.50,72.50,72.50,72.50,525,17550
20200508,13:50,69.65,69.65,69.65,69.65,150,18075
20200508,13:51,65.15,65.55,64.35,65.55,825,18225
20200508,13:52,66.05,67.80,66.00,67.65,900,18225
20200508,13:53,68.00,68.00,68.00,68.00,525,18225
20200508,13:54,68.75,68.75,68.75,68.75,150,18600
20200508,13:55,66.30,66.65,66.30,66.45,450,18600
20200508,13:56,65.75,65.90,65.70,65.70,300,18600
20200508,13:57,66.15,66.35,66.15,66.35,150,18600
20200508,13:59,66.00,66.85,66.00,66.85,750,18675
20200508,14:00,64.35,66.00,64.35,66.00,525,17700
20200508,14:02,66.80,66.80,66.15,66.15,225,17700
20200508,14:03,67.00,67.00,67.00,67.00,75,17700
20200508,14:04,67.30,68.20,67.30,68.10,375,17700
20200508,14:05,68.10,68.50,67.95,67.95,450,17700
20200508,14:06,68.50,68.70,68.50,68.70,225,17775
20200508,14:07,69.00,69.00,69.00,69.00,600,17775
20200508,14:09,66.50,66.50,66.50,66.50,75,17775
20200508,14:10,66.15,66.15,66.15,66.15,75,18600
20200508,14:11,66.75,66.75,66.75,66.75,75,18600
20200508,14:12,67.20,67.20,67.20,67.20,75,18525
20200508,14:15,64.90,64.90,64.90,64.90,75,18525
20200508,14:16,64.75,65.40,64.75,65.40,150,18525
20200508,14:17,62.10,62.10,62.10,62.10,75,18525
20200508,14:18,62.10,62.10,62.10,62.10,75,18000
20200508,14:19,62.35,62.45,62.05,62.40,525,18000
20200508,14:20,63.50,63.50,63.45,63.50,675,18000
20200508,14:21,65.00,65.00,64.60,64.60,225,18900
20200508,14:22,64.75,64.75,64.75,64.75,150,18900
20200508,14:23,66.00,66.00,66.00,66.00,150,18900
20200508,14:24,65.15,65.15,65.10,65.10,150,19050
20200508,14:26,65.10,65.10,65.10,65.10,75,19050
20200508,14:34,64.75,65.50,64.75,65.50,375,19125
20200508,14:37,63.05,63.55,63.05,63.40,600,19350
20200508,14:38,63.25,63.25,63.25,63.25,150,19350
20200508,14:39,62.00,62.60,59.45,59.45,900,19650
20200508,14:41,59.90,60.10,58.30,58.65,2400,19650
20200508,14:42,57.55,57.55,57.55,57.55,75,19500
20200508,14:43,57.55,59.90,57.55,59.90,150,19500
20200508,14:45,59.90,59.90,59.90,59.90,75,19350
20200508,14:47,59.55,59.85,58.85,59.85,225,19350
20200508,14:49,60.00,60.30,60.00,60.30,150,19500
20200508,14:50,58.45,58.50,58.30,58.50,300,19500
20200508,14:52,54.45,54.45,54.45,54.45,225,19500
20200508,14:53,56.45,56.45,56.25,56.25,150,19500
20200508,14:56,58.75,58.75,57.95,57.95,225,19575
20200508,14:57,58.55,58.55,58.10,58.10,150,19575
20200508,15:02,59.10,59.10,58.85,58.85,300,19500
20200508,15:04,57.50,57.50,57.50,57.50,225,19425
20200508,15:05,57.80,57.80,57.80,57.80,75,19425
20200508,15:08,58.30,58.30,58.30,58.30,75,19500
20200508,15:10,55.75,56.00,55.75,56.00,675,19500
20200508,15:11,54.60,56.25,54.60,56.25,525,19500
20200508,15:12,56.00,56.00,56.00,56.00,225,20250
20200508,15:13,55.35,55.35,55.35,55.35,150,20250
20200508,15:14,56.15,56.15,56.15,56.15,150,20250
20200508,15:16,56.70,57.00,56.70,57.00,375,20400
20200508,15:17,57.05,57.25,56.95,57.25,525,20400
20200508,15:18,56.80,58.25,56.80,57.00,225,20400
20200508,15:20,59.00,59.40,58.80,58.85,600,20625
20200508,15:21,58.90,58.90,58.90,58.90,525,20775
20200508,15:22,57.90,58.95,57.90,58.95,825,20775
20200508,15:25,58.40,58.40,57.90,58.00,300,20625
20200508,15:26,57.50,57.50,57.50,57.50,300,20625
20200508,15:27,57.50,57.50,57.50,57.50,375,20850
20200508,15:29,57.65,59.85,57.50,59.85,1050,20850
20200511,09:15,69.70,69.70,60.00,60.00,451,21225
20200511,09:16,69.10,71.10,69.10,71.10,675,21225
20200511,09:17,71.10,74.65,71.10,74.65,750,21375
20200511,09:18,74.65,74.65,68.30,68.30,750,21375
20200511,09:19,70.50,71.25,69.90,70.50,1875,21375
20200511,09:20,74.90,74.95,73.05,74.65,2850,21525
20200511,09:21,72.65,74.40,72.65,72.85,300,21525
20200511,09:22,73.10,74.95,72.55,72.55,1500,21525
20200511,09:23,71.70,74.00,71.70,72.70,1125,22875
20200511,09:24,71.70,73.00,70.55,72.75,1500,22875
20200511,09:25,73.00,77.75,73.00,75.65,1575,22875
20200511,09:26,77.10,77.50,77.10,77.50,225,24450
20200511,09:27,77.00,77.00,73.35,74.25,675,24450
20200511,09:28,73.00,76.10,73.00,74.85,600,24450
20200511,09:29,74.45,75.25,74.45,75.25,225,24150
20200511,09:30,73.60,77.20,73.60,77.20,900,24150
20200511,09:31,79.25,82.05,79.00,82.05,675,24150
20200511,09:32,81.90,81.90,80.55,80.55,750,24375
20200511,09:33,80.00,90.00,80.00,90.00,1650,24375
20200511,09:34,83.90,83.90,83.90,83.90,75,24375
20200511,09:35,86.25,87.15,85.90,85.90,1950,25275
20200511,09:36,87.35,88.00,87.35,88.00,900,25275
20200511,09:37,91.25,92.05,89.90,89.90,675,25275
20200511,09:38,91.75,92.45,89.65,89.65,3450,25650
20200511,09:39,90.15,90.30,88.70,88.70,3450,25650
20200511,09:40,92.65,95.00,92.65,95.00,600,25650
20200511,09:41,95.00,95.00,92.65,92.65,225,23625
20200511,09:42,90.65,92.85,90.00,90.10,1650,23625
20200511,09:43,90.25,90.50,90.05,90.05,900,23625
20200511,09:44,90.00,91.10,90.00,91.10,300,23625
20200511,09:45,89.35,90.45,88.00,88.75,1650,23625
20200511,09:46,87.30,88.00,87.30,88.00,225,23625
20200511,09:47,89.00,89.00,88.20,88.20,750,23475
20200511,09:48,86.55,87.05,86.50,86.80,1500,23475
20200511,09:49,85.90,87.40,85.90,87.40,375,23475
20200511,09:50,86.60,86.60,85.20,85.75,450,23325
20200511,09:51,85.30,85.45,84.85,85.45,375,23325
20200511,09:52,85.25,85.70,84.75,84.75,375,23325
20200511,09:54,85.00,85.25,85.00,85.25,525,23250
20200511,09:55,84.35,85.65,84.35,85.45,300,23250
20200511,09:56,88.00,88.00,86.85,86.85,675,23700
20200511,09:57,87.75,87.80,87.20,87.45,600,23700
20200511,09:58,85.15,85.15,85.15,85.15,75,23700
20200511,09:59,84.55,84.60,84.00,84.00,225,24450
20200511,10:00,84.60,84.60,82.25,82.25,225,24450
20200511,10:01,80.00,81.20,80.00,81.20,375,24450
20200511,10:02,83.40,83.40,83.00,83.00,1575,24450
20200511,10:03,82.50,82.50,82.05,82.05,450,24450
20200511,10:04,82.70,82.70,81.30,81.30,675,24450
20200511,10:05,80.70,82.60,80.70,82.10,750,25650
20200511,10:06,82.00,82.00,82.00,82.00,300,25650
20200511,10:07,81.20,81.30,78.70,78.70,975,25650
20200511,10:08,78.90,80.00,78.60,78.85,1275,27300
20200511,10:09,78.95,79.00,77.00,78.05,1725,27300
20200511,10:10,78.00,78.00,77.55,77.55,375,27300
20200511,10:11,77.75,78.10,76.40,77.45,900,28575
20200511,10:12,77.25,77.25,77.25,77.25,150,28575
20200511,10:13,78.35,78.35,78.10,78.10,150,28575
20200511,10:14,78.05,78.05,77.65,78.05,675,28500
20200511,10:15,77.45,77.45,72.70,72.90,975,28500
20200511,10:16,74.80,75.70,74.80,75.70,375,28500
20200511,10:17,76.60,77.15,76.55,76.55,975,28875
20200511,10:19,74.95,74.95,74.95,74.95,75,28875
20200511,10:20,75.15,76.00,75.15,76.00,225,29025
20200511,10:21,75.75,75.80,75.75,75.80,150,29025
20200511,10:22,76.85,76.85,76.65,76.65,150,29025
20200511,10:23,76.90,76.90,76.90,76.90,75,29025
20200511,10:24,72.70,72.70,72.70,72.70,150,29025
20200511,10:25,73.10,73.10,73.10,73.10,75,29025
20200511,10:26,75.00,75.00,74.35,74.35,450,29100
20200511,10:28,77.85,77.85,77.25,77.65,750,29100
20200511,10:30,77.00,77.00,76.05,76.05,525,29325
20200511,10:31,77.10,77.10,77.10,77.10,75,29325
20200511,10:32,75.10,75.10,74.85,74.85,900,29475
20200511,10:33,74.30,74.30,73.80,73.80,975,29475
20200511,10:34,75.15,75.20,74.05,74.70,1200,29475
20200511,10:35,74.90,74.95,74.60,74.60,975,30300
20200511,10:36,74.00,74.00,73.60,73.60,225,30300
20200511,10:37,76.05,76.05,75.70,75.70,375,30300
20200511,10:39,74.70,74.70,73.85,73.85,150,30300
20200511,10:42,72.10,73.15,72.10,73.15,375,30300
20200511,10:43,72.80,73.25,72.80,73.25,150,30300
20200511,10:44,72.45,72.45,72.45,72.45,225,30525
20200511,10:45,71.30,71.30,69.10,70.05,900,30525
20200511,10:46,68.25,68.25,68.25,68.25,150,30525
20200511,10:47,69.50,70.35,68.25,68.25,750,30375
20200511,10:48,67.00,68.90,67.00,68.70,3825,30375
20200511,10:49,67.95,69.15,67.95,69.15,375,30375
20200511,10:50,70.25,70.65,70.25,70.65,300,32025
20200511,10:51,71.00,71.95,71.00,71.95,225,32025
20200511,10:52,69.95,69.95,69.95,69.95,75,32025
20200511,10:53,70.20,70.20,70.20,70.20,75,31950
20200511,10:54,69.60,69.60,69.60,69.60,150,31950
20200511,10:55,68.85,68.85,68.85,68.85,150,31950
20200511,10:56,68.50,68.50,68.15,68.50,450,31950
20200511,10:57,70.55,71.05,70.55,71.05,375,32025
20200511,10:58,71.40,71.40,70.65,70.65,375,32025
20200511,11:02,73.25,73.25,73.25,73.25,75,32025
20200511,11:03,72.95,72.95,72.65,72.65,150,32100
20200511,11:04,72.30,72.30,72.30,72.30,75,32100
20200511,11:05,71.50,73.60,71.50,73.60,1425,32325
20200511,11:06,73.45,73.45,73.00,73.00,1050,32325
20200511,11:07,73.20,74.25,73.20,74.20,1350,32325
20200511,11:08,74.20,74.20,73.80,73.80,2550,34425
20200511,11:09,73.50,73.50,73.25,73.25,375,34425
20200511,11:10,72.55,72.55,71.45,71.45,600,34425
20200511,11:11,70.25,70.95,69.85,70.30,2475,35700
20200511,11:12,69.80,71.45,69.80,70.80,1725,35700
20200511,11:13,71.20,71.20,70.50,70.50,675,35700
20200511,11:14,70.50,71.75,70.50,71.75,600,35700
20200511,11:15,71.75,71.75,71.75,71.75,600,34425
20200511,11:18,71.25,71.25,71.25,71.25,225,34800
20200511,11:20,71.00,71.00,70.15,70.15,150,34800
20200511,11:21,71.10,71.10,70.85,70.85,300,34800
20200511,11:25,67.15,67.15,65.95,65.95,375,34650
20200511,11:26,67.45,68.25,67.45,67.95,450,34650
20200511,11:27,68.00,68.00,68.00,68.00,300,34875
20200511,11:28,65.95,66.95,65.75,66.95,600,34875
20200511,11:30,65.55,65.55,63.20,63.20,2925,34725
20200511,11:31,61.25,63.50,61.25,63.00,900,34725
20200511,11:32,62.15,63.65,62.15,63.50,375,34350
20200511,11:34,64.00,64.00,64.00,64.00,525,34350
20200511,11:35,62.85,62.85,62.40,62.40,225,34350
20200511,11:36,61.15,61.15,60.25,60.25,1800,34350
20200511,11:37,60.00,60.05,59.60,59.60,525,34350
20200511,11:38,59.60,61.50,59.60,61.20,1050,34125
20200511,11:39,61.60,61.60,60.60,60.85,750,34125
20200511,11:40,59.00,59.30,59.00,59.30,375,34125
20200511,11:41,59.05,59.65,59.05,59.65,450,33825
20200511,11:42,59.80,60.90,59.65,60.90,375,33825
20200511,11:44,60.20,60.50,60.10,60.50,675,33825
20200511,11:45,61.00,61.95,61.00,61.65,1650,33750
20200511,11:46,60.65,62.45,60.65,62.45,375,33750
20200511,11:47,62.50,62.50,61.00,61.00,450,34650
20200511,11:48,61.25,61.25,60.05,60.05,300,34650
20200511,11:49,60.25,60.60,60.00,60.60,825,34650
20200511,11:50,60.30,60.30,59.85,59.85,150,34650
20200511,11:51,59.00,59.30,58.50,58.75,600,34500
20200511,11:52,58.75,59.00,58.20,59.00,900,34500
20200511,11:53,59.15,60.05,58.90,60.05,2175,34500
20200511,11:54,59.45,59.45,59.30,59.30,600,34650
20200511,11:55,59.20,59.55,58.50,59.25,1350,34650
20200511,11:56,58.95,59.15,58.55,59.15,1500,35550
20200511,11:57,59.40,61.20,59.40,61.20,600,35550
20200511,11:58,61.45,62.50,61.45,61.85,600,35550
20200511,11:59,62.40,62.40,61.60,61.60,300,35550
20200511,12:01,62.00,62.70,62.00,62.70,150,35700
20200511,12:02,62.00,62.25,61.85,62.25,450,35700
20200511,12:03,61.40,61.40,61.40,61.40,75,35625
20200511,12:04,61.00,61.00,60.70,60.70,450,35625
20200511,12:05,60.80,60.80,60.60,60.60,225,35100
20200511,12:06,61.70,62.10,61.70,62.10,1950,35100
20200511,12:07,62.80,63.05,62.60,62.60,525,35100
20200511,12:08,62.50,62.50,62.50,62.50,75,35100
20200511,12:10,62.50,62.50,62.50,62.50,75,35550
20200511,12:11,62.00,62.10,62.00,62.10,150,35550
20200511,12:12,62.90,63.10,62.90,63.10,300,35700
20200511,12:13,63.70,63.70,63.70,63.70,75,35700
20200511,12:15,64.00,64.00,62.10,64.00,2250,35850
20200511,12:16,64.10,64.80,63.65,64.40,525,35850
20200511,12:17,64.05,64.05,64.00,64.00,225,35250
20200511,12:18,64.00,64.10,64.00,64.10,150,35250
20200511,12:19,64.10,64.10,63.45,63.45,150,35250
20200511,12:22,63.10,63.10,62.95,63.00,225,35100
20200511,12:23,64.00,64.00,64.00,64.00,75,35100
20200511,12:24,64.80,64.80,64.55,64.55,150,35250
20200511,12:25,64.50,64.50,64.05,64.05,225,35250
20200511,12:26,63.80,63.80,63.80,63.80,150,35250
20200511,12:30,64.00,64.00,63.80,63.80,300,35325
20200511,12:31,63.30,63.30,62.05,62.05,375,35325
20200511,12:32,62.05,62.05,60.55,60.55,1200,35325
20200511,12:33,60.45,60.45,60.45,60.45,150,35850
20200511,12:34,60.80,61.10,60.80,61.10,150,35850
20200511,12:35,60.35,60.35,60.35,60.35,75,35850
20200511,12:36,58.65,59.80,58.65,59.75,600,35700
20200511,12:37,60.95,61.35,60.95,61.35,225,35700
20200511,12:38,60.50,60.95,60.50,60.95,150,35700
20200511,12:39,60.50,60.90,60.50,60.60,525,35775
20200511,12:40,60.35,60.95,60.05,60.95,300,35775
20200511,12:42,62.50,62.50,62.50,62.50,225,35625
20200511,12:43,62.50,62.50,62.15,62.15,150,35625
20200511,12:44,61.70,62.05,61.70,61.80,300,35625
20200511,12:45,60.65,60.65,60.65,60.65,75,35700
20200511,12:46,61.60,61.85,61.60,61.85,150,35700
20200511,12:48,62.25,62.95,62.25,62.95,450,35850
20200511,12:49,63.00,63.50,63.00,63.35,225,35850
20200511,12:50,62.70,62.70,62.70,62.70,150,35850
20200511,12:51,63.45,63.80,63.45,63.80,600,36225
20200511,12:52,64.15,64.15,64.10,64.10,375,36225
20200511,12:53,65.95,65.95,65.95,65.95,150,36225
20200511,12:54,65.00,66.25,64.90,64.90,1425,36450
20200511,12:55,64.65,64.95,64.65,64.95,300,36450
20200511,12:56,65.50,65.50,65.50,65.50,150,36450
20200511,12:57,66.20,66.20,65.75,65.80,225,37500
20200511,12:58,66.15,66.15,65.80,65.80,150,37500
20200511,12:59,66.90,66.90,66.40,66.40,525,37500
20200511,13:00,66.50,66.50,64.50,64.50,1575,37650
20200511,13:01,63.70,63.70,63.65,63.65,150,37650
20200511,13:02,63.75,64.00,63.75,63.95,450,37650
20200511,13:03,64.10,64.10,64.10,64.10,75,38475
20200511,13:04,63.80,63.80,63.70,63.70,750,38475
20200511,13:05,63.10,63.10,63.10,63.10,75,38475
20200511,13:06,62.00,62.00,61.05,61.30,900,37800
20200511,13:07,62.35,62.35,62.35,62.35,75,37800
20200511,13:08,62.45,63.65,62.45,63.65,450,37800
20200511,13:09,64.35,64.85,63.35,63.55,525,37425
20200511,13:10,64.60,64.60,64.10,64.10,225,37425
20200511,13:11,63.80,63.80,63.20,63.20,450,37425
20200511,13:12,63.70,64.90,63.70,64.90,225,37575
20200511,13:13,66.60,66.65,65.95,66.25,1050,37575
20200511,13:14,66.50,66.50,65.15,65.15,375,37575
20200511,13:15,65.25,66.40,65.25,65.65,600,38175
20200511,13:17,63.35,63.35,63.35,63.35,75,38175
20200511,13:18,63.00,63.80,63.00,63.80,300,38400
20200511,13:20,62.70,62.70,62.35,62.35,150,38400
20200511,13:21,61.35,63.30,61.35,63.30,600,38700
20200511,13:22,62.95,63.15,62.95,63.05,375,38700
20200511,13:23,64.05,64.05,64.05,64.05,150,38700
20200511,13:24,64.55,64.55,63.35,63.35,300,38850
20200511,13:25,63.50,64.05,63.50,63.95,900,38850
20200511,13:26,64.75,64.75,64.75,64.75,75,38850
20200511,13:27,64.25,64.25,64.25,64.25,75,39225
20200511,13:28,63.45,63.45,63.45,63.45,75,39225
20200511,13:29,63.20,63.95,63.20,63.95,975,39225
20200511,13:30,63.20,63.20,62.65,62.65,225,39600
20200511,13:31,63.05,63.05,62.45,62.45,450,39600
20200511,13:32,63.50,63.50,63.50,63.50,1500,39600
20200511,13:33,63.00,63.05,62.45,63.05,3600,38850
20200511,13:34,62.80,62.80,62.80,62.80,75,38850
20200511,13:35,63.95,63.95,63.95,63.95,450,38850
20200511,13:36,64.45,64.45,63.65,63.65,750,37500
20200511,13:38,63.65,64.60,63.65,64.60,450,37500
20200511,13:39,63.80,63.95,63.80,63.95,900,35625
20200511,13:40,64.20,64.50,63.80,64.05,1275,35625
20200511,13:41,63.90,64.65,63.90,64.65,600,35625
20200511,13:42,65.40,65.40,65.05,65.05,150,34500
20200511,13:43,64.35,64.35,63.00,63.00,750,34500
20200511,13:44,61.80,61.80,61.80,61.80,150,34500
20200511,13:45,60.10,60.10,60.00,60.10,525,34800
20200511,13:46,59.80,60.00,59.80,60.00,300,34800
20200511,13:47,60.50,61.15,59.80,60.15,1500,34800
20200511,13:48,60.15,60.15,60.15,60.15,150,34800
20200511,13:49,61.25,61.25,60.45,60.45,750,35850
20200511,13:50,60.70,61.35,60.70,61.35,675,35850
20200511,13:51,60.85,60.85,59.30,59.30,600,35775
20200511,13:52,60.00,60.00,59.40,59.40,150,35775
20200511,13:53,59.55,60.10,59.55,60.10,150,35775
20200511,13:54,59.00,60.00,59.00,60.00,525,35325
20200511,13:55,60.10,60.10,58.90,58.90,300,35325
20200511,13:56,60.25,60.60,60.25,60.30,675,35325
20200511,13:57,59.00,59.20,59.00,59.20,225,35025
20200511,13:58,60.05,60.05,60.05,60.05,75,35025
20200511,13:59,60.30,60.30,59.25,60.00,450,35025
20200511,14:00,59.80,61.05,59.30,61.05,825,34875
20200511,14:01,62.15,62.15,61.30,61.50,975,34875
20200511,14:03,61.60,61.60,61.60,61.60,75,35250
20200511,14:04,59.90,59.90,59.85,59.85,150,35250
20200511,14:05,59.30,59.85,59.30,59.85,375,35250
20200511,14:06,60.10,60.10,60.10,60.10,375,35400
20200511,14:08,59.35,59.35,57.30,57.30,1350,35400
20200511,14:09,58.60,58.60,58.60,58.60,75,34950
20200511,14:10,58.70,58.70,58.40,58.60,225,34950
20200511,14:11,58.40,58.40,56.65,57.40,2100,34950
20200511,14:12,56.55,56.55,55.90,56.15,825,34575
20200511,14:13,57.20,57.20,54.10,54.95,2550,34575
20200511,14:14,55.00,55.70,55.00,55.25,1500,34575
20200511,14:15,54.70,55.50,54.70,54.95,975,34275
20200511,14:16,54.95,56.05,54.95,55.65,525,34275
20200511,14:17,54.70,55.50,54.40,55.50,900,34275
20200511,14:18,55.70,56.85,55.70,56.50,1500,34050
20200511,14:19,56.35,56.35,55.30,55.40,450,34050
20200511,14:20,55.85,55.95,55.40,55.95,450,34050
20200511,14:21,56.40,57.05,56.20,57.05,1650,34725
20200511,14:22,56.70,57.20,56.30,56.30,750,34725
20200511,14:23,56.20,56.25,56.20,56.25,150,34725
20200511,14:24,56.00,56.00,55.40,55.65,300,35400
20200511,14:25,56.60,56.60,56.35,56.35,150,35400
20200511,14:28,57.25,57.25,57.25,57.25,150,35400
20200511,14:30,55.85,55.85,54.60,54.60,750,35400
20200511,14:31,54.10,54.10,53.40,53.70,600,35175
20200511,14:32,54.75,54.75,54.75,54.75,375,35175
20200511,14:33,53.00,53.00,52.00,52.55,1650,35175
20200511,14:34,52.85,52.85,52.30,52.50,675,35175
20200511,14:35,52.00,52.95,51.80,52.65,825,35175
20200511,14:36,52.80,54.00,52.80,53.95,825,35700
20200511,14:37,53.40,53.65,53.40,53.65,450,35700
20200511,14:38,53.30,53.80,53.30,53.60,375,35700
20200511,14:39,52.00,52.55,51.05,51.05,375,36150
20200511,14:40,50.80,51.00,50.80,51.00,300,36150
20200511,14:41,51.05,51.05,50.80,50.80,300,36150
20200511,14:42,51.65,51.65,50.00,50.00,2175,35925
20200511,14:43,50.80,50.80,49.00,49.00,300,35925
20200511,14:44,49.00,50.00,49.00,50.00,150,35925
20200511,14:45,48.20,48.30,48.20,48.30,600,36750
20200511,14:46,48.40,49.35,48.15,49.05,1350,36750
20200511,14:47,49.30,49.95,49.10,49.95,975,36750
20200511,14:48,49.55,49.55,47.60,47.60,1950,37725
20200511,14:49,47.50,47.50,46.10,46.10,525,37725
20200511,14:50,46.00,46.00,45.30,45.50,600,37725
20200511,14:51,45.50,45.50,44.75,44.85,1200,37950
20200511,14:52,45.80,46.05,45.35,46.00,1725,37950
20200511,14:53,46.05,47.00,46.05,47.00,1125,37950
20200511,14:54,46.50,47.35,46.50,47.00,1125,38250
20200511,14:55,46.70,46.70,45.55,45.80,1200,38250
20200511,14:56,45.40,45.65,44.00,45.35,3075,38250
20200511,14:58,44.85,44.85,44.80,44.80,300,40575
20200511,14:59,44.95,44.95,43.25,43.25,600,40575
20200511,15:00,43.25,43.90,42.25,42.95,2475,41700
20200511,15:01,42.95,44.20,42.50,43.00,2700,41700
20200511,15:02,43.15,43.55,42.70,43.25,2025,41700
20200511,15:03,42.60,43.15,42.60,43.15,2700,43650
20200511,15:04,43.05,43.05,41.40,41.80,1575,43650
20200511,15:05,41.65,41.90,41.40,41.40,975,43650
20200511,15:06,40.50,40.50,40.50,40.50,225,43875
20200511,15:07,40.30,41.50,40.30,41.00,3150,43875
20200511,15:08,41.20,41.45,40.65,41.20,8250,43875
20200511,15:09,41.30,41.55,40.70,41.25,2025,49200
20200511,15:10,40.55,40.80,40.40,40.40,825,49200
20200511,15:11,40.50,40.80,40.25,40.25,375,49200
20200511,15:12,40.25,41.60,40.25,41.15,1800,49950
20200511,15:13,41.70,41.75,41.70,41.75,825,49950
20200511,15:14,41.70,42.70,41.70,42.30,3450,49950
20200511,15:15,42.05,42.65,41.80,42.35,3000,50850
20200511,15:16,42.20,42.60,41.70,41.70,2025,50850
20200511,15:17,41.10,42.90,41.10,42.90,1500,50850
20200511,15:18,42.75,43.50,42.75,43.30,975,51750
20200511,15:19,43.40,44.50,43.40,44.50,3075,51750
20200511,15:20,44.75,46.15,44.50,46.15,900,51750
20200511,15:21,45.80,46.60,45.25,45.65,1125,52350
20200511,15:22,45.30,46.55,45.30,46.50,1500,52350
20200511,15:23,46.00,46.00,45.80,45.80,675,52350
20200511,15:24,45.70,46.00,45.55,46.00,1575,54000
20200511,15:25,46.25,46.25,45.90,46.00,1125,54000
20200511,15:26,46.15,46.65,45.70,45.70,975,54000
20200511,15:27,45.80,46.25,45.65,45.90,2175,54975
20200511,15:28,45.25,45.40,45.00,45.25,1050,54975
20200511,15:29,45.30,45.90,44.50,45.00,1050,54975
20200512,09:15,37.40,37.40,18.90,27.00,2401,55350
20200512,09:16,27.15,27.15,26.10,26.40,2175,55350
20200512,09:17,26.55,26.80,26.20,26.50,5400,56325
20200512,09:18,26.50,26.95,26.50,26.70,2325,56325
20200512,09:19,26.60,26.70,25.70,25.70,1350,56325
20200512,09:20,25.60,26.00,25.15,25.15,1875,57525
20200512,09:21,25.05,25.35,24.55,25.15,7575,57525
20200512,09:22,25.15,25.75,24.70,25.75,5475,57525
20200512,09:23,25.25,25.80,25.25,25.45,1350,56550
20200512,09:24,25.35,25.85,25.25,25.80,2925,56550
20200512,09:25,25.85,25.90,25.50,25.85,1050,56550
20200512,09:26,26.00,26.15,25.50,26.15,5400,53625
20200512,09:27,26.20,26.60,26.00,26.45,3525,53625
20200512,09:28,26.55,26.90,26.55,26.90,525,53625
20200512,09:29,26.75,26.95,26.55,26.90,5250,51225
20200512,09:30,27.00,27.00,25.60,25.60,1875,51225
20200512,09:31,25.60,25.90,25.35,25.75,2400,51225
20200512,09:32,25.60,25.95,25.60,25.70,1650,49125
20200512,09:33,25.60,26.00,25.50,25.50,4200,49125
20200512,09:34,25.35,25.50,25.35,25.50,1950,49125
20200512,09:35,25.50,25.50,24.75,24.95,4650,50025
20200512,09:36,24.90,24.90,24.75,24.75,1725,50025
20200512,09:37,24.95,24.95,24.65,24.65,3750,50025
20200512,09:38,24.65,25.00,24.55,24.85,3300,51975
20200512,09:39,24.60,24.75,24.45,24.45,4050,51975
20200512,09:40,24.40,24.80,24.40,24.60,1650,51975
20200512,09:41,24.65,24.75,24.55,24.75,375,56475
20200512,09:42,24.80,24.80,24.15,24.40,675,56475
20200512,09:43,24.25,24.35,24.25,24.30,525,56475
20200512,09:44,24.40,24.65,24.40,24.65,825,56550
20200512,09:45,24.75,24.90,24.40,24.70,2175,56550
20200512,09:46,24.70,24.70,23.95,24.05,2775,56550
20200512,09:47,24.00,24.40,23.75,23.75,3000,56625
20200512,09:48,23.95,24.00,23.70,23.70,1350,56625
20200512,09:49,23.75,23.75,23.10,23.50,3375,56625
20200512,09:50,23.40,23.75,23.35,23.75,900,57900
20200512,09:51,23.25,23.75,23.25,23.65,525,57900
20200512,09:52,23.65,23.90,23.50,23.50,3450,57900
20200512,09:53,23.55,23.90,23.30,23.30,1725,58050
20200512,09:54,23.55,23.95,23.40,23.40,3375,58050
20200512,09:55,24.05,24.10,24.00,24.00,900,58050
20200512,09:56,24.30,24.65,24.25,24.45,1950,58275
20200512,09:57,24.85,24.85,24.50,24.50,1875,58275
20200512,09:58,24.50,24.95,24.50,24.95,450,58275
20200512,09:59,24.90,25.00,24.70,24.70,1200,57750
20200512,10:00,24.90,24.90,24.25,24.25,9300,57750
20200512,10:01,24.25,24.55,24.00,24.55,675,57750
20200512,10:02,24.30,24.65,24.30,24.65,975,65025
20200512,10:03,24.20,24.40,23.70,24.40,1425,65025
20200512,10:04,23.60,24.10,23.60,23.80,2325,65025
20200512,10:05,23.80,23.80,23.70,23.70,300,64200
20200512,10:06,23.60,23.60,23.25,23.25,750,64200
20200512,10:07,23.45,23.90,23.45,23.90,900,64200
20200512,10:08,23.60,24.15,23.60,24.15,675,64050
20200512,10:09,24.75,24.80,24.40,24.40,1725,64050
20200512,10:10,24.20,24.60,24.10,24.55,5400,64050
20200512,10:11,24.50,24.50,23.95,24.00,4725,68625
20200512,10:12,24.20,24.70,24.15,24.45,3300,68625
20200512,10:13,24.65,24.65,23.95,24.10,7875,68625
20200512,10:14,24.10,24.65,24.00,24.55,8250,76350
20200512,10:15,24.40,24.55,23.85,23.95,5325,76350
20200512,10:16,23.85,23.95,23.50,23.55,2400,76350
20200512,10:17,23.80,24.60,23.70,24.60,5325,81975
20200512,10:18,24.65,25.00,24.45,24.55,8550,81975
20200512,10:19,24.60,24.85,24.50,24.75,4125,81975
20200512,10:20,25.00,25.25,24.65,24.65,900,90300
20200512,10:21,24.70,25.00,24.60,24.70,3225,90300
20200512,10:22,24.75,25.10,24.40,24.40,5175,90300
20200512,10:23,24.60,24.65,24.20,24.20,5025,94575
20200512,10:24,24.45,25.20,24.40,25.20,2775,94575
20200512,10:25,24.85,25.50,24.70,25.50,1875,94575
20200512,10:26,25.80,26.10,25.75,26.10,1275,96750
20200512,10:27,25.90,26.10,25.35,25.35,1800,96750
20200512,10:28,25.00,25.80,25.00,25.45,1125,96750
20200512,10:29,25.25,25.40,25.25,25.40,300,96300
20200512,10:30,25.25,26.00,25.25,26.00,975,96300
20200512,10:31,26.10,26.10,25.10,25.10,2100,96300
20200512,10:32,25.00,25.25,24.80,24.80,2100,97950
20200512,10:33,24.60,24.75,24.50,24.60,675,97950
20200512,10:34,24.30,25.00,24.30,25.00,675,97950
20200512,10:35,24.90,25.60,24.60,25.60,600,99075
20200512,10:36,25.20,25.25,25.20,25.25,150,99075
20200512,10:37,25.65,25.65,25.00,25.00,900,99075
20200512,10:38,25.05,25.05,24.60,24.70,675,99525
20200512,10:39,24.50,24.55,24.50,24.55,225,99525
20200512,10:40,24.10,24.40,24.00,24.20,750,99525
20200512,10:41,24.10,24.15,24.00,24.15,750,99825
20200512,10:42,24.35,24.50,24.35,24.40,1050,99825
20200512,10:43,24.20,24.35,24.20,24.35,150,99825
20200512,10:45,24.35,24.35,23.95,23.95,675,99450
20200512,10:46,23.85,24.25,23.85,23.90,1275,99450
20200512,10:47,24.25,24.25,24.25,24.25,300,98325
20200512,10:48,24.45,24.45,24.25,24.45,225,98325
20200512,10:49,24.90,25.35,24.75,25.10,825,98325
20200512,10:50,24.85,25.15,24.85,25.00,375,97950
20200512,10:51,24.50,24.75,24.50,24.75,375,97950
20200512,10:52,24.25,24.25,24.25,24.25,75,97950
20200512,10:53,24.45,24.85,24.45,24.85,225,97950
20200512,10:54,24.70,24.90,24.70,24.90,150,97950
20200512,10:55,25.00,25.50,25.00,25.50,225,97950
20200512,10:56,25.55,25.65,25.15,25.15,675,97800
20200512,10:57,24.75,24.80,24.75,24.75,225,97800
20200512,10:59,24.45,24.80,24.35,24.80,825,97950
20200512,11:00,24.95,25.00,24.60,24.60,675,97950
20200512,11:01,24.75,24.90,24.75,24.90,300,97950
20200512,11:02,24.80,24.80,24.80,24.80,75,97950
20200512,11:03,24.70,24.70,24.60,24.60,225,98325
20200512,11:05,25.50,25.50,24.80,24.80,1575,98925
20200512,11:06,24.75,24.85,24.75,24.75,450,98925
20200512,11:07,24.50,24.50,24.35,24.45,450,98925
20200512,11:08,24.40,24.40,24.30,24.30,675,99075
20200512,11:09,24.50,24.50,23.65,23.65,3225,99075
20200512,11:10,23.70,23.80,23.60,23.70,975,99075
20200512,11:11,23.65,23.90,23.65,23.90,1500,100425
20200512,11:12,23.45,23.60,23.25,23.45,4050,100425
20200512,11:13,23.45,23.55,23.25,23.55,2250,100425
20200512,11:14,23.70,24.00,23.55,23.85,2400,102150
20200512,11:15,23.40,23.60,23.40,23.45,1275,102150
20200512,11:16,24.00,24.70,23.95,24.70,2175,102150
20200512,11:17,24.65,24.65,24.05,24.50,450,102075
20200512,11:19,24.10,24.10,24.10,24.10,75,102075
20200512,11:20,23.80,23.80,23.80,23.80,75,99600
20200512,11:22,23.60,23.60,23.20,23.25,300,99600
20200512,11:23,23.45,23.45,23.45,23.45,75,99600
20200512,11:24,23.45,23.45,23.45,23.45,75,99600
20200512,11:25,23.75,23.75,23.60,23.60,150,99600
20200512,11:26,23.65,23.85,23.60,23.65,1425,100050
20200512,11:27,23.75,23.75,23.60,23.60,300,100050
20200512,11:28,23.60,24.00,23.55,24.00,2775,100050
20200512,11:29,23.80,23.80,23.30,23.30,825,99600
20200512,11:30,23.20,23.40,23.20,23.40,150,99600
20200512,11:31,23.35,23.75,23.25,23.50,2550,99600
20200512,11:32,23.40,23.40,22.25,22.35,4125,97200
20200512,11:33,22.35,22.65,22.10,22.40,825,97200
20200512,11:34,22.45,22.75,22.15,22.15,3900,97200
20200512,11:35,22.30,22.75,22.25,22.55,2475,95775
20200512,11:36,22.70,22.85,22.15,22.40,6450,95775
20200512,11:37,22.55,22.65,22.45,22.65,1500,95775
20200512,11:38,22.55,23.15,22.55,23.00,3300,92250
20200512,11:39,23.15,23.45,22.75,22.75,4125,92250
20200512,11:40,22.60,22.60,22.40,22.40,825,92250
20200512,11:41,22.70,22.80,22.50,22.55,900,92250
20200512,11:42,22.70,22.75,22.45,22.45,900,88500
20200512,11:43,22.50,22.75,22.50,22.55,2025,88500
20200512,11:44,22.75,22.75,22.35,22.40,1800,89475
20200512,11:45,22.35,22.75,22.35,22.75,750,89475
20200512,11:46,22.65,22.90,22.65,22.85,525,89475
20200512,11:47,22.65,22.75,22.65,22.75,150,88200
20200512,11:48,22.60,22.60,22.60,22.60,300,88200
20200512,11:49,22.70,22.85,22.45,22.75,1050,88200
20200512,11:50,22.70,23.10,22.35,22.50,8400,87675
20200512,11:51,22.90,23.35,22.90,23.35,1650,87675
20200512,11:52,23.30,23.40,23.15,23.15,1800,87675
20200512,11:53,23.20,23.55,23.05,23.35,2550,88200
20200512,11:54,23.10,23.35,23.00,23.35,1125,88200
20200512,11:55,23.35,23.35,23.10,23.10,525,88200
20200512,11:56,23.15,23.15,23.00,23.00,225,88200
20200512,11:57,22.95,23.00,22.95,23.00,225,87000
20200512,11:58,22.75,23.25,22.75,23.25,1350,87000
20200512,11:59,23.00,23.55,23.00,23.55,975,87300
20200512,12:00,23.85,24.00,23.85,24.00,525,87300
20200512,12:01,23.95,23.95,23.95,23.95,150,87300
20200512,12:02,23.90,23.95,23.90,23.95,150,87300
20200512,12:03,23.60,23.80,23.50,23.80,600,87600
20200512,12:04,23.75,23.75,23.60,23.65,900,87600
20200512,12:05,23.65,23.65,23.65,23.65,75,87600
20200512,12:06,23.85,24.00,23.85,24.00,2175,87600
20200512,12:07,24.50,24.55,24.15,24.15,900,87600
20200512,12:08,24.00,24.00,23.95,23.95,150,87600
20200512,12:09,24.10,24.10,24.10,24.10,150,88275
20200512,12:10,23.75,23.75,23.75,23.75,225,88275
20200512,12:11,23.85,24.10,23.85,24.10,600,88275
20200512,12:12,24.15,24.20,24.15,24.20,150,88725
20200512,12:13,24.20,24.20,24.20,24.20,75,88725
20200512,12:15,24.15,24.15,24.00,24.05,225,88650
20200512,12:16,24.05,24.05,24.05,24.05,300,88650
20200512,12:17,24.00,24.20,23.40,23.55,525,88575
20200512,12:18,23.85,23.85,23.30,23.35,300,88575
20200512,12:20,24.15,24.15,24.15,24.15,75,88350
20200512,12:21,23.90,24.05,23.90,23.95,450,88350
20200512,12:22,23.85,23.85,23.85,23.85,225,88350
20200512,12:24,24.05,24.05,23.80,23.90,1800,88500
20200512,12:25,23.80,24.40,23.80,24.15,3150,88500
20200512,12:26,24.15,24.45,24.05,24.45,900,88500
20200512,12:27,24.30,24.35,24.30,24.30,375,88500
20200512,12:28,24.25,24.50,24.25,24.50,1575,88500
20200512,12:29,24.70,24.75,24.70,24.70,900,87825
20200512,12:30,24.75,25.30,24.75,25.15,3600,87825
20200512,12:31,25.20,25.20,24.75,25.05,375,87825
20200512,12:32,24.85,25.45,24.85,25.25,2925,87825
20200512,12:33,25.25,25.45,24.85,25.35,2775,90225
20200512,12:34,25.00,25.80,25.00,25.80,5175,90225
20200512,12:35,25.55,25.75,25.55,25.60,450,90225
20200512,12:36,25.60,25.65,25.20,25.20,5775,92325
20200512,12:37,25.45,25.45,25.45,25.45,150,92325
20200512,12:38,26.00,26.00,25.85,25.95,900,92325
20200512,12:39,25.75,25.75,25.60,25.65,450,93825
20200512,12:40,25.00,25.10,24.95,25.10,1125,93825
20200512,12:41,25.25,25.25,25.05,25.05,150,93825
20200512,12:42,25.10,25.15,25.10,25.15,150,88875
20200512,12:44,25.30,25.30,24.60,24.60,900,87975
20200512,12:45,24.30,24.30,24.00,24.25,3600,87975
20200512,12:46,24.55,24.60,24.50,24.50,3300,87975
20200512,12:47,24.50,25.15,24.50,25.15,1125,87975
20200512,12:48,25.20,25.20,25.05,25.05,225,88725
20200512,12:49,25.20,25.85,25.20,25.85,750,88725
20200512,12:50,25.75,26.50,25.75,26.50,1575,88725
20200512,12:51,26.60,27.20,26.15,27.20,3150,88425
20200512,12:52,26.55,26.80,26.40,26.40,525,88425
20200512,12:53,26.40,26.70,26.40,26.50,375,88425
20200512,12:54,26.25,26.25,26.25,26.25,150,89025
20200512,12:55,26.50,26.50,26.10,26.10,450,89025
20200512,12:56,26.30,26.30,26.30,26.30,150,89025
20200512,12:57,26.20,27.00,26.20,27.00,675,89475
20200512,12:58,26.60,26.70,26.50,26.70,300,89475
20200512,12:59,27.00,27.25,26.85,27.10,1350,89475
20200512,13:00,27.05,29.40,27.05,28.65,6000,89025
20200512,13:01,28.70,28.75,28.25,28.25,1950,89025
20200512,13:02,27.00,27.70,26.65,27.70,1950,89025
20200512,13:03,27.95,28.00,27.60,28.00,1800,89175
20200512,13:04,27.80,29.10,27.80,28.45,4650,89175
20200512,13:05,28.50,30.25,28.50,30.15,3450,89175
20200512,13:06,29.85,29.85,29.20,29.60,1650,89250
20200512,13:07,29.50,29.50,28.60,28.70,3075,89250
20200512,13:08,28.10,28.25,27.00,27.20,3300,89250
20200512,13:09,27.40,28.25,27.40,28.25,5250,89025
20200512,13:10,28.20,28.70,28.20,28.40,525,89025
20200512,13:11,28.25,28.40,28.25,28.40,750,89025
20200512,13:12,28.30,28.35,27.50,28.00,2100,89250
20200512,13:13,28.00,28.40,28.00,28.00,2025,89250
20200512,13:14,27.80,28.00,27.15,27.50,2775,89250
20200512,13:15,27.35,27.85,27.35,27.70,4350,88950
20200512,13:16,28.15,28.70,27.90,28.70,675,88950
20200512,13:17,28.15,28.15,27.50,27.75,375,88950
20200512,13:18,27.65,27.85,27.65,27.85,750,89925
20200512,13:19,27.55,28.40,27.55,28.35,300,89925
20200512,13:20,28.60,29.05,28.55,28.95,1350,89925
20200512,13:21,28.70,29.25,28.50,28.50,450,90000
20200512,13:22,28.05,28.10,27.90,27.90,600,90000
20200512,13:23,27.85,28.55,27.85,28.30,750,90000
20200512,13:24,28.25,28.45,28.10,28.45,450,90225
20200512,13:25,28.05,28.05,27.80,27.80,375,90225
20200512,13:26,27.40,27.60,27.40,27.45,525,90225
20200512,13:27,27.65,27.95,27.55,27.55,600,90675
20200512,13:28,27.55,27.55,27.20,27.20,375,90675
20200512,13:29,26.95,27.00,26.95,27.00,1125,90675
20200512,13:30,27.35,27.35,25.90,26.05,1125,91275
20200512,13:31,25.90,26.35,25.90,26.35,525,91275
20200512,13:32,25.75,25.95,25.55,25.55,1950,91275
20200512,13:33,25.60,25.80,25.00,25.00,1500,91875
20200512,13:34,25.35,25.65,25.05,25.50,2700,91875
20200512,13:35,25.45,26.05,25.35,26.05,900,91875
20200512,13:36,26.10,26.25,25.95,26.25,675,92625
20200512,13:37,26.00,26.00,26.00,26.00,1800,92625
20200512,13:38,25.90,25.90,25.90,25.90,825,92625
20200512,13:39,25.40,25.40,25.25,25.25,225,90900
20200512,13:40,25.00,25.55,25.00,25.55,150,90900
20200512,13:41,25.70,25.80,25.25,25.30,1275,90900
20200512,13:42,25.60,26.40,25.60,26.25,525,90525
20200512,13:43,26.25,27.60,26.10,27.25,2025,90525
20200512,13:44,27.15,27.45,27.15,27.25,900,90525
20200512,13:45,27.20,27.90,27.20,27.90,750,90075
20200512,13:46,28.10,28.75,28.10,28.10,2175,90075
20200512,13:47,27.85,28.40,27.85,28.35,525,90075
20200512,13:48,28.10,28.55,28.05,28.45,1725,90300
20200512,13:49,28.20,28.25,28.20,28.25,225,90300
20200512,13:50,27.50,27.75,27.35,27.60,450,90300
20200512,13:51,28.00,28.30,27.60,27.60,525,90975
20200512,13:52,27.35,27.35,27.35,27.35,300,90975
20200512,13:53,27.20,27.20,26.85,27.10,975,90975
20200512,13:54,26.75,27.45,26.75,27.45,450,91200
20200512,13:56,28.00,28.20,28.00,28.05,975,91200
20200512,13:57,27.65,27.65,26.65,26.65,825,91500
20200512,13:58,27.05,27.05,27.05,27.05,300,91500
20200512,13:59,26.90,27.70,26.90,27.70,750,91500
20200512,14:01,28.00,28.05,28.00,28.05,375,91725
20200512,14:02,27.75,27.90,27.75,27.90,150,91725
20200512,14:03,27.65,28.20,27.65,28.05,375,91950
20200512,14:04,28.05,28.95,28.05,28.55,975,91950
20200512,14:05,28.65,29.30,28.60,28.60,2625,91950
20200512,14:06,28.90,29.00,28.60,28.60,1125,93000
20200512,14:07,28.35,28.35,28.30,28.35,450,93000
20200512,14:08,28.15,28.15,27.75,27.75,750,93000
20200512,14:09,27.45,27.55,27.45,27.55,300,93000
20200512,14:10,27.45,27.45,27.40,27.40,975,93600
20200512,14:11,28.00,28.00,28.00,28.00,225,93600
20200512,14:12,28.10,28.60,27.80,28.60,2925,93225
20200512,14:13,28.55,30.00,28.55,30.00,1800,93225
20200512,14:14,29.75,29.75,29.25,29.50,825,93225
20200512,14:15,29.75,32.15,29.75,30.95,6525,91200
20200512,14:16,31.70,34.80,31.70,32.90,8175,91200
20200512,14:17,33.30,33.30,32.25,32.55,2700,91200
20200512,14:18,32.65,33.30,32.65,32.65,3150,92100
20200512,14:19,32.45,34.15,31.80,34.15,3975,92100
20200512,14:20,34.05,36.55,34.05,36.20,6375,92100
20200512,14:21,36.45,36.65,35.45,36.60,2775,91050
20200512,14:22,37.00,40.00,37.00,39.00,8025,91050
20200512,14:23,38.65,39.25,37.55,37.75,6450,91050
20200512,14:24,37.75,37.85,36.00,36.65,10425,96225
20200512,14:25,36.60,38.15,36.60,37.85,7275,96225
20200512,14:26,38.05,38.05,36.50,36.95,3600,96225
20200512,14:27,36.90,36.90,34.70,35.80,7275,96000
20200512,14:28,36.65,37.25,35.35,35.35,3975,96000
20200512,14:29,35.30,37.70,35.30,36.55,3375,96000
20200512,14:30,37.25,41.60,37.25,41.60,3225,97350
20200512,14:31,41.60,43.10,41.60,42.55,8250,97350
20200512,14:32,42.45,44.60,42.45,44.60,3525,97350
20200512,14:33,44.05,46.40,44.00,44.10,7350,98925
20200512,14:34,44.05,44.60,43.10,43.65,4425,98925
20200512,14:35,43.60,46.85,43.60,46.05,6750,98925
20200512,14:36,46.15,46.15,43.50,44.35,7200,99000
20200512,14:37,44.00,44.50,40.25,40.85,5625,99000
20200512,14:38,40.80,41.00,39.35,41.00,2925,99000
20200512,14:39,41.40,44.35,41.40,42.65,8475,95475
20200512,14:40,43.10,43.90,40.95,41.65,4050,95475
20200512,14:41,41.15,42.45,40.40,41.95,1500,95475
20200512,14:42,42.25,43.00,41.90,43.00,3450,96975
20200512,14:43,43.15,44.30,43.15,44.30,3675,96975
20200512,14:44,44.95,45.85,44.25,45.45,3750,96975
20200512,14:45,44.60,44.60,44.10,44.25,1725,98175
20200512,14:46,44.10,44.45,43.55,43.90,975,98175
20200512,14:47,43.50,44.55,43.50,44.15,2475,98175
20200512,14:48,44.00,44.00,42.90,42.90,2775,98025
20200512,14:49,42.75,44.15,42.75,43.25,1050,98025
20200512,14:50,43.60,44.10,43.10,44.05,1725,98025
20200512,14:51,43.75,46.95,43.75,46.90,2775,99300
20200512,14:52,47.00,47.60,46.20,46.20,5400,99300
20200512,14:53,46.20,47.80,46.20,47.80,675,99300
20200512,14:54,47.80,49.45,47.65,49.00,7275,98400
20200512,14:55,49.65,50.50,47.85,48.15,4500,98400
20200512,14:56,47.90,48.70,47.50,47.70,4050,98400
20200512,14:57,48.00,50.90,48.00,50.25,3150,96150
20200512,14:58,50.40,53.70,50.40,52.90,4800,96150
20200512,14:59,53.50,54.85,53.50,54.45,1725,96150
20200512,15:00,54.05,54.05,51.30,51.55,3075,94725
20200512,15:01,51.60,51.60,48.90,49.10,3150,94725
20200512,15:02,49.25,51.75,49.25,51.05,3675,94725
20200512,15:03,50.60,52.00,50.60,52.00,1875,96450
20200512,15:04,53.25,53.25,51.50,51.50,4875,96450
20200512,15:05,51.60,51.60,48.95,49.35,4200,96450
20200512,15:06,49.50,49.55,48.25,48.35,2850,94725
20200512,15:07,48.50,49.25,47.60,47.60,4050,94725
20200512,15:08,47.35,47.55,45.75,45.75,5550,94725
20200512,15:09,45.75,46.45,45.50,45.50,4200,93225
20200512,15:10,45.35,45.35,43.90,44.00,3450,93225
20200512,15:11,44.80,46.45,44.50,45.55,2625,93225
20200512,15:12,46.10,47.35,45.75,46.95,4650,93150
20200512,15:13,47.25,47.25,45.30,45.30,3150,93150
20200512,15:14,44.85,44.85,43.30,43.90,2625,93150
20200512,15:15,44.05,44.85,44.00,44.20,3000,93975
20200512,15:16,43.90,44.05,43.45,43.60,1200,93975
20200512,15:17,43.70,45.20,43.70,45.20,825,93975
20200512,15:18,46.05,46.80,45.55,46.75,3150,94275
20200512,15:19,46.65,49.00,46.65,49.00,3300,94275
20200512,15:20,48.45,50.75,48.25,50.75,1950,94275
20200512,15:21,50.00,51.60,50.00,50.95,2475,95550
20200512,15:22,49.35,50.40,49.30,50.40,2550,95550
20200512,15:23,50.30,50.75,49.80,49.80,1200,95550
20200512,15:24,50.00,50.35,49.50,49.75,1500,96300
20200512,15:25,49.60,50.55,49.60,50.05,3375,96300
20200512,15:26,50.10,50.75,50.05,50.40,3225,96300
20200512,15:27,50.40,52.00,50.40,51.75,9675,96825
20200512,15:28,50.75,52.00,50.10,51.35,3825,96825
20200512,15:29,50.20,54.90,50.20,51.05,2925,96825
20200513,09:15,132.00,169.95,122.75,128.15,17026,97575
20200513,09:16,129.75,135.00,125.00,126.30,29925,97575
20200513,09:17,123.70,126.45,119.90,119.90,14850,100050
20200513,09:18,119.80,121.60,113.75,114.30,16875,100050
20200513,09:19,115.80,118.40,113.70,117.20,9975,100050
20200513,09:20,117.70,126.25,117.05,126.25,10950,104775
20200513,09:21,125.90,128.75,125.90,127.55,15825,104775
20200513,09:22,127.80,127.80,124.05,126.05,20100,104775
20200513,09:23,126.05,126.05,120.70,120.70,7125,111150
20200513,09:24,120.55,122.00,114.00,114.35,5400,111150
20200513,09:25,113.95,116.70,112.50,113.75,11700,111150
20200513,09:26,113.45,114.10,108.60,112.40,13800,109950
20200513,09:27,112.45,115.90,111.60,115.90,6075,109950
20200513,09:28,115.50,118.20,115.15,118.20,3450,109950
20200513,09:29,118.25,118.25,110.90,113.30,8250,113475
20200513,09:30,113.30,117.90,113.20,115.70,7050,113475
20200513,09:31,115.60,116.35,110.00,110.70,2175,113475
20200513,09:32,110.35,113.50,110.35,111.00,2250,112725
20200513,09:33,110.85,112.20,107.40,112.20,3375,112725
20200513,09:34,112.50,112.50,108.90,110.15,4800,112725
20200513,09:35,108.50,109.40,105.00,105.80,4275,112500
20200513,09:36,106.90,109.95,106.15,109.20,6300,112500
20200513,09:37,107.95,109.60,107.75,109.10,2475,112500
20200513,09:38,108.15,110.35,105.50,105.75,5850,110925
20200513,09:39,106.30,106.50,101.35,101.35,5400,110925
20200513,09:40,100.20,102.25,95.60,96.85,8625,110925
20200513,09:41,96.45,96.85,88.15,90.30,15450,116175
20200513,09:42,90.80,91.30,87.65,89.75,6525,116175
20200513,09:43,90.90,90.90,84.25,85.90,9150,116175
20200513,09:44,87.65,90.00,85.25,88.40,9525,118050
20200513,09:45,88.00,88.00,81.80,83.15,9225,118050
20200513,09:46,82.40,87.85,82.30,87.45,9600,118050
20200513,09:47,87.95,89.10,86.65,89.10,5250,125250
20200513,09:48,87.30,88.50,85.95,87.30,5700,125250
20200513,09:49,86.40,87.95,84.65,86.75,3300,125250
20200513,09:50,87.15,91.75,86.55,91.20,5625,132975
20200513,09:51,90.40,90.80,85.50,88.20,10125,132975
20200513,09:52,87.50,87.50,84.75,85.00,6900,132975
20200513,09:53,85.40,90.00,85.40,87.90,5550,124950
20200513,09:54,87.95,91.50,87.95,90.00,3675,124950
20200513,09:55,90.25,93.00,90.15,90.85,5025,124950
20200513,09:56,91.10,93.10,90.75,91.60,4950,124875
20200513,09:57,91.30,91.30,88.65,89.15,3750,124875
20200513,09:58,87.55,91.80,87.55,89.65,8850,124875
20200513,09:59,89.65,90.00,88.20,88.20,8925,129525
20200513,10:00,88.35,93.35,88.35,90.85,24975,129525
20200513,10:01,91.35,93.75,91.35,92.00,3600,129525
20200513,10:02,91.20,94.40,91.20,93.70,7500,147825
20200513,10:03,93.90,94.25,91.90,92.75,7875,147825
20200513,10:04,92.20,96.50,92.20,95.20,13725,147825
20200513,10:05,94.75,94.80,93.30,93.60,5325,161625
20200513,10:06,93.20,93.60,92.00,93.20,1875,161625
20200513,10:07,93.00,93.30,90.95,92.35,3450,161625
20200513,10:08,92.90,94.25,92.65,94.10,975,161850
20200513,10:09,94.00,96.80,94.00,95.40,5250,161850
20200513,10:10,95.40,98.00,95.20,96.75,2400,161850
20200513,10:11,96.20,98.65,95.95,95.95,8700,163650
20200513,10:12,96.25,96.35,94.60,95.00,12300,163650
20200513,10:13,95.15,96.75,95.15,96.20,2625,163650
20200513,10:14,96.55,96.55,93.50,95.45,14775,173175
20200513,10:15,95.15,95.15,92.65,93.00,3675,173175
20200513,10:16,92.50,92.70,90.85,90.95,8925,173175
20200513,10:17,90.45,90.55,88.35,89.00,12300,190050
20200513,10:18,89.55,93.00,89.50,91.50,24375,190050
20200513,10:19,91.75,93.15,91.05,91.35,9150,190050
20200513,10:20,90.80,92.80,89.85,92.80,2775,212775
20200513,10:21,92.75,96.10,92.55,95.35,7500,212775
20200513,10:22,95.35,96.40,93.40,94.00,13200,212775
20200513,10:23,94.65,96.00,94.20,95.75,5625,223950
20200513,10:24,95.50,96.00,94.10,96.00,2175,223950
20200513,10:25,95.90,100.15,95.90,99.40,8775,223950
20200513,10:26,99.55,100.20,98.60,99.65,8475,229950
20200513,10:27,99.40,99.40,96.65,97.50,5625,229950
20200513,10:28,98.75,99.50,97.55,98.00,4425,229950
20200513,10:29,97.25,98.90,96.55,98.90,7350,236025
20200513,10:30,98.90,101.60,98.90,100.05,4350,236025
20200513,10:31,98.90,99.65,98.30,98.75,5325,236025
20200513,10:32,98.45,100.90,98.45,100.25,2250,235650
20200513,10:33,99.45,99.45,98.30,98.30,1350,235650
20200513,10:34,98.80,99.45,98.00,98.00,900,235650
20200513,10:35,98.65,98.95,98.65,98.95,225,235350
20200513,10:36,100.85,101.00,100.00,100.00,1425,235350
20200513,10:37,101.00,103.60,101.00,102.20,3825,235350
20200513,10:38,102.45,104.00,102.15,102.45,1425,232650
20200513,10:39,103.15,104.90,103.15,104.90,2175,232650
20200513,10:40,105.00,105.00,102.00,102.15,2625,232650
20200513,10:41,102.15,102.45,101.85,102.00,675,231675
20200513,10:42,101.95,103.75,101.90,103.20,1800,231675
20200513,10:43,103.20,103.20,102.00,102.15,1350,231675
20200513,10:44,103.00,103.70,102.60,103.00,5025,232950
20200513,10:45,103.80,103.80,100.50,101.50,4350,232950
20200513,10:46,102.35,103.10,101.25,102.45,6825,232950
20200513,10:47,101.00,101.00,100.00,100.15,2625,237000
20200513,10:48,98.25,99.40,98.25,99.40,1875,237000
20200513,10:49,98.85,100.15,98.85,99.50,3075,237000
20200513,10:50,99.45,99.60,99.45,99.55,900,237000
20200513,10:51,100.15,101.60,99.65,101.50,3900,237000
20200513,10:52,101.25,102.30,101.25,101.65,1350,237000
20200513,10:53,101.60,101.60,100.40,100.80,2325,240825
20200513,10:54,101.00,102.00,100.90,101.75,900,240825
20200513,10:55,101.65,102.95,101.65,102.05,1200,240825
20200513,10:56,102.05,102.05,101.25,101.25,1200,240750
20200513,10:57,101.35,101.70,101.00,101.30,3975,240750
20200513,10:58,101.75,102.05,101.30,101.40,1425,240750
20200513,10:59,101.65,101.90,100.40,101.00,4875,244500
20200513,11:00,102.15,103.00,102.00,102.70,1125,244500
20200513,11:01,101.30,103.00,101.30,103.00,525,244500
20200513,11:02,102.80,105.00,101.85,104.80,3375,244575
20200513,11:03,104.25,104.80,103.40,103.70,3825,244575
20200513,11:04,103.20,103.65,102.85,102.85,2700,244575
20200513,11:05,103.45,103.45,102.00,102.45,975,247425
20200513,11:06,102.05,102.05,100.70,100.80,3150,247425
20200513,11:07,101.00,102.00,101.00,101.90,375,247425
20200513,11:08,102.55,106.15,102.55,105.10,2250,247425
20200513,11:09,105.30,107.00,105.00,107.00,1725,247425
20200513,11:10,106.40,107.05,105.15,105.30,4275,247425
20200513,11:11,104.75,106.05,104.10,106.05,3750,243450
20200513,11:12,105.95,105.95,103.75,104.65,2025,243450
20200513,11:13,104.85,104.85,102.00,102.00,1275,243450
20200513,11:14,103.20,103.55,103.05,103.55,450,242850
20200513,11:15,103.95,104.10,103.25,104.00,600,242850
20200513,11:16,103.85,105.75,103.85,105.35,1950,242850
20200513,11:17,105.10,105.55,103.75,103.75,1050,242850
20200513,11:18,104.45,104.95,103.15,103.15,2025,242850
20200513,11:19,102.35,103.65,102.00,102.00,2550,242850
20200513,11:20,102.15,103.50,100.70,103.00,5250,244500
20200513,11:21,103.00,103.85,101.95,103.05,2550,244500
20200513,11:22,103.35,103.45,101.35,102.35,3300,244500
20200513,11:23,101.55,103.95,101.55,103.15,2475,246825
20200513,11:24,103.75,105.35,101.45,101.45,1200,246825
20200513,11:25,101.60,102.45,100.90,101.60,1500,246825
20200513,11:26,101.85,102.10,100.10,100.10,4125,246225
20200513,11:27,100.15,101.60,99.00,99.50,3600,246225
20200513,11:28,99.40,99.55,97.55,98.20,3750,246225
20200513,11:29,98.35,99.15,97.75,98.65,1350,244800
20200513,11:30,97.95,98.55,96.80,96.85,2175,244800
20200513,11:31,95.70,96.55,95.00,95.30,4350,244800
20200513,11:32,95.00,95.00,92.15,93.65,3000,243375
20200513,11:33,93.10,95.50,93.10,95.50,1500,243375
20200513,11:34,96.75,97.00,96.55,96.55,525,243375
20200513,11:35,96.10,98.00,96.10,96.70,3150,243300
20200513,11:36,96.65,97.40,96.00,96.65,2925,243300
20200513,11:37,96.60,97.05,95.20,96.20,975,243300
20200513,11:38,95.80,95.80,94.60,95.30,1125,243300
20200513,11:39,96.35,96.45,95.45,96.45,975,240600
20200513,11:40,96.30,99.15,96.30,99.15,1575,240600
20200513,11:41,99.00,100.60,99.00,100.60,1275,240900
20200513,11:42,100.70,101.05,100.20,100.20,3300,240900
20200513,11:43,101.00,101.05,99.55,100.35,1950,240900
20200513,11:44,100.35,100.35,99.20,99.20,300,240900
20200513,11:45,99.60,102.00,99.60,102.00,1950,244575
20200513,11:46,103.00,103.00,100.35,100.75,2025,244575
20200513,11:47,101.00,101.70,100.85,101.70,4200,245775
20200513,11:48,101.05,101.35,100.95,100.95,1125,245775
20200513,11:49,100.60,101.40,100.00,100.00,1650,245775
20200513,11:50,100.50,101.30,99.30,99.65,4425,250125
20200513,11:51,100.00,101.60,99.95,101.60,450,250125
20200513,11:52,101.35,101.90,101.35,101.45,900,250125
20200513,11:53,101.65,102.55,101.65,102.55,1500,250425
20200513,11:54,101.55,101.70,100.00,100.00,3075,250425
20200513,11:55,100.60,101.80,100.45,101.80,675,250425
20200513,11:56,101.55,101.55,99.35,99.95,1500,250425
20200513,11:57,99.70,100.65,99.70,99.85,1200,251925
20200513,11:58,99.30,99.90,98.45,99.05,3000,251925
20200513,11:59,99.15,100.00,99.15,99.65,525,253200
20200513,12:00,100.00,100.60,99.80,99.80,225,253200
20200513,12:01,100.20,100.25,100.20,100.25,750,253200
20200513,12:02,101.00,102.45,101.00,102.45,1575,254475
20200513,12:03,102.55,102.55,100.95,101.00,1500,254475
20200513,12:04,100.65,100.65,97.80,97.90,1800,254475
20200513,12:05,97.95,97.95,95.70,96.55,1725,255075
20200513,12:06,96.00,98.70,96.00,98.25,2700,255075
20200513,12:07,98.55,98.55,98.55,98.55,300,255075
20200513,12:08,98.55,98.85,98.00,98.65,975,254025
20200513,12:09,98.60,98.60,97.95,97.95,450,254025
20200513,12:10,97.80,98.00,97.00,98.00,1725,254025
20200513,12:11,98.00,99.65,98.00,98.60,1725,255000
20200513,12:12,100.00,100.00,99.20,99.20,600,255000
20200513,12:13,99.55,99.90,98.20,98.75,5250,255000
20200513,12:14,99.35,100.00,99.35,99.35,300,255000
20200513,12:15,98.50,99.85,98.50,99.85,750,256350
20200513,12:16,100.00,100.20,100.00,100.00,900,256350
20200513,12:17,98.85,98.85,96.60,97.15,3150,256650
20200513,12:18,97.35,97.40,96.00,96.00,1800,256650
20200513,12:19,97.25,97.25,95.80,96.00,675,256650
20200513,12:20,95.60,96.25,94.40,95.75,3750,256650
20200513,12:21,97.80,98.25,97.25,97.60,1575,258000
20200513,12:22,97.60,98.15,97.00,97.00,1425,258000
20200513,12:23,96.75,96.75,96.75,96.75,75,258900
20200513,12:24,96.75,97.60,96.55,97.60,225,258900
20200513,12:25,97.70,99.20,97.70,99.00,975,258900
20200513,12:26,98.75,98.80,98.60,98.75,525,258900
20200513,12:27,98.95,100.10,98.80,99.20,1275,259275
20200513,12:28,99.15,99.40,98.80,99.20,1575,259275
20200513,12:29,98.00,98.40,98.00,98.40,375,258225
20200513,12:30,97.70,98.45,97.05,98.30,675,258225
20200513,12:31,98.40,98.40,96.50,97.70,2025,258225
20200513,12:32,97.40,97.50,96.50,96.80,1125,258225
20200513,12:33,96.65,97.45,96.60,97.45,450,258225
20200513,12:34,96.70,96.70,96.00,96.65,825,258225
20200513,12:35,97.85,97.85,97.70,97.70,675,258225
20200513,12:36,96.65,97.10,95.60,96.55,2175,259575
20200513,12:37,96.00,96.75,95.80,96.10,525,259575
20200513,12:38,95.95,97.30,95.60,97.30,1050,259575
20200513,12:39,96.50,96.50,96.50,96.50,75,259050
20200513,12:40,96.50,96.55,96.25,96.40,675,259050
20200513,12:41,96.00,96.00,94.20,94.20,1125,259050
20200513,12:42,94.70,95.05,92.05,92.65,2625,259575
20200513,12:43,91.80,93.45,91.80,93.00,675,259575
20200513,12:44,92.45,92.45,91.00,91.25,1125,259800
20200513,12:45,91.00,91.00,88.75,89.60,4275,259800
20200513,12:46,90.00,92.35,90.00,91.70,1500,259800
20200513,12:47,92.50,93.00,92.00,92.05,825,259800
20200513,12:48,92.95,92.95,89.80,90.05,7425,261825
20200513,12:49,90.70,91.70,90.00,91.40,2925,261825
20200513,12:50,91.55,91.55,89.65,90.00,1725,261825
20200513,12:51,91.30,93.05,90.75,92.70,1875,267825
20200513,12:52,92.95,94.35,92.95,94.00,3075,267825
20200513,12:53,95.00,95.25,93.60,94.30,3525,267825
20200513,12:54,94.80,94.80,93.40,93.55,2550,271950
20200513,12:55,93.40,95.00,93.00,94.50,1050,271950
20200513,12:56,93.00,93.60,92.25,93.60,1725,271950
20200513,12:57,92.50,93.60,91.90,93.45,1200,273750
20200513,12:58,95.00,96.30,95.00,95.10,600,273750
20200513,12:59,94.60,94.60,93.30,94.00,600,273750
20200513,13:00,93.35,93.50,92.50,92.70,1650,271500
20200513,13:01,92.60,93.70,92.05,92.40,375,271500
20200513,13:02,90.70,92.85,90.65,92.10,2850,273525
20200513,13:03,91.95,92.75,91.20,92.15,1575,273525
20200513,13:04,91.80,91.80,90.15,90.45,2100,273525
20200513,13:05,90.35,92.00,90.05,91.25,7725,273525
20200513,13:06,91.00,92.65,90.60,92.60,6300,273750
20200513,13:07,92.95,92.95,91.75,91.90,4350,273750
20200513,13:08,90.60,91.55,90.25,90.25,3075,273750
20200513,13:09,90.55,91.45,88.90,91.45,4800,276000
20200513,13:10,90.90,91.50,89.00,90.45,3450,276000
20200513,13:11,90.10,90.10,88.60,89.45,2550,276000
20200513,13:12,89.10,90.90,88.70,90.90,3150,279075
20200513,13:13,91.40,92.00,91.30,91.30,1275,279075
20200513,13:14,91.30,91.75,90.25,91.75,450,279075
20200513,13:15,91.80,91.80,89.10,89.10,1425,280950
20200513,13:16,88.40,90.85,87.65,90.85,3450,280950
20200513,13:17,90.90,91.95,90.60,91.95,1125,280950
20200513,13:18,92.05,92.80,91.65,92.40,2100,279450
20200513,13:19,92.70,94.15,92.25,94.15,2325,279450
20200513,13:20,93.75,95.50,93.75,95.25,1950,279450
20200513,13:21,95.60,96.40,95.00,96.15,3900,281700
20200513,13:22,96.10,96.60,94.90,96.15,1575,281700
20200513,13:23,96.40,98.00,95.55,96.50,5250,281700
20200513,13:24,98.00,98.75,97.40,97.50,2700,282450
20200513,13:25,97.30,98.10,95.50,98.00,2025,282450
20200513,13:26,98.10,100.00,98.10,100.00,1575,282450
20200513,13:27,99.95,101.00,98.90,99.80,3150,284325
20200513,13:28,98.85,98.85,97.05,97.65,3750,284325
20200513,13:29,97.35,99.00,97.35,98.85,2175,284325
20200513,13:30,99.00,99.00,97.00,97.50,4725,286425
20200513,13:31,97.00,97.55,95.60,97.50,1125,286425
20200513,13:32,97.05,97.35,96.35,97.35,3675,286425
20200513,13:33,96.55,98.40,96.55,97.75,1575,291225
20200513,13:34,97.75,99.40,97.75,99.40,4050,291225
20200513,13:35,100.00,101.50,99.20,100.65,2175,291225
20200513,13:36,100.75,101.30,99.85,100.45,825,285075
20200513,13:37,99.80,99.80,98.45,98.80,2550,285075
20200513,13:38,98.60,98.60,97.00,97.95,1425,285075
20200513,13:39,98.05,99.55,98.05,98.20,450,286650
20200513,13:40,97.85,100.00,97.85,99.95,525,286650
20200513,13:41,99.95,100.05,99.80,100.05,300,286650
20200513,13:42,100.00,100.05,99.50,99.70,1425,286650
20200513,13:43,100.00,100.00,99.50,99.75,300,286650
20200513,13:44,99.00,101.00,98.70,101.00,2550,286650
20200513,13:45,100.65,101.75,100.65,101.00,3300,288525
20200513,13:46,101.30,102.70,101.30,102.20,2475,288525
20200513,13:47,100.30,102.40,100.30,101.70,750,288525
20200513,13:48,102.15,103.00,101.00,101.45,2100,288975
20200513,13:49,100.60,100.60,100.35,100.35,375,288975
20200513,13:50,100.00,100.00,98.60,99.10,750,288975
20200513,13:51,98.40,102.05,98.40,101.05,4800,290025
20200513,13:52,101.00,104.05,101.00,103.95,2475,290025
20200513,13:53,104.00,104.00,102.35,103.60,1125,290025
20200513,13:54,103.95,104.85,101.90,101.90,2700,293475
20200513,13:55,101.60,102.25,101.00,101.00,1725,293475
20200513,13:56,101.30,103.00,101.30,101.50,6300,293475
20200513,13:57,101.60,101.60,100.25,101.20,1350,296625
20200513,13:58,101.25,102.40,101.25,102.25,1875,296625
20200513,13:59,100.85,102.55,100.60,102.55,4875,296625
20200513,14:00,103.00,104.00,102.10,103.20,8700,297975
20200513,14:01,103.25,104.60,103.10,104.55,1050,297975
20200513,14:02,104.40,105.70,104.35,104.70,2550,297975
20200513,14:03,104.70,104.80,103.65,104.65,1200,302250
20200513,14:04,104.65,105.95,104.65,105.00,5625,302250
20200513,14:05,105.10,106.40,104.00,104.45,5850,302250
20200513,14:06,105.30,105.30,102.80,103.65,2475,307125
20200513,14:07,102.40,102.55,99.20,99.85,4500,307125
20200513,14:08,100.15,101.10,100.15,100.85,3975,307125
20200513,14:09,100.15,100.15,94.70,97.45,4425,309750
20200513,14:10,97.60,98.00,94.85,94.95,3525,309750
20200513,14:11,96.00,97.70,94.20,97.50,3375,309750
20200513,14:12,96.85,98.60,96.85,98.15,5025,311100
20200513,14:13,99.65,99.65,96.95,97.15,3225,311100
20200513,14:14,98.30,99.00,97.40,98.80,3675,311100
20200513,14:15,99.40,99.40,97.05,98.45,1875,317700
20200513,14:16,100.20,101.00,98.45,99.90,4125,317700
20200513,14:17,99.25,100.45,98.50,99.95,3450,317700
20200513,14:18,99.10,100.00,97.90,100.00,4725,321150
20200513,14:19,99.90,100.15,98.60,99.10,2325,321150
20200513,14:20,98.85,101.00,98.85,100.45,2625,321150
20200513,14:21,100.25,100.25,98.25,98.50,9975,326175
20200513,14:22,98.75,99.00,97.50,97.65,4875,326175
20200513,14:23,98.05,98.05,96.40,96.40,9600,326175
20200513,14:24,96.75,98.40,96.30,97.35,10200,334875
20200513,14:25,97.15,98.80,96.60,97.10,14475,334875
20200513,14:26,97.70,100.15,97.20,97.20,12150,334875
20200513,14:27,97.60,98.80,97.20,98.80,7125,343200
20200513,14:28,99.00,101.60,98.95,100.70,12675,343200
20200513,14:29,101.55,103.70,101.15,102.55,10425,343200
20200513,14:30,102.40,102.95,100.35,100.35,8550,361875
20200513,14:31,100.95,101.75,99.00,99.20,7500,361875
20200513,14:32,100.00,101.40,98.85,98.85,7650,361875
20200513,14:33,98.95,100.15,98.00,99.05,5400,364050
20200513,14:34,98.75,100.10,98.45,99.40,4125,364050
20200513,14:35,99.80,101.60,99.65,101.05,2400,364050
20200513,14:36,101.00,103.00,100.10,101.50,5925,368400
20200513,14:37,102.00,102.20,100.25,101.25,3375,368400
20200513,14:38,101.90,102.40,100.65,102.40,4425,368400
20200513,14:39,102.40,103.20,99.00,99.00,4950,366225
20200513,14:40,99.65,100.80,97.20,97.20,5250,366225
20200513,14:41,97.10,99.60,96.90,96.90,4350,366225
20200513,14:42,98.10,98.10,96.75,98.00,3150,368550
20200513,14:43,97.80,99.85,97.65,98.75,4125,368550
20200513,14:44,98.10,99.60,98.05,98.10,3825,368550
20200513,14:45,97.75,98.70,97.50,98.00,3675,371925
20200513,14:46,99.40,100.00,98.25,98.25,3525,371925
20200513,14:47,98.10,99.80,98.10,98.80,3750,371925
20200513,14:48,99.30,100.45,98.80,100.25,3300,372300
20200513,14:49,100.70,102.00,99.45,101.40,3750,372300
20200513,14:50,101.00,101.70,99.80,100.10,2175,372300
20200513,14:51,100.60,101.25,100.35,100.60,2850,374700
20200513,14:52,101.00,101.00,99.00,99.35,3150,374700
20200513,14:53,99.20,99.65,97.65,99.50,9300,374700
20200513,14:54,99.15,100.25,99.15,100.25,3300,380325
20200513,14:55,100.35,101.40,100.05,100.60,2925,380325
20200513,14:56,100.35,100.45,98.80,100.20,2025,380325
20200513,14:57,99.55,100.05,98.00,98.00,5400,382425
20200513,14:58,98.30,98.70,95.50,96.20,6375,382425
20200513,14:59,95.75,95.75,92.45,94.85,11325,382425
20200513,15:00,94.55,95.40,92.00,95.30,10725,386625
20200513,15:01,94.60,100.20,94.60,98.95,8925,386625
20200513,15:02,98.65,100.65,98.35,98.70,3375,386625
20200513,15:03,99.00,101.25,98.50,100.80,7800,390000
20200513,15:04,100.10,102.15,99.60,102.15,10575,390000
20200513,15:05,102.20,104.00,101.15,103.55,14175,390000
20200513,15:06,103.35,103.35,101.00,101.40,6300,402375
20200513,15:07,100.55,102.65,100.55,102.25,3300,402375
20200513,15:08,102.25,102.95,101.95,102.00,6150,402375
20200513,15:09,102.45,103.50,102.45,103.25,4500,403950
20200513,15:10,102.95,104.20,102.05,102.65,7950,403950
20200513,15:11,103.00,103.00,100.60,100.75,8025,403950
20200513,15:12,100.60,101.95,100.30,100.65,6525,411525
20200513,15:13,100.55,102.00,100.55,101.30,3150,411525
20200513,15:14,100.90,102.00,100.40,101.70,2625,411525
20200513,15:15,101.80,102.30,101.00,101.50,5850,414450
20200513,15:16,101.50,102.60,101.00,101.60,11400,414450
20200513,15:17,101.80,102.00,101.00,101.55,5700,414450
20200513,15:18,101.50,102.60,101.50,102.00,3750,421200
20200513,15:19,102.45,102.65,101.50,101.55,7425,421200
20200513,15:20,102.00,102.85,101.55,102.50,14700,421200
20200513,15:21,102.50,103.00,101.70,101.70,8400,429300
20200513,15:22,102.30,102.50,101.50,102.45,5700,429300
20200513,15:23,102.30,102.30,101.25,101.30,4575,429300
20200513,15:24,101.45,102.45,101.45,102.35,4725,434400
20200513,15:25,102.40,102.40,101.25,101.80,12450,434400
20200513,15:26,101.85,102.50,101.30,101.90,11925,434400
20200513,15:27,101.75,102.55,101.50,102.40,11325,441375
20200513,15:28,102.05,103.95,102.05,103.75,23850,441375
20200513,15:29,103.15,104.80,103.15,104.80,10200,441375
20200513,15:30,104.80,104.80,104.80,104.80,75,441375
20200514,09:15,42.10,58.95,42.10,51.75,15076,442200
20200514,09:16,51.55,53.75,50.95,53.75,14475,442200
20200514,09:17,53.80,55.35,53.00,53.45,29250,439800
20200514,09:18,53.05,54.05,52.70,53.30,19800,439800
20200514,09:19,53.35,54.30,52.80,53.40,15525,439800
20200514,09:20,53.30,53.30,50.75,51.25,25200,440175
20200514,09:21,51.85,52.05,50.40,50.50,17175,440175
20200514,09:22,50.65,51.00,50.00,50.85,14550,440175
20200514,09:23,50.45,51.65,50.25,51.10,15450,436200
20200514,09:24,51.35,52.85,51.35,51.80,16050,436200
20200514,09:25,51.75,53.25,51.20,51.75,20550,436200
20200514,09:26,51.65,52.35,51.05,51.50,6225,444900
20200514,09:27,51.20,51.90,50.45,51.25,14400,444900
20200514,09:28,51.30,52.75,51.00,51.50,9900,444900
20200514,09:29,51.50,52.20,51.00,51.00,9225,444450
20200514,09:30,51.30,52.20,50.95,52.00,10125,444450
20200514,09:31,52.00,52.20,51.00,51.10,8550,444450
20200514,09:32,51.20,52.00,51.00,51.00,5325,444375
20200514,09:33,51.00,51.00,49.30,49.80,9675,444375
20200514,09:34,49.30,50.10,48.10,49.00,16575,444375
20200514,09:35,48.70,49.55,48.25,49.50,5475,450675
20200514,09:36,49.65,50.00,48.50,48.55,7050,450675
20200514,09:37,48.85,48.85,47.35,47.40,16275,450675
20200514,09:38,47.45,48.20,46.65,47.05,5175,435375
20200514,09:39,47.00,48.20,47.00,47.70,5925,435375
20200514,09:40,47.55,47.85,46.80,46.95,3675,435375
20200514,09:41,47.30,47.50,46.25,46.60,8475,434025
20200514,09:42,46.60,47.50,46.35,47.50,2325,434025
20200514,09:43,47.60,48.00,46.90,47.75,12150,434025
20200514,09:44,47.45,48.05,46.80,47.65,13725,437400
20200514,09:45,47.90,47.90,45.80,46.30,19950,437400
20200514,09:46,46.10,46.75,45.70,45.80,12825,437400
20200514,09:47,45.70,46.40,45.35,45.75,9525,449475
20200514,09:48,46.20,46.30,44.65,44.65,10200,449475
20200514,09:49,45.25,45.25,43.85,44.65,18000,449475
20200514,09:50,44.65,44.65,43.60,44.55,9225,459075
20200514,09:51,44.55,45.55,44.45,45.45,12450,459075
20200514,09:52,45.20,45.50,44.80,45.30,4575,459075
20200514,09:53,45.15,45.35,44.45,44.45,5325,464925
20200514,09:54,45.15,45.15,44.30,44.40,4875,464925
20200514,09:55,44.50,44.55,41.90,42.70,28650,464925
20200514,09:56,42.80,43.45,41.80,43.40,38175,497475
20200514,09:57,43.25,43.25,42.60,42.60,12525,497475
20200514,09:58,42.50,42.75,41.60,41.90,15075,497475
20200514,09:59,41.35,42.00,41.20,41.65,6300,493200
20200514,10:00,41.15,41.40,40.00,40.15,14850,493200
20200514,10:01,39.95,40.70,39.95,40.60,8025,493200
20200514,10:02,40.75,41.00,40.00,40.20,11400,490800
20200514,10:03,40.05,40.05,39.35,39.90,4500,490800
20200514,10:04,39.55,39.70,38.80,39.55,11250,490800
20200514,10:05,39.45,40.05,39.15,40.00,8100,489750
20200514,10:06,40.10,40.80,39.95,40.35,6000,489750
20200514,10:07,40.40,41.05,40.15,40.20,15450,489750
20200514,10:08,40.70,41.20,40.00,40.65,30900,498675
20200514,10:09,40.75,41.05,40.55,41.05,8475,498675
20200514,10:10,41.10,41.20,40.35,40.40,19050,498675
20200514,10:11,40.35,40.35,40.05,40.05,5850,520125
20200514,10:12,40.10,40.35,39.55,39.70,3375,520125
20200514,10:13,39.70,39.95,39.25,39.70,11100,520125
20200514,10:14,39.50,40.15,39.20,39.75,9900,516750
20200514,10:15,39.50,39.60,37.65,38.55,11475,516750
20200514,10:16,38.25,39.00,38.15,38.85,5025,516750
20200514,10:17,38.65,38.65,37.95,38.15,11400,513300
20200514,10:18,38.00,38.70,37.90,38.35,6975,513300
20200514,10:19,38.25,39.00,38.20,38.85,5250,513300
20200514,10:20,39.15,39.80,39.00,39.25,5925,507300
20200514,10:21,39.15,39.60,39.00,39.45,5850,507300
20200514,10:22,39.40,40.00,39.10,39.80,5025,507300
20200514,10:23,39.70,39.75,38.15,38.15,6075,506475
20200514,10:24,38.35,38.35,36.40,36.55,11550,506475
20200514,10:25,36.50,36.60,35.10,35.55,9525,506475
20200514,10:26,35.50,36.35,35.30,36.30,11100,501525
20200514,10:27,35.85,35.85,34.25,35.45,7725,501525
20200514,10:28,34.95,35.50,34.75,34.80,10200,501525
20200514,10:29,34.65,36.00,34.30,36.00,6075,504000
20200514,10:30,35.85,35.90,34.95,35.85,7350,504000
20200514,10:31,35.85,37.20,35.60,37.05,10500,504000
20200514,10:32,37.05,37.35,36.75,36.80,7350,503400
20200514,10:33,36.85,37.15,36.60,37.00,11325,503400
20200514,10:34,37.20,37.50,36.70,36.80,5175,503400
20200514,10:35,37.05,37.50,36.60,37.20,3375,504900
20200514,10:36,37.40,37.70,37.10,37.70,7650,504900
20200514,10:37,37.85,37.85,37.00,37.75,6975,504900
20200514,10:38,38.45,39.15,38.30,38.95,7275,508800
20200514,10:39,38.60,39.00,38.60,38.85,4575,508800
20200514,10:40,38.55,38.95,38.35,38.65,1950,508800
20200514,10:41,38.85,40.00,38.65,39.65,7125,507600
20200514,10:42,39.75,39.95,39.30,39.90,5250,507600
20200514,10:43,39.70,39.70,39.00,39.55,7425,507600
20200514,10:44,39.70,39.85,39.20,39.70,3750,507150
20200514,10:45,39.45,39.45,38.30,38.65,3675,507150
20200514,10:46,38.45,38.45,37.60,37.75,8025,507150
20200514,10:47,37.70,38.00,37.50,37.75,2400,504300
20200514,10:48,37.75,37.75,37.25,37.30,675,504300
20200514,10:49,37.20,37.20,36.80,36.90,1050,504300
20200514,10:50,37.00,37.20,36.80,37.05,4200,504225
20200514,10:51,37.25,37.85,37.05,37.85,2550,504225
20200514,10:52,37.80,38.50,37.80,38.45,2700,504225
20200514,10:53,38.25,39.05,38.25,38.80,3600,504150
20200514,10:54,38.85,39.20,38.55,38.80,4125,504150
20200514,10:55,38.50,38.80,38.50,38.55,5400,504150
20200514,10:56,38.70,38.70,38.00,38.55,1875,504450
20200514,10:57,38.60,39.50,38.60,39.35,2325,504450
20200514,10:58,39.60,39.60,39.05,39.30,5175,504450
20200514,10:59,39.20,39.75,39.00,39.55,7500,500850
20200514,11:00,39.50,40.05,38.55,38.55,2700,500850
20200514,11:01,38.45,38.55,38.20,38.35,1950,500850
20200514,11:02,38.55,38.55,38.10,38.15,975,498750
20200514,11:03,38.15,38.35,37.90,38.20,6075,498750
20200514,11:04,38.00,38.15,37.45,37.65,2325,498750
20200514,11:05,37.70,38.25,37.45,38.25,2850,497475
20200514,11:06,38.25,38.25,38.05,38.05,4500,497475
20200514,11:07,37.90,38.25,37.90,38.25,1350,497475
20200514,11:08,38.35,38.35,37.30,37.35,2175,496725
20200514,11:09,37.15,37.75,37.15,37.65,3675,496725
20200514,11:10,37.35,37.50,36.90,37.50,3900,496725
20200514,11:11,37.50,37.90,37.50,37.75,1200,494700
20200514,11:12,37.80,38.15,37.65,38.00,4275,494700
20200514,11:13,38.05,38.90,38.00,38.00,4275,494700
20200514,11:14,38.25,39.05,38.25,39.05,1875,495150
20200514,11:15,38.75,38.85,38.65,38.85,1125,495150
20200514,11:16,38.85,38.95,38.55,38.95,5775,495150
20200514,11:17,38.90,39.55,38.90,39.40,4950,495075
20200514,11:18,39.30,39.45,39.20,39.20,900,495075
20200514,11:19,38.85,38.90,38.50,38.50,1125,495075
20200514,11:20,38.60,38.80,38.50,38.75,900,494175
20200514,11:21,38.75,38.85,38.65,38.80,1275,494175
20200514,11:22,38.90,39.40,38.65,39.40,2475,494175
20200514,11:23,39.40,39.50,39.00,39.30,1650,494175
20200514,11:24,39.75,39.90,38.90,38.90,5100,494175
20200514,11:25,38.80,39.00,38.45,39.00,1800,494175
20200514,11:26,39.20,39.25,38.75,38.75,2775,493875
20200514,11:27,38.50,39.25,38.50,38.75,1275,493875
20200514,11:28,39.00,39.15,38.65,38.70,1425,493875
20200514,11:29,38.65,38.65,38.35,38.35,1500,494475
20200514,11:30,38.35,38.80,37.85,38.80,3600,494475
20200514,11:31,38.60,38.60,37.70,37.90,5325,494475
20200514,11:32,37.95,38.20,37.75,37.80,2325,493200
20200514,11:33,37.85,37.85,37.40,37.80,3150,493200
20200514,11:34,37.65,37.95,36.75,36.75,12750,493200
20200514,11:35,36.50,36.85,36.25,36.50,14700,497625
20200514,11:36,36.45,37.10,36.15,37.10,2775,497625
20200514,11:37,36.90,37.70,36.90,37.55,6900,497625
20200514,11:38,37.45,37.45,37.15,37.45,675,497625
20200514,11:39,37.45,37.45,37.05,37.30,2100,497400
20200514,11:40,37.15,38.25,37.15,37.95,6375,497400
20200514,11:41,38.00,38.35,38.00,38.15,4650,502050
20200514,11:42,38.20,38.35,38.00,38.10,4725,502050
20200514,11:43,38.15,38.15,37.50,37.60,3000,502050
20200514,11:44,37.65,37.90,37.65,37.75,3750,504000
20200514,11:45,37.80,38.30,37.65,38.00,5475,504000
20200514,11:46,37.85,38.10,37.70,37.85,3375,504000
20200514,11:47,37.85,38.05,37.80,38.05,600,506475
20200514,11:48,38.15,38.35,38.00,38.15,3150,506475
20200514,11:49,38.45,38.45,37.80,38.00,2475,506475
20200514,11:50,38.15,38.25,37.85,38.20,1875,508500
20200514,11:51,38.30,38.70,38.15,38.15,8025,508500
20200514,11:52,38.45,38.75,38.35,38.35,2925,508500
20200514,11:53,38.50,38.95,38.50,38.65,2250,507300
20200514,11:54,38.60,38.80,38.45,38.60,2850,507300
20200514,11:55,38.55,38.55,38.25,38.45,900,507300
20200514,11:56,38.45,38.45,38.20,38.25,1950,508350
20200514,11:57,38.20,38.70,38.20,38.65,2250,508350
20200514,11:58,38.75,38.95,38.60,38.95,4725,508350
20200514,11:59,38.70,38.80,38.20,38.20,2775,508800
20200514,12:00,38.45,39.50,38.45,39.40,3525,508800
20200514,12:01,39.60,40.00,39.35,39.35,2025,508800
20200514,12:02,39.65,39.90,39.00,39.25,2250,508800
20200514,12:03,39.65,40.05,39.45,39.45,1275,508800
20200514,12:04,39.10,39.35,38.80,38.85,2925,508800
20200514,12:05,39.05,39.05,38.20,38.20,3225,510975
20200514,12:06,38.00,38.80,38.00,38.70,825,510975
20200514,12:07,38.70,38.75,38.25,38.25,450,510975
20200514,12:08,38.25,38.40,38.00,38.15,2325,512175
20200514,12:09,38.00,38.70,38.00,38.40,2850,512175
20200514,12:10,38.70,39.95,38.70,39.55,7650,512175
20200514,12:11,39.70,39.70,39.00,39.05,1125,517125
20200514,12:12,38.95,39.00,38.35,38.95,3600,517125
20200514,12:13,39.00,39.05,38.45,38.45,1800,517125
20200514,12:14,38.65,39.10,38.65,39.10,450,517125
20200514,12:15,38.80,38.80,37.75,37.90,2625,519300
20200514,12:16,37.95,38.10,37.80,37.80,1350,519300
20200514,12:17,37.75,37.95,37.65,37.65,1350,519300
20200514,12:18,37.75,37.75,36.90,37.30,5175,520650
20200514,12:19,37.20,38.00,37.15,38.00,1575,520650
20200514,12:20,37.80,38.00,37.50,37.95,1575,520650
20200514,12:21,38.10,38.95,37.95,38.75,2700,522900
20200514,12:22,38.35,38.60,38.20,38.40,4500,522900
20200514,12:23,38.45,38.65,38.30,38.40,2700,522900
20200514,12:24,37.95,38.15,37.95,38.15,2100,521550
20200514,12:25,38.00,38.60,38.00,38.30,1275,521550
20200514,12:26,38.75,38.95,38.55,38.90,2550,522375
20200514,12:27,39.05,39.25,39.00,39.20,2025,522375
20200514,12:28,39.05,39.05,38.50,38.80,3075,522375
20200514,12:29,38.50,39.00,38.50,38.85,2700,519225
20200514,12:30,39.05,39.05,38.50,38.50,1200,519225
20200514,12:31,38.25,39.30,38.25,39.15,4650,519225
20200514,12:32,39.00,39.00,38.20,38.25,3375,517800
20200514,12:33,38.00,38.65,37.95,38.40,2175,517800
20200514,12:34,38.25,39.05,38.25,38.80,2250,517800
20200514,12:35,38.80,39.15,38.45,38.45,750,517800
20200514,12:36,38.35,38.40,38.00,38.30,1950,516000
20200514,12:37,38.00,38.25,37.80,38.10,1050,516000
20200514,12:38,38.10,38.10,37.60,37.60,2250,513300
20200514,12:39,37.55,37.60,37.25,37.25,1650,513300
20200514,12:40,37.45,38.10,37.25,38.10,3675,513300
20200514,12:41,38.00,38.65,38.00,38.65,1125,513300
20200514,12:42,38.50,38.90,38.30,38.90,1125,513300
20200514,12:43,39.00,39.20,38.55,39.00,3300,513300
20200514,12:44,38.50,39.30,38.50,38.95,3000,511275
20200514,12:45,39.20,39.50,38.65,39.50,2700,511275
20200514,12:46,39.50,40.85,39.35,39.75,11175,511275
20200514,12:47,39.70,40.20,39.65,40.20,2250,511275
20200514,12:48,40.10,40.10,39.50,39.60,975,512700
20200514,12:49,39.25,39.80,39.25,39.65,1650,512700
20200514,12:50,39.25,40.00,39.25,39.95,3675,512700
20200514,12:51,39.90,40.00,38.75,39.00,2925,512400
20200514,12:52,39.35,39.65,39.35,39.65,1950,512400
20200514,12:53,39.90,40.40,39.75,40.15,5850,512400
20200514,12:54,39.50,39.60,39.25,39.60,2775,519450
20200514,12:55,39.50,39.50,38.85,38.85,3600,519450
20200514,12:56,38.95,39.00,38.25,38.25,1575,519450
20200514,12:57,38.05,38.25,37.75,37.75,2250,519375
20200514,12:58,38.00,38.45,38.00,38.05,2100,519375
20200514,12:59,38.15,38.65,38.15,38.50,975,519375
20200514,13:00,38.90,39.20,38.90,39.00,3000,517875
20200514,13:01,39.15,39.50,39.15,39.20,825,517875
20200514,13:02,39.25,39.95,39.25,39.55,2025,517575
20200514,13:03,39.55,39.55,38.75,38.75,1500,517575
20200514,13:04,38.95,39.70,38.95,39.70,375,517575
20200514,13:05,39.60,39.95,39.10,39.10,1650,517575
20200514,13:06,39.60,39.60,39.30,39.55,1275,518025
20200514,13:07,39.50,39.50,38.55,39.45,1200,518025
20200514,13:08,39.65,40.15,39.45,40.00,1725,518025
20200514,13:09,40.05,40.45,39.65,40.45,6300,518325
20200514,13:10,40.75,40.75,39.65,39.65,6150,518325
20200514,13:11,39.80,40.20,39.15,39.15,2850,518325
20200514,13:12,39.45,39.45,38.75,38.90,825,519375
20200514,13:13,38.60,39.05,38.55,39.05,2100,519375
20200514,13:14,39.05,39.20,38.60,38.65,1125,519375
20200514,13:15,38.60,38.90,38.15,38.40,3300,518775
20200514,13:16,38.45,38.45,37.75,38.00,2325,518775
20200514,13:17,38.00,38.10,37.70,38.05,2925,518775
20200514,13:18,38.40,38.55,38.35,38.45,1650,517500
20200514,13:19,38.05,38.15,37.90,38.00,375,517500
20200514,13:20,37.50,37.60,36.75,37.25,9525,517500
20200514,13:21,37.20,37.35,36.50,37.30,2025,522000
20200514,13:22,37.10,37.75,36.80,37.75,4200,522000
20200514,13:23,37.65,37.90,37.00,37.00,8250,522000
20200514,13:24,37.30,37.45,36.90,37.00,5625,527025
20200514,13:25,37.10,37.40,37.00,37.40,975,527025
20200514,13:26,37.50,37.50,36.75,37.25,3375,527025
20200514,13:27,37.15,37.15,35.95,36.15,5925,529650
20200514,13:28,36.20,36.20,35.15,35.35,4500,529650
20200514,13:29,35.45,36.50,35.45,36.50,6750,529650
20200514,13:30,36.55,36.55,36.00,36.50,3675,529800
20200514,13:31,36.35,36.50,36.00,36.50,2175,529800
20200514,13:32,36.30,37.10,36.10,36.45,4275,529800
20200514,13:33,36.50,36.65,36.50,36.65,2100,530925
20200514,13:34,36.65,36.65,35.95,36.35,7875,530925
20200514,13:35,36.10,36.10,35.35,35.40,2475,530925
20200514,13:36,35.40,35.55,34.75,35.55,9525,529800
20200514,13:37,35.65,35.85,35.45,35.75,2325,529800
20200514,13:38,35.85,36.00,35.75,36.00,3075,529800
20200514,13:39,36.05,36.55,35.50,35.50,10200,532350
20200514,13:40,35.30,35.40,34.70,35.00,6600,532350
20200514,13:41,34.95,35.25,34.70,35.05,5250,532350
20200514,13:42,35.00,35.30,35.00,35.10,8175,529200
20200514,13:43,34.80,35.70,34.80,35.50,19575,529200
20200514,13:44,35.25,35.55,35.05,35.05,2250,529200
20200514,13:45,35.35,35.35,35.00,35.00,3450,528150
20200514,13:46,35.05,35.05,34.00,34.50,6600,528150
20200514,13:47,34.50,34.60,33.85,33.85,8100,528150
20200514,13:48,33.85,34.05,32.85,33.60,10575,529350
20200514,13:49,33.55,33.95,33.20,33.95,4800,529350
20200514,13:50,33.95,34.40,33.55,34.25,10500,529350
20200514,13:51,34.50,35.30,34.35,35.30,7200,530025
20200514,13:52,35.25,35.50,35.25,35.50,1650,530025
20200514,13:53,35.85,35.85,35.00,35.15,5025,530025
20200514,13:54,35.00,35.15,34.70,35.00,4050,533175
20200514,13:55,35.20,35.65,35.00,35.60,2100,533175
20200514,13:56,35.50,35.85,35.40,35.40,1800,533175
20200514,13:57,35.80,35.90,35.15,35.35,2100,533550
20200514,13:58,35.15,35.20,34.75,35.10,2925,533550
20200514,13:59,35.00,35.05,34.80,35.05,2475,533550
20200514,14:00,35.10,35.20,34.85,34.85,2100,534075
20200514,14:01,35.00,35.00,34.60,34.90,3750,534075
20200514,14:02,34.75,34.80,34.20,34.80,5175,534075
20200514,14:03,34.90,34.90,34.45,34.45,1725,531450
20200514,14:04,34.20,34.20,32.70,32.80,15000,531450
20200514,14:05,33.00,33.30,32.00,32.70,15075,531450
20200514,14:06,32.80,33.55,32.80,33.40,3450,535275
20200514,14:07,33.40,33.45,32.95,33.25,2625,535275
20200514,14:08,33.25,33.40,32.45,33.00,6375,535275
20200514,14:09,32.35,33.60,32.10,33.45,3525,538725
20200514,14:10,33.20,33.70,33.05,33.70,6450,538725
20200514,14:11,33.70,33.70,33.00,33.00,10050,538725
20200514,14:12,32.95,33.10,32.25,32.35,9375,542250
20200514,14:13,32.35,33.05,32.15,32.40,6750,542250
20200514,14:14,32.80,33.30,32.30,33.10,5175,542250
20200514,14:15,33.25,33.25,32.30,32.40,8775,541800
20200514,14:16,32.25,33.10,32.25,33.00,7425,541800
20200514,14:17,32.80,33.80,32.80,33.60,13200,541800
20200514,14:18,33.55,33.85,33.40,33.50,5550,548550
20200514,14:19,33.35,33.40,33.05,33.25,3150,548550
20200514,14:20,33.70,33.95,33.55,33.90,3375,548550
20200514,14:21,33.45,33.65,33.05,33.30,3000,547575
20200514,14:22,33.45,33.60,33.10,33.25,10575,547575
20200514,14:23,33.35,33.75,33.35,33.75,3000,547575
20200514,14:24,33.90,34.20,33.80,34.15,4125,546000
20200514,14:25,34.05,34.50,34.05,34.10,2400,546000
20200514,14:26,33.95,34.05,33.65,34.00,5175,546000
20200514,14:27,33.55,33.65,33.20,33.60,3075,548250
20200514,14:28,33.25,33.25,32.50,32.50,3525,548250
20200514,14:29,32.50,32.95,32.25,32.40,10200,548250
20200514,14:30,32.60,32.80,31.90,32.35,12300,549675
20200514,14:31,32.35,33.40,32.35,33.05,7350,549675
20200514,14:32,33.00,33.00,32.15,32.40,5850,549675
20200514,14:33,32.45,33.05,32.45,32.70,2400,546675
20200514,14:34,32.85,33.45,32.65,32.65,5775,546675
20200514,14:35,32.70,33.60,32.70,33.55,2250,546675
20200514,14:36,33.65,34.30,33.05,34.00,6075,546450
20200514,14:37,33.70,33.85,33.20,33.65,3150,546450
20200514,14:38,33.60,34.00,33.55,33.85,4500,546450
20200514,14:39,34.05,34.30,33.20,33.20,6525,547350
20200514,14:40,33.45,34.35,33.45,34.35,4050,547350
20200514,14:41,34.20,34.50,33.75,34.15,13500,547350
20200514,14:42,34.10,35.10,34.10,34.35,12150,554700
20200514,14:43,34.50,34.60,33.85,33.85,8550,554700
20200514,14:44,33.95,34.65,33.95,34.55,3675,554700
20200514,14:45,35.00,36.00,34.90,35.50,15825,564600
20200514,14:46,35.55,35.90,34.65,34.80,5850,564600
20200514,14:47,34.75,35.05,34.00,34.30,11700,564600
20200514,14:48,34.05,34.80,34.00,34.30,5025,575325
20200514,14:49,34.50,35.50,34.50,34.80,7050,575325
20200514,14:50,34.60,34.80,33.85,34.80,6300,575325
20200514,14:51,34.90,34.90,34.00,34.35,9225,580350
20200514,14:52,34.15,34.60,34.10,34.15,2475,580350
20200514,14:53,34.15,34.20,33.50,33.95,10125,580350
20200514,14:54,34.05,34.75,34.05,34.15,1125,583200
20200514,14:55,34.35,35.00,34.05,35.00,2100,583200
20200514,14:56,34.40,34.70,34.30,34.30,1425,583200
20200514,14:57,34.00,34.00,33.45,33.55,5100,584100
20200514,14:58,33.50,34.45,33.50,34.30,1425,584100
20200514,14:59,34.35,34.80,34.05,34.80,4425,584100
20200514,15:00,34.65,35.40,34.15,34.35,13800,579150
20200514,15:01,34.80,35.30,34.80,35.05,7800,579150
20200514,15:02,35.10,35.60,35.00,35.35,6750,579150
20200514,15:03,35.25,35.25,34.70,34.95,3525,585675
20200514,15:04,35.00,35.00,34.00,34.50,7350,585675
20200514,15:05,34.50,34.55,34.15,34.20,3750,585675
20200514,15:06,34.10,34.50,33.95,34.40,19500,578550
20200514,15:07,34.55,34.55,34.00,34.15,13425,578550
20200514,15:08,34.30,34.30,33.85,33.90,24525,578550
20200514,15:09,34.10,34.35,33.90,34.05,17250,591825
20200514,15:10,34.25,34.70,33.85,33.90,21750,591825
20200514,15:11,33.35,34.05,33.35,33.85,13050,591825
20200514,15:12,33.95,33.95,33.35,33.65,10575,617175
20200514,15:13,33.65,34.00,33.40,33.40,19275,617175
20200514,15:14,33.50,33.50,33.15,33.15,10725,617175
20200514,15:15,33.35,33.40,33.10,33.10,10125,627450
20200514,15:16,33.35,33.35,32.75,32.95,15525,627450
20200514,15:17,33.15,33.15,32.80,32.85,10500,627450
20200514,15:18,32.80,33.10,32.55,32.80,15450,637725
20200514,15:19,32.60,33.30,32.60,33.20,18300,637725
20200514,15:20,33.50,34.30,33.40,34.05,10425,637725
20200514,15:21,34.35,34.85,34.05,34.40,18150,657450
20200514,15:22,34.60,34.85,34.35,34.55,11025,657450
20200514,15:23,34.50,34.80,34.50,34.70,21375,657450
20200514,15:24,34.60,34.90,34.50,34.60,17850,666900
20200514,15:25,34.65,34.80,34.15,34.35,16425,666900
20200514,15:26,34.40,34.50,34.00,34.25,15225,666900
20200514,15:27,34.20,34.35,33.75,34.05,21075,669825
20200514,15:28,33.70,34.00,33.45,33.45,27000,669825
20200514,15:29,33.40,33.75,32.80,33.05,41025,669825
20200515,09:15,27.00,32.00,17.25,17.65,95703,665550
20200515,09:16,17.50,18.45,17.10,18.40,108525,665550
20200515,09:17,18.50,19.90,18.50,18.90,68775,674025
20200515,09:18,18.80,19.45,18.70,18.85,46875,674025
20200515,09:19,18.80,18.95,18.40,18.90,77400,674025
20200515,09:20,18.80,19.60,18.25,19.60,82575,668175
20200515,09:21,19.55,19.55,18.60,19.00,53550,668175
20200515,09:22,18.85,19.35,18.65,19.20,47175,668175
20200515,09:23,18.95,19.25,18.55,18.95,45375,646575
20200515,09:24,18.85,19.50,18.85,19.45,43800,646575
20200515,09:25,19.40,20.20,19.40,20.15,41475,646575
20200515,09:26,20.20,20.50,19.85,20.15,26175,656550
20200515,09:27,20.45,21.10,20.20,21.10,23925,656550
20200515,09:28,21.10,22.30,21.05,22.10,20325,656550
20200515,09:29,21.80,21.85,21.05,21.35,21675,673275
20200515,09:30,21.60,22.50,21.30,22.20,32325,673275
20200515,09:31,22.05,22.55,21.80,22.00,24450,673275
20200515,09:32,22.20,22.20,20.70,21.00,50025,687450
20200515,09:33,21.25,21.70,20.75,21.55,31500,687450
20200515,09:34,21.75,22.00,21.55,21.90,23775,687450
20200515,09:35,21.95,22.10,21.15,21.25,24600,697050
20200515,09:36,21.15,21.15,20.00,20.20,30150,697050
20200515,09:37,20.10,20.40,19.90,19.90,32325,697050
20200515,09:38,19.85,20.75,19.75,20.30,23025,723450
20200515,09:39,20.20,21.00,20.00,21.00,30675,723450
20200515,09:40,20.90,20.90,20.00,20.15,28500,723450
20200515,09:41,20.05,20.20,19.50,19.90,33675,724125
20200515,09:42,19.85,20.40,19.70,20.40,32175,724125
20200515,09:43,20.45,20.80,20.25,20.35,17550,724125
20200515,09:44,20.45,20.70,20.10,20.35,14625,737250
20200515,09:45,20.30,20.55,20.10,20.40,12000,737250
20200515,09:46,20.40,20.80,20.35,20.65,17550,737250
20200515,09:47,20.50,20.80,20.40,20.75,16950,733200
20200515,09:48,20.65,21.00,20.50,20.85,12525,733200
20200515,09:49,21.00,21.00,20.40,20.40,14625,733200
20200515,09:50,20.15,20.30,19.70,20.10,25200,739200
20200515,09:51,20.05,20.15,19.55,19.55,13575,739200
20200515,09:52,19.55,20.00,19.45,19.90,17175,739200
20200515,09:53,19.95,20.00,19.70,19.70,12675,740700
20200515,09:54,19.70,19.95,19.40,19.45,9225,740700
20200515,09:55,19.25,19.55,19.25,19.50,20775,740700
20200515,09:56,19.40,19.50,18.90,18.95,14850,740700
20200515,09:57,18.80,18.95,18.35,18.65,29175,740700
20200515,09:58,18.65,19.15,18.60,19.05,32550,740700
20200515,09:59,19.00,19.30,18.55,18.60,19200,758175
20200515,10:00,18.70,18.70,18.00,18.30,34350,758175
20200515,10:01,18.35,18.70,18.25,18.65,30150,758175
20200515,10:02,18.50,18.80,18.50,18.80,24075,758700
20200515,10:03,18.60,18.90,18.40,18.55,13575,758700
20200515,10:04,18.65,19.00,18.50,18.80,24900,758700
20200515,10:05,18.65,19.35,18.65,19.10,9450,769725
20200515,10:06,19.10,19.35,19.00,19.20,5325,769725
20200515,10:07,19.20,19.45,18.65,19.00,8475,769725
20200515,10:08,18.80,18.90,18.40,18.50,8700,770325
20200515,10:09,18.50,18.95,18.50,18.80,4125,770325
20200515,10:10,18.60,18.75,18.20,18.45,14850,770325
20200515,10:11,18.50,19.15,18.50,19.15,14850,772725
20200515,10:12,19.15,19.25,19.00,19.00,5400,772725
20200515,10:13,19.10,19.25,18.90,19.05,9900,772725
20200515,10:14,19.10,19.10,18.75,18.85,3300,777000
20200515,10:15,18.95,18.95,18.30,18.45,6225,777000
20200515,10:16,18.45,18.80,18.40,18.45,4950,777000
20200515,10:17,18.50,18.80,18.50,18.70,3600,775650
20200515,10:18,18.75,19.05,18.50,18.95,13650,775650
20200515,10:19,18.80,19.50,18.70,19.50,15375,775650
20200515,10:20,19.55,19.60,18.95,19.10,22275,778650
20200515,10:21,19.10,19.10,18.75,19.00,10500,778650
20200515,10:22,18.95,19.10,18.85,19.05,7650,778650
20200515,10:23,18.90,19.05,18.80,19.05,3000,784575
20200515,10:24,19.05,19.15,18.85,18.85,4200,784575
20200515,10:25,18.70,18.70,18.30,18.35,8775,784575
20200515,10:26,18.30,18.75,18.20,18.50,10650,788100
20200515,10:27,18.60,18.60,18.20,18.40,11025,788100
20200515,10:28,18.30,18.85,18.30,18.55,6450,788100
20200515,10:29,18.55,18.85,18.30,18.55,9150,798975
20200515,10:30,18.30,18.55,18.20,18.50,8625,798975
20200515,10:31,18.50,18.70,18.50,18.60,4950,798975
20200515,10:32,18.50,19.00,18.40,18.85,12525,800025
20200515,10:33,18.95,19.15,18.70,18.90,4800,800025
20200515,10:34,18.80,18.90,18.60,18.85,3975,800025
20200515,10:35,18.75,19.00,18.70,18.85,3675,802875
20200515,10:36,18.95,18.95,18.30,18.30,5100,802875
20200515,10:37,18.40,18.50,18.15,18.45,4575,802875
20200515,10:38,18.35,18.40,18.15,18.20,3975,805125
20200515,10:39,18.15,18.15,17.35,18.05,32550,805125
20200515,10:40,17.85,18.15,17.85,18.05,7200,805125
20200515,10:41,18.00,18.30,17.85,18.00,6750,807900
20200515,10:42,18.00,18.35,17.95,18.20,7650,807900
20200515,10:43,18.15,18.25,17.90,18.15,2850,807900
20200515,10:44,18.30,18.30,18.05,18.10,4875,807150
20200515,10:45,18.25,18.50,18.10,18.15,10125,807150
20200515,10:46,18.15,18.20,17.90,18.00,5400,807150
20200515,10:47,17.90,18.35,17.90,18.10,6525,806475
20200515,10:48,18.00,18.20,17.90,17.90,4275,806475
20200515,10:49,17.90,18.25,17.90,18.15,10275,806475
20200515,10:50,18.05,18.30,18.00,18.10,17475,816150
20200515,10:51,18.10,18.35,18.10,18.30,21150,816150
20200515,10:52,18.40,18.40,17.70,17.70,18900,816150
20200515,10:53,17.70,18.00,17.70,17.75,34425,848325
20200515,10:54,17.65,17.90,17.55,17.60,9675,848325
20200515,10:55,17.65,17.95,17.50,17.85,5250,848325
20200515,10:56,17.85,17.85,17.50,17.50,10725,862425
20200515,10:57,17.60,17.65,17.20,17.30,10500,862425
20200515,10:58,17.25,17.25,16.90,17.00,24900,862425
20200515,10:59,17.15,17.50,16.95,17.35,13500,873525
20200515,11:00,17.50,17.55,17.30,17.50,9825,873525
20200515,11:01,17.40,17.85,17.30,17.75,10800,873525
20200515,11:02,17.70,17.90,17.60,17.85,1950,882600
20200515,11:03,17.80,18.00,17.75,17.90,4275,882600
20200515,11:04,18.05,18.25,17.95,18.20,11175,882600
20200515,11:05,18.25,18.30,18.00,18.15,8850,885000
20200515,11:06,18.05,18.25,18.00,18.15,2850,885000
20200515,11:07,18.15,18.15,17.90,18.10,7050,885000
20200515,11:08,18.00,18.10,18.00,18.10,825,883275
20200515,11:09,18.10,18.10,17.70,17.70,4800,883275
20200515,11:10,17.55,17.95,17.50,17.85,3225,883275
20200515,11:11,17.95,17.95,17.70,17.85,2625,878025
20200515,11:12,17.95,18.10,17.75,17.95,7050,878025
20200515,11:13,18.00,18.05,17.70,17.90,5550,878025
20200515,11:14,17.90,17.90,17.60,17.85,3150,872250
20200515,11:15,17.75,17.85,17.40,17.75,4275,872250
20200515,11:16,17.60,17.85,17.50,17.75,2700,872250
20200515,11:17,17.90,17.95,17.65,17.95,5550,871650
20200515,11:18,17.95,18.10,17.80,18.00,5250,871650
20200515,11:19,18.00,18.25,18.00,18.25,10500,871650
20200515,11:20,18.10,18.25,17.90,18.25,2550,870825
20200515,11:21,18.15,18.15,17.80,17.95,4350,870825
20200515,11:22,17.80,18.10,17.80,18.00,4725,870825
20200515,11:23,17.80,18.05,17.75,18.00,3075,874650
20200515,11:24,17.95,18.20,17.85,17.95,3450,874650
20200515,11:25,17.95,18.15,17.80,18.10,6300,874650
20200515,11:26,18.00,18.00,17.30,17.75,10050,879000
20200515,11:27,17.85,17.95,17.70,17.80,1725,879000
20200515,11:28,17.90,17.90,17.55,17.65,12000,879000
20200515,11:29,17.50,17.85,17.45,17.85,4800,884325
20200515,11:30,17.80,17.90,17.40,17.40,11325,884325
20200515,11:31,17.75,17.90,17.55,17.80,7125,884325
20200515,11:32,17.90,18.15,17.80,18.15,16125,891525
20200515,11:33,18.05,18.40,18.05,18.30,8625,891525
20200515,11:34,18.45,18.65,18.35,18.60,22575,891525
20200515,11:35,18.55,19.10,18.55,18.80,17250,881775
20200515,11:36,18.80,18.95,18.50,18.70,7800,881775
20200515,11:37,18.70,18.70,18.20,18.40,6525,881775
20200515,11:38,18.30,18.35,18.15,18.30,2925,884625
20200515,11:39,18.35,18.75,18.35,18.75,4800,884625
20200515,11:40,18.60,18.80,18.45,18.75,3825,884625
20200515,11:41,18.95,18.95,18.50,18.65,3750,879975
20200515,11:42,18.60,18.70,18.40,18.40,2175,879975
20200515,11:43,18.45,18.75,18.40,18.75,2475,879975
20200515,11:44,18.75,18.75,18.70,18.70,900,880575
20200515,11:45,18.65,18.85,18.65,18.80,3825,880575
20200515,11:46,18.80,18.95,18.75,18.95,2100,880575
20200515,11:47,18.90,19.35,18.90,19.30,6600,879225
20200515,11:48,19.20,19.30,19.00,19.25,9300,879225
20200515,11:49,19.25,19.35,18.90,19.35,15375,879225
20200515,11:50,19.35,19.40,19.15,19.35,1650,889275
20200515,11:51,19.40,19.40,18.95,19.00,7575,889275
20200515,11:52,19.05,19.25,18.95,19.05,8175,889275
20200515,11:53,19.10,19.25,19.05,19.25,4125,885450
20200515,11:54,19.25,19.25,19.05,19.20,4125,885450
20200515,11:55,19.05,19.30,19.05,19.25,2850,885450
20200515,11:56,19.30,19.35,19.10,19.30,3825,884550
20200515,11:57,19.30,19.45,19.25,19.40,4575,884550
20200515,11:58,19.35,19.35,19.00,19.10,2925,884550
20200515,11:59,19.15,19.15,19.00,19.00,9150,884100
20200515,12:00,19.00,19.00,18.80,18.95,4500,884100
20200515,12:01,18.80,18.80,18.50,18.65,5400,884100
20200515,12:02,18.80,18.90,18.65,18.85,2550,881475
20200515,12:03,18.75,18.90,18.70,18.90,1050,881475
20200515,12:04,18.90,19.00,18.80,19.00,2025,881475
20200515,12:05,18.95,19.10,18.85,19.00,1500,882300
20200515,12:06,19.10,19.10,18.80,18.85,2400,882300
20200515,12:07,18.75,18.80,18.55,18.55,1650,882300
20200515,12:08,18.50,18.75,18.50,18.75,3975,884100
20200515,12:09,18.65,18.85,18.65,18.85,1350,884100
20200515,12:10,18.75,18.80,18.55,18.75,3900,884100
20200515,12:11,18.70,18.85,18.70,18.80,675,886125
20200515,12:12,18.85,18.95,18.50,18.80,6525,886125
20200515,12:13,18.75,18.85,18.75,18.75,1575,886125
20200515,12:14,18.85,18.90,18.75,18.85,1800,889200
20200515,12:15,18.95,19.25,18.85,19.20,11625,889200
20200515,12:16,19.20,19.25,19.15,19.25,3825,889200
20200515,12:17,19.25,19.65,19.15,19.55,6525,889725
20200515,12:18,19.55,19.55,19.30,19.50,2850,889725
20200515,12:19,19.60,19.60,19.10,19.10,5850,889725
20200515,12:20,19.05,19.45,19.05,19.40,2325,894000
20200515,12:21,19.35,19.40,19.10,19.30,4950,894000
20200515,12:22,19.25,19.40,19.00,19.40,7275,894000
20200515,12:23,19.40,19.45,19.15,19.45,3525,898875
20200515,12:24,19.35,19.65,19.30,19.55,9825,898875
20200515,12:25,19.40,20.25,19.40,20.00,21225,898875
20200515,12:26,20.15,20.90,19.90,20.50,18300,905700
20200515,12:27,20.50,20.65,20.20,20.40,13650,905700
20200515,12:28,20.40,20.60,20.20,20.30,10350,905700
20200515,12:29,20.40,20.45,20.15,20.15,6075,903450
20200515,12:30,20.10,20.90,20.10,20.90,10575,903450
20200515,12:31,20.80,21.80,20.80,21.40,33975,903450
20200515,12:32,21.40,22.45,21.30,22.45,24900,911475
20200515,12:33,22.45,22.90,22.05,22.05,17175,911475
20200515,12:34,22.05,23.15,22.00,22.80,26850,911475
20200515,12:35,22.75,22.90,22.55,22.55,14100,901050
20200515,12:36,22.55,22.55,21.80,22.00,7950,901050
20200515,12:37,21.95,22.00,21.15,21.50,15900,901050
20200515,12:38,21.45,21.45,20.80,21.30,20550,900975
20200515,12:39,21.15,21.15,20.50,21.10,33300,900975
20200515,12:40,21.20,21.60,21.20,21.40,10125,900975
20200515,12:41,21.45,21.45,20.85,20.85,13875,925275
20200515,12:42,20.75,21.15,20.55,20.65,15075,925275
20200515,12:43,20.75,21.00,20.65,20.75,5100,925275
20200515,12:44,20.70,20.85,20.25,20.40,17175,922050
20200515,12:45,20.30,21.10,20.30,20.70,6825,922050
20200515,12:46,20.70,20.70,20.40,20.70,5100,922050
20200515,12:47,20.95,21.60,20.85,21.60,1650,933300
20200515,12:48,21.60,21.60,21.25,21.40,1950,933300
20200515,12:49,21.50,21.60,21.35,21.40,1875,933300
20200515,12:50,21.40,22.15,21.05,21.95,1425,933900
20200515,12:51,22.00,22.30,21.90,22.25,5775,933900
20200515,12:52,22.10,22.15,21.85,22.05,1875,933900
20200515,12:53,21.90,22.55,21.90,22.45,8100,921900
20200515,12:54,22.45,23.80,22.30,23.10,38250,921900
20200515,12:55,23.20,23.20,22.35,22.40,12225,921900
20200515,12:56,22.55,22.55,21.95,21.95,22950,911850
20200515,12:57,22.05,22.15,21.40,21.45,22125,911850
20200515,12:58,21.60,21.65,21.10,21.20,5400,911850
20200515,12:59,21.10,21.40,21.10,21.40,4575,911850
20200515,13:00,21.40,21.40,20.20,20.80,15675,923550
20200515,13:01,20.65,20.80,19.80,19.80,15150,923550
20200515,13:02,19.85,20.80,19.85,20.35,32025,920925
20200515,13:03,20.30,20.80,20.25,20.75,4125,920925
20200515,13:04,20.75,20.90,20.25,20.25,4425,920925
20200515,13:05,20.30,20.60,20.25,20.55,6375,922425
20200515,13:06,20.55,20.80,20.30,20.80,5175,922425
20200515,13:07,20.70,21.00,20.50,20.50,3600,922425
20200515,13:08,20.50,21.10,20.50,21.10,6000,922425
20200515,13:09,21.00,21.10,20.75,21.00,4050,923175
20200515,13:10,20.95,21.50,20.90,21.05,16425,923175
20200515,13:11,21.00,21.45,20.75,21.25,6675,923175
20200515,13:12,21.20,21.20,20.95,21.15,6375,926175
20200515,13:13,21.05,21.05,20.30,20.30,3975,926175
20200515,13:14,20.60,20.65,20.40,20.40,3600,925950
20200515,13:15,20.55,20.75,20.20,20.25,1350,925950
20200515,13:16,20.30,20.50,19.90,19.90,7725,925950
20200515,13:17,19.90,20.15,19.45,19.85,9825,926775
20200515,13:18,19.90,20.35,19.70,20.35,3450,926775
20200515,13:19,20.35,20.55,19.80,19.90,4950,926775
20200515,13:20,19.85,19.85,19.50,19.50,5175,926775
20200515,13:21,19.55,19.95,19.55,19.70,12150,926850
20200515,13:22,19.75,20.20,19.75,19.95,5625,926850
20200515,13:23,20.20,20.30,19.85,20.10,6300,927450
20200515,13:24,20.15,20.70,20.05,20.70,4050,927450
20200515,13:25,20.55,20.80,20.30,20.80,6000,927450
20200515,13:26,20.90,21.25,20.70,20.90,15525,925575
20200515,13:27,20.95,21.15,20.45,20.90,7425,925575
20200515,13:28,20.95,21.65,20.90,21.65,14475,925575
20200515,13:29,21.65,21.65,20.90,20.90,5775,925575
20200515,13:30,20.85,21.10,20.50,20.65,7275,928350
20200515,13:31,20.80,20.90,20.50,20.50,3975,928350
20200515,13:32,20.40,20.50,19.90,20.30,10350,928350
20200515,13:33,20.40,20.90,20.40,20.50,11250,926100
20200515,13:34,20.65,21.20,20.55,21.20,15150,926100
20200515,13:35,21.20,21.70,21.00,21.00,9300,924075
20200515,13:36,21.05,21.50,20.90,21.30,5850,924075
20200515,13:37,21.45,21.50,20.95,21.35,13800,924075
20200515,13:38,21.50,21.65,20.80,20.80,10425,924075
20200515,13:39,20.75,21.00,20.65,20.95,16350,923100
20200515,13:40,20.85,21.00,20.30,20.40,6000,923100
20200515,13:41,20.40,20.80,19.90,20.70,8550,923100
20200515,13:42,20.80,21.30,20.35,21.00,3525,920625
20200515,13:43,21.00,21.10,20.35,20.75,4500,920625
20200515,13:44,20.80,20.90,20.20,20.45,4350,920625
20200515,13:45,20.25,20.60,19.95,20.60,9225,920025
20200515,13:46,20.50,20.55,20.25,20.45,3825,920025
20200515,13:47,20.50,20.65,20.20,20.40,4500,920025
20200515,13:48,20.45,21.10,20.45,21.00,5625,915975
20200515,13:49,20.85,22.00,20.85,22.00,19350,915975
20200515,13:50,22.20,23.60,22.20,22.50,30525,915975
20200515,13:51,22.40,22.45,21.55,22.30,17025,919050
20200515,13:52,21.95,22.05,21.30,21.65,14700,919050
20200515,13:53,21.65,21.80,21.10,21.65,18675,919050
20200515,13:54,21.65,21.80,21.25,21.70,9900,912300
20200515,13:55,21.80,22.20,21.60,21.60,14850,912300
20200515,13:56,21.70,21.85,21.40,21.70,7425,912300
20200515,13:57,21.80,22.45,21.50,22.15,18450,913275
20200515,13:58,22.10,22.35,21.50,21.80,14100,913275
20200515,13:59,21.75,21.80,21.10,21.40,11025,913275
20200515,14:00,21.25,21.25,20.70,21.15,13950,912825
20200515,14:01,21.05,21.75,21.05,21.55,8175,912825
20200515,14:02,21.35,21.90,21.20,21.65,5475,912825
20200515,14:03,21.65,21.70,21.00,21.05,8325,916350
20200515,14:04,20.80,20.90,20.50,20.50,8250,916350
20200515,14:05,20.75,21.65,20.65,21.50,16125,916350
20200515,14:06,21.50,21.50,20.95,21.25,6000,911475
20200515,14:07,21.10,21.25,20.80,20.80,6375,911475
20200515,14:08,20.95,21.20,20.60,20.60,9675,911475
20200515,14:09,20.75,21.00,20.50,20.90,10125,914625
20200515,14:10,20.90,21.35,20.80,21.20,4125,914625
20200515,14:11,21.25,22.35,21.25,22.30,16725,914625
20200515,14:12,22.10,22.45,21.40,22.45,13875,915600
20200515,14:13,22.55,23.40,22.40,23.10,36900,915600
20200515,14:14,23.05,24.55,23.05,23.45,28275,915600
20200515,14:15,23.40,23.50,22.70,23.05,26100,911925
20200515,14:16,23.20,23.20,22.05,22.05,15000,911925
20200515,14:17,22.10,24.00,22.10,23.70,26400,911925
20200515,14:18,23.55,26.10,23.40,24.75,85350,914100
20200515,14:19,24.80,25.60,24.55,24.90,33750,914100
20200515,14:20,24.80,24.80,23.80,24.55,14550,914100
20200515,14:21,24.55,24.55,23.30,23.80,22650,894525
20200515,14:22,23.75,24.90,23.75,24.40,18450,894525
20200515,14:23,24.30,24.55,23.25,24.05,16575,894525
20200515,14:24,24.00,25.75,24.00,25.65,17025,892650
20200515,14:25,25.50,25.65,24.45,25.10,20025,892650
20200515,14:26,25.10,26.65,25.10,25.80,28350,892650
20200515,14:27,25.65,27.05,25.50,25.90,32175,903150
20200515,14:28,26.00,26.15,24.80,25.55,28275,903150
20200515,14:29,25.70,26.30,24.30,24.45,35325,903150
20200515,14:30,24.65,24.95,23.10,23.25,30975,896025
20200515,14:31,23.35,24.30,22.65,22.65,19500,896025
20200515,14:32,22.50,23.30,22.10,23.25,35100,896025
20200515,14:33,23.45,23.50,22.30,22.30,16500,881475
20200515,14:34,22.10,23.15,22.05,22.90,20100,881475
20200515,14:35,22.75,23.90,22.70,23.15,13425,881475
20200515,14:36,23.35,23.55,22.10,22.65,13125,878025
20200515,14:37,22.65,23.50,22.65,23.40,10425,878025
20200515,14:38,23.45,23.75,22.90,23.75,16725,878025
20200515,14:39,23.55,24.45,23.40,24.25,19650,878475
20200515,14:40,24.20,24.40,23.50,24.05,8025,878475
20200515,14:41,24.00,24.65,24.00,24.45,16575,878475
20200515,14:42,24.20,24.40,23.60,23.90,11175,883800
20200515,14:43,24.15,24.95,24.15,24.40,19125,883800
20200515,14:44,24.30,24.50,23.80,24.25,9300,883800
20200515,14:45,24.25,24.25,23.40,23.40,14550,875100
20200515,14:46,23.30,24.30,23.10,23.90,10650,875100
20200515,14:47,23.70,24.00,23.55,23.70,11625,875100
20200515,14:48,23.95,24.25,23.70,24.00,5625,875400
20200515,14:49,24.20,24.60,24.10,24.40,9150,875400
20200515,14:50,24.35,24.80,24.05,24.30,11025,875400
20200515,14:51,24.45,24.65,24.00,24.25,13425,876225
20200515,14:52,24.45,24.45,23.60,23.80,11550,876225
20200515,14:53,23.80,23.95,23.20,23.70,17325,876225
20200515,14:54,23.75,24.00,22.80,23.00,19725,871725
20200515,14:55,23.15,23.25,22.05,22.60,19200,871725
20200515,14:56,22.75,23.50,22.75,23.50,20625,871725
20200515,14:57,23.55,23.70,22.85,23.05,9750,869100
20200515,14:58,23.20,23.50,22.95,23.30,7425,869100
20200515,14:59,23.00,24.10,23.00,23.60,16425,869100
20200515,15:00,23.70,24.50,23.60,23.95,25800,869925
20200515,15:01,23.85,24.60,23.80,24.50,21450,869925
20200515,15:02,24.45,24.50,23.55,23.55,17400,869925
20200515,15:03,23.95,24.40,23.70,24.10,14850,870525
20200515,15:04,24.25,24.65,24.10,24.25,16650,870525
20200515,15:05,24.25,24.35,23.60,23.60,21900,870525
20200515,15:06,23.70,24.00,22.55,22.60,23550,869475
20200515,15:07,22.55,22.95,22.05,22.40,16275,869475
20200515,15:08,22.45,22.95,22.05,22.15,6900,869475
20200515,15:09,22.45,23.10,22.20,22.70,15675,864825
20200515,15:10,22.65,23.05,22.15,22.65,22800,864825
20200515,15:11,22.35,22.55,22.00,22.05,21150,864825
20200515,15:12,22.10,22.60,22.10,22.35,18600,867600
20200515,15:13,22.30,22.65,22.20,22.60,14850,867600
20200515,15:14,22.55,22.65,22.20,22.30,12525,867600
20200515,15:15,22.45,22.70,22.20,22.45,24975,872100
20200515,15:16,22.50,22.65,21.80,21.85,29175,872100
20200515,15:17,21.95,22.30,21.75,22.10,25650,872100
20200515,15:18,22.15,22.25,22.00,22.25,13200,866475
20200515,15:19,22.25,22.35,22.00,22.20,36225,866475
20200515,15:20,22.25,23.25,22.25,23.00,54825,866475
20200515,15:21,23.00,23.55,22.80,22.90,25500,874650
20200515,15:22,22.95,23.20,22.80,23.20,14025,874650
20200515,15:23,23.20,23.25,22.55,22.70,21225,874650
20200515,15:24,22.80,22.85,22.50,22.75,30375,869700
20200515,15:25,22.60,22.75,22.20,22.25,37350,869700
20200515,15:26,22.25,22.30,22.00,22.10,33225,869700
20200515,15:27,22.10,22.20,21.80,21.85,39525,870525
20200515,15:28,21.90,22.20,21.90,22.10,39225,870525
20200515,15:29,22.05,22.25,22.00,22.15,26100,870525
20200515,15:30,22.15,22.15,22.15,22.15,225,870525
20200518,09:15,5.45,15.35,5.45,7.55,125702,854175
20200518,09:16,7.65,7.90,7.50,7.60,84600,854175
20200518,09:17,7.50,7.50,7.00,7.40,85050,861450
20200518,09:18,7.45,7.85,7.25,7.85,84825,861450
20200518,09:19,7.85,8.15,7.85,8.10,71025,861450
20200518,09:20,8.20,8.20,7.50,7.80,42600,917025
20200518,09:21,7.75,7.80,7.50,7.50,30225,917025
20200518,09:22,7.50,7.50,7.00,7.00,72000,917025
20200518,09:23,7.00,7.15,6.80,7.00,38025,928350
20200518,09:24,6.95,7.00,6.80,6.85,32250,928350
20200518,09:25,6.85,6.90,6.55,6.70,40200,928350
20200518,09:26,6.75,7.00,6.70,6.90,49875,931275
20200518,09:27,6.85,6.95,6.60,6.65,28275,931275
20200518,09:28,6.70,6.75,6.50,6.60,86100,931275
20200518,09:29,6.55,6.80,6.55,6.65,47925,965175
20200518,09:30,6.60,6.65,6.30,6.45,46425,965175
20200518,09:31,6.40,6.50,6.30,6.40,44625,965175
20200518,09:32,6.35,6.50,6.20,6.35,34725,952425
20200518,09:33,6.35,6.35,6.00,6.10,40575,952425
20200518,09:34,6.10,6.25,5.90,6.15,62550,952425
20200518,09:35,6.15,6.15,5.90,5.90,66975,959775
20200518,09:36,5.85,6.00,5.75,5.75,102600,959775
20200518,09:37,5.75,5.95,5.55,5.85,51600,959775
20200518,09:38,5.80,6.00,5.80,5.95,34575,964725
20200518,09:39,5.85,6.05,5.85,6.05,25725,964725
20200518,09:40,6.00,6.05,5.90,5.95,41475,964725
20200518,09:41,5.90,5.95,5.65,5.65,40875,961950
20200518,09:42,5.65,5.65,5.10,5.15,59625,961950
20200518,09:43,5.10,5.30,5.05,5.25,36075,961950
20200518,09:44,5.20,5.30,5.05,5.10,70575,962850
20200518,09:45,4.95,5.15,4.85,5.05,99225,962850
20200518,09:46,5.00,5.25,4.80,5.25,84900,962850
20200518,09:47,5.20,5.35,5.15,5.35,46725,938550
20200518,09:48,5.45,5.70,5.40,5.65,29850,938550
20200518,09:49,5.70,6.05,5.60,5.80,42975,938550
20200518,09:50,5.80,5.95,5.70,5.85,34800,964125
20200518,09:51,5.90,5.95,5.65,5.85,29100,964125
20200518,09:52,5.80,5.90,5.50,5.70,35625,964125
20200518,09:53,5.65,5.75,5.50,5.65,20625,970950
20200518,09:54,5.60,5.60,5.40,5.50,33675,970950
20200518,09:55,5.45,5.50,5.30,5.45,27450,970950
20200518,09:56,5.45,5.55,5.40,5.50,18375,970425
20200518,09:57,5.45,5.50,5.35,5.40,27300,970425
20200518,09:58,5.40,5.55,5.40,5.55,18975,970425
20200518,09:59,5.55,5.65,5.50,5.55,15750,973800
20200518,10:00,5.55,5.95,5.50,5.90,69525,973800
20200518,10:01,5.85,6.20,5.80,6.20,41025,973800
20200518,10:02,6.15,6.35,6.00,6.25,19275,1001100
20200518,10:03,6.20,6.30,6.10,6.25,26175,1001100
20200518,10:04,6.25,6.25,6.00,6.15,12675,1001100
20200518,10:05,6.15,6.40,6.15,6.30,19500,1002450
20200518,10:06,6.20,6.20,5.75,5.90,37800,1002450
20200518,10:07,5.90,6.15,5.85,6.10,35700,1002450
20200518,10:08,6.15,6.20,6.00,6.05,14700,999900
20200518,10:09,6.10,6.25,5.95,6.05,17025,999900
20200518,10:10,6.10,6.10,5.90,5.95,16050,999900
20200518,10:11,6.10,6.10,5.85,5.95,24825,1002375
20200518,10:12,5.90,6.15,5.85,6.00,15225,1002375
20200518,10:13,6.00,6.20,5.90,5.90,22875,1002375
20200518,10:14,6.00,6.00,5.80,5.85,11175,1006200
20200518,10:15,5.85,5.95,5.80,5.85,12975,1006200
20200518,10:16,5.85,5.90,5.80,5.80,8100,1006200
20200518,10:17,5.80,5.90,5.70,5.75,11775,1003800
20200518,10:18,5.75,5.80,5.55,5.70,14025,1003800
20200518,10:19,5.75,5.80,5.70,5.80,16575,1003800
20200518,10:20,5.75,5.75,5.65,5.70,15750,1003950
20200518,10:21,5.60,5.80,5.60,5.75,9525,1003950
20200518,10:22,5.75,5.80,5.65,5.75,6150,1003950
20200518,10:23,5.70,5.80,5.65,5.80,23400,988875
20200518,10:24,5.80,5.85,5.65,5.75,9300,988875
20200518,10:25,5.80,5.95,5.75,5.80,10050,988875
20200518,10:26,5.80,5.90,5.80,5.80,3825,977025
20200518,10:27,5.80,6.00,5.80,5.90,12900,977025
20200518,10:28,5.90,6.10,5.90,6.00,32625,977025
20200518,10:29,6.00,6.10,6.00,6.00,15450,1001400
20200518,10:30,6.00,6.00,5.90,5.95,11475,1001400
20200518,10:31,6.00,6.00,5.90,5.95,11475,1001400
20200518,10:32,5.90,5.95,5.85,5.90,21225,1001475
20200518,10:33,5.90,5.90,5.90,5.90,8100,1001475
20200518,10:34,5.85,5.95,5.85,5.90,12450,1001475
20200518,10:35,5.85,5.90,5.75,5.80,7875,1004850
20200518,10:36,5.80,5.80,5.70,5.75,6825,1004850
20200518,10:37,5.75,5.80,5.65,5.80,19650,1004850
20200518,10:38,5.75,5.95,5.75,5.95,17925,993225
20200518,10:39,5.85,6.00,5.80,5.95,30225,993225
20200518,10:40,5.95,6.05,5.95,6.00,26175,993225
20200518,10:41,6.00,6.10,6.00,6.00,19575,1005000
20200518,10:42,6.00,6.05,5.95,6.00,10800,1005000
20200518,10:43,6.00,6.05,6.00,6.00,11625,1005000
20200518,10:44,6.05,6.05,6.00,6.05,10275,1022700
20200518,10:45,6.05,6.05,5.95,5.95,31425,1022700
20200518,10:46,5.95,6.10,5.90,5.95,94125,1022700
20200518,10:47,5.85,5.95,5.85,5.85,31125,1066425
20200518,10:48,5.85,5.95,5.80,5.95,24000,1066425
20200518,10:49,5.95,6.00,5.80,5.95,34800,1066425
20200518,10:50,5.95,6.00,5.85,5.85,14850,1075875
20200518,10:51,5.85,5.90,5.80,5.80,9675,1075875
20200518,10:52,5.85,5.90,5.70,5.90,23925,1075875
20200518,10:53,5.90,6.00,5.80,5.90,41775,1090425
20200518,10:54,5.85,5.90,5.70,5.75,13350,1090425
20200518,10:55,5.70,5.80,5.60,5.65,21600,1090425
20200518,10:56,5.70,5.75,5.60,5.65,23700,1106250
20200518,10:57,5.65,5.70,5.65,5.70,52500,1106250
20200518,10:58,5.65,5.80,5.65,5.75,29925,1106250
20200518,10:59,5.75,5.80,5.75,5.80,34950,1170000
20200518,11:00,5.85,5.85,5.75,5.85,9750,1170000
20200518,11:01,5.75,5.85,5.75,5.75,14850,1170000
20200518,11:02,5.75,5.90,5.70,5.85,25500,1183350
20200518,11:03,5.85,5.90,5.70,5.75,24075,1183350
20200518,11:04,5.75,5.75,5.70,5.70,1050,1183350
20200518,11:05,5.75,5.80,5.75,5.80,28200,1174275
20200518,11:06,5.80,5.80,5.70,5.75,8550,1174275
20200518,11:07,5.80,5.80,5.65,5.65,7125,1174275
20200518,11:08,5.65,5.75,5.65,5.70,12150,1177050
20200518,11:09,5.75,5.75,5.65,5.70,13425,1177050
20200518,11:10,5.70,5.80,5.60,5.65,52500,1177050
20200518,11:11,5.65,5.70,5.65,5.70,46200,1194750
20200518,11:12,5.70,5.75,5.65,5.65,32625,1194750
20200518,11:13,5.60,5.75,5.60,5.65,19725,1194750
20200518,11:14,5.70,5.75,5.65,5.65,8550,1185450
20200518,11:15,5.75,5.75,5.65,5.70,6375,1185450
20200518,11:16,5.70,5.75,5.65,5.70,26700,1185450
20200518,11:17,5.70,5.75,5.65,5.70,8850,1196475
20200518,11:18,5.70,5.70,5.65,5.70,16950,1196475
20200518,11:19,5.65,5.80,5.65,5.75,11025,1196475
20200518,11:20,5.80,5.80,5.70,5.70,5175,1196850
20200518,11:21,5.75,5.75,5.70,5.75,4950,1196850
20200518,11:22,5.70,5.80,5.70,5.70,17250,1196850
20200518,11:23,5.70,5.80,5.65,5.70,27825,1213275
20200518,11:24,5.70,5.75,5.60,5.65,52950,1213275
20200518,11:25,5.65,5.65,5.50,5.55,35100,1213275
20200518,11:26,5.60,5.60,5.50,5.55,12450,1252650
20200518,11:27,5.55,5.60,5.50,5.55,28125,1252650
20200518,11:28,5.55,5.55,5.50,5.55,18450,1252650
20200518,11:29,5.50,5.60,5.50,5.55,26625,1262400
20200518,11:30,5.55,5.55,5.45,5.50,26250,1262400
20200518,11:31,5.55,5.55,5.50,5.50,16875,1262400
20200518,11:32,5.50,5.55,5.50,5.50,16425,1267200
20200518,11:33,5.50,5.60,5.50,5.55,12000,1267200
20200518,11:34,5.55,5.65,5.55,5.55,19125,1267200
20200518,11:35,5.60,5.80,5.55,5.75,31500,1247475
20200518,11:36,5.80,5.85,5.60,5.65,19500,1247475
20200518,11:37,5.65,5.65,5.55,5.55,13575,1247475
20200518,11:38,5.60,5.70,5.55,5.65,22725,1248675
20200518,11:39,5.65,5.70,5.65,5.65,5025,1248675
20200518,11:40,5.65,5.65,5.50,5.55,8250,1248675
20200518,11:41,5.55,5.55,5.50,5.50,32175,1262625
20200518,11:42,5.50,5.55,5.45,5.50,24300,1262625
20200518,11:43,5.50,5.55,5.50,5.55,19725,1262625
20200518,11:44,5.55,5.60,5.50,5.50,26925,1269600
20200518,11:45,5.55,5.60,5.50,5.55,26100,1269600
20200518,11:46,5.60,5.65,5.50,5.55,23925,1269600
20200518,11:47,5.55,5.60,5.45,5.50,32250,1278300
20200518,11:48,5.50,5.55,5.50,5.50,38625,1278300
20200518,11:49,5.65,5.65,5.55,5.55,12900,1278300
20200518,11:50,5.60,5.60,5.50,5.55,25200,1292775
20200518,11:51,5.60,5.60,5.45,5.45,22425,1292775
20200518,11:52,5.50,5.60,5.50,5.60,42525,1292775
20200518,11:53,5.60,5.75,5.60,5.75,17775,1314975
20200518,11:54,5.75,5.85,5.75,5.75,14025,1314975
20200518,11:55,5.75,5.80,5.65,5.70,10350,1314975
20200518,11:56,5.70,5.80,5.70,5.75,5550,1314975
20200518,11:57,5.75,5.80,5.75,5.75,9375,1317750
20200518,11:58,5.75,5.80,5.70,5.70,3075,1317750
20200518,11:59,5.80,5.80,5.70,5.75,6375,1317750
20200518,12:00,5.80,5.85,5.75,5.80,3525,1307925
20200518,12:01,5.85,5.90,5.80,5.85,10350,1307925
20200518,12:02,5.90,5.90,5.80,5.80,2850,1307100
20200518,12:03,5.90,6.00,5.80,5.90,6975,1307100
20200518,12:04,5.90,5.90,5.80,5.85,4950,1307100
20200518,12:05,5.85,6.00,5.85,5.95,5625,1310250
20200518,12:06,5.90,6.00,5.90,5.90,28650,1310250
20200518,12:07,5.90,6.00,5.90,5.90,12825,1310250
20200518,12:08,5.80,5.90,5.80,5.90,12300,1310250
20200518,12:09,5.85,5.90,5.85,5.85,7875,1317975
20200518,12:10,5.85,6.00,5.85,5.90,6675,1317975
20200518,12:11,5.90,5.90,5.80,5.80,5475,1316625
20200518,12:12,5.85,5.90,5.80,5.80,4125,1316625
20200518,12:13,5.75,5.80,5.70,5.80,9150,1316625
20200518,12:14,5.85,5.85,5.80,5.85,10125,1324800
20200518,12:15,5.80,5.85,5.75,5.80,17475,1324800
20200518,12:16,5.75,5.80,5.75,5.80,16350,1324800
20200518,12:17,5.75,5.80,5.70,5.75,7275,1324800
20200518,12:18,5.75,5.90,5.70,5.90,14025,1339200
20200518,12:19,5.90,5.90,5.85,5.90,4500,1339200
20200518,12:20,5.85,5.90,5.75,5.75,11100,1339200
20200518,12:21,5.75,5.80,5.75,5.80,4425,1339200
20200518,12:22,5.75,5.75,5.70,5.75,600,1339200
20200518,12:23,5.70,5.80,5.70,5.80,17775,1339200
20200518,12:24,5.80,5.90,5.80,5.80,1125,1332525
20200518,12:25,5.80,5.95,5.80,5.80,1800,1332525
20200518,12:26,5.80,5.90,5.75,5.90,6525,1332525
20200518,12:27,5.90,5.95,5.90,5.90,2475,1329900
20200518,12:28,5.90,6.00,5.80,5.80,8325,1329900
20200518,12:29,5.80,5.95,5.80,5.90,4725,1329900
20200518,12:30,5.95,6.00,5.90,5.90,10950,1329000
20200518,12:31,5.90,5.95,5.90,5.95,8925,1329000
20200518,12:32,5.95,6.05,5.90,6.00,4350,1329000
20200518,12:33,6.05,6.30,6.00,6.20,11700,1332675
20200518,12:34,6.20,6.45,6.15,6.25,18450,1332675
20200518,12:35,6.30,6.30,6.15,6.20,9750,1332675
20200518,12:36,6.25,6.25,6.05,6.10,6825,1331250
20200518,12:37,6.05,6.15,6.05,6.05,12825,1331250
20200518,12:38,6.10,6.10,5.95,5.95,7875,1331250
20200518,12:39,5.95,6.10,5.90,6.10,7875,1336575
20200518,12:40,6.05,6.10,6.05,6.05,3225,1336575
20200518,12:41,6.05,6.10,6.00,6.05,5325,1336575
20200518,12:42,6.05,6.05,6.00,6.05,9375,1339125
20200518,12:43,6.05,6.05,6.00,6.05,4125,1339125
20200518,12:44,6.05,6.15,6.00,6.15,13200,1339125
20200518,12:45,6.10,6.50,6.10,6.25,21075,1338150
20200518,12:46,6.25,6.35,6.20,6.20,6450,1338150
20200518,12:47,6.20,6.30,6.20,6.25,3150,1338150
20200518,12:48,6.15,6.20,6.05,6.15,8325,1330950
20200518,12:49,6.10,6.10,6.05,6.10,3975,1330950
20200518,12:50,6.10,6.15,5.95,6.05,16425,1330950
20200518,12:51,6.00,6.10,6.00,6.05,11625,1332300
20200518,12:52,6.00,6.05,5.95,5.95,23550,1332300
20200518,12:53,5.95,6.00,5.95,5.95,3900,1332300
20200518,12:54,5.95,6.00,5.90,6.00,10875,1337400
20200518,12:55,6.00,6.00,5.95,5.95,5100,1337400
20200518,12:56,5.90,6.00,5.90,5.95,6975,1337400
20200518,12:57,5.90,5.90,5.85,5.85,5400,1343475
20200518,12:58,5.90,5.90,5.80,5.80,18750,1343475
20200518,12:59,5.90,5.90,5.80,5.85,3675,1343475
20200518,13:00,5.90,5.90,5.80,5.85,3450,1345650
20200518,13:01,5.85,5.90,5.85,5.90,4275,1345650
20200518,13:02,5.85,5.95,5.85,5.95,10275,1345650
20200518,13:03,5.95,6.00,5.90,5.95,23625,1355775
20200518,13:04,5.95,6.00,5.90,6.00,9150,1355775
20200518,13:05,6.00,6.00,5.95,5.95,3675,1355775
20200518,13:06,5.95,5.95,5.80,5.80,21975,1367325
20200518,13:07,5.90,5.90,5.80,5.80,5775,1367325
20200518,13:08,5.85,5.90,5.75,5.75,12900,1367325
20200518,13:09,5.85,5.85,5.70,5.70,13500,1376550
20200518,13:10,5.75,5.75,5.75,5.75,22350,1376550
20200518,13:11,5.70,5.70,5.65,5.65,7650,1376550
20200518,13:12,5.70,5.70,5.70,5.70,7350,1388925
20200518,13:13,5.65,5.65,5.65,5.65,23325,1388925
20200518,13:14,5.65,5.70,5.65,5.65,10125,1388925
20200518,13:15,5.65,5.70,5.55,5.55,16125,1390050
20200518,13:16,5.55,5.55,5.45,5.45,16725,1390050
20200518,13:17,5.45,5.50,5.45,5.50,11850,1390050
20200518,13:18,5.50,5.55,5.50,5.55,6450,1395825
20200518,13:19,5.50,5.55,5.50,5.50,5550,1395825
20200518,13:20,5.50,5.60,5.50,5.55,7050,1395825
20200518,13:21,5.55,5.65,5.55,5.60,27075,1405725
20200518,13:22,5.65,5.65,5.60,5.60,13800,1405725
20200518,13:23,5.55,5.60,5.55,5.55,7350,1405725
20200518,13:24,5.55,5.55,5.50,5.50,13500,1419525
20200518,13:25,5.50,5.55,5.50,5.50,6675,1419525
20200518,13:26,5.50,5.55,5.45,5.45,11400,1419525
20200518,13:27,5.45,5.45,5.20,5.25,27675,1440150
20200518,13:28,5.25,5.30,5.20,5.25,22125,1440150
20200518,13:29,5.20,5.25,5.20,5.25,22275,1440150
20200518,13:30,5.20,5.25,5.00,5.10,60825,1456200
20200518,13:31,5.10,5.10,5.00,5.05,47400,1456200
20200518,13:32,5.00,5.20,5.00,5.10,49050,1456200
20200518,13:33,5.10,5.15,5.00,5.05,28875,1482450
20200518,13:34,5.05,5.10,5.00,5.05,63000,1482450
20200518,13:35,5.10,5.25,5.05,5.20,55800,1482450
20200518,13:36,5.20,5.40,5.20,5.35,36675,1536450
20200518,13:37,5.35,5.35,5.20,5.20,9975,1536450
20200518,13:38,5.25,5.30,5.20,5.20,4200,1536450
20200518,13:39,5.20,5.25,5.15,5.20,7275,1554000
20200518,13:40,5.20,5.25,5.10,5.10,6300,1554000
20200518,13:41,5.10,5.20,5.10,5.15,2250,1554000
20200518,13:42,5.15,5.20,5.10,5.10,7650,1565925
20200518,13:43,5.10,5.10,5.00,5.00,14025,1565925
20200518,13:44,5.00,5.05,4.95,5.00,17625,1565925
20200518,13:45,5.00,5.05,5.00,5.05,14025,1577850
20200518,13:46,5.05,5.15,5.05,5.10,10275,1577850
20200518,13:47,5.10,5.35,5.05,5.35,38925,1577850
20200518,13:48,5.35,5.70,5.35,5.60,19200,1575750
20200518,13:49,5.60,5.80,5.60,5.70,12525,1575750
20200518,13:50,5.75,6.00,5.75,5.95,28950,1575750
20200518,13:51,5.85,5.85,5.60,5.70,29925,1568925
20200518,13:52,5.65,5.75,5.50,5.55,16875,1568925
20200518,13:53,5.55,5.55,5.45,5.45,13725,1568925
20200518,13:54,5.45,5.60,5.45,5.60,14025,1578600
20200518,13:55,5.65,6.00,5.60,5.75,35025,1578600
20200518,13:56,5.80,5.80,5.65,5.70,15225,1578600
20200518,13:57,5.70,5.80,5.65,5.80,32475,1583475
20200518,13:58,5.85,5.90,5.75,5.80,21600,1583475
20200518,13:59,5.75,5.80,5.65,5.70,7950,1583475
20200518,14:00,5.70,5.80,5.60,5.60,7200,1576950
20200518,14:01,5.65,5.65,5.45,5.45,13500,1576950
20200518,14:02,5.40,5.45,5.30,5.35,25050,1576950
20200518,14:03,5.40,5.50,5.25,5.25,45225,1594950
20200518,14:04,5.35,5.45,5.35,5.40,11400,1594950
20200518,14:05,5.50,5.55,5.40,5.50,17025,1594950
20200518,14:06,5.50,5.50,5.45,5.45,3750,1620225
20200518,14:07,5.50,5.60,5.45,5.55,10575,1620225
20200518,14:08,5.55,5.70,5.45,5.55,12150,1620225
20200518,14:09,5.50,5.55,5.45,5.55,4200,1632150
20200518,14:10,5.55,5.65,5.50,5.60,7275,1632150
20200518,14:11,5.65,5.65,5.50,5.55,4275,1632150
20200518,14:12,5.60,5.75,5.60,5.60,18150,1624575
20200518,14:13,5.65,5.65,5.50,5.50,4800,1624575
20200518,14:14,5.50,5.55,5.40,5.40,9300,1624575
20200518,14:15,5.45,5.50,5.30,5.35,7500,1625250
20200518,14:16,5.30,5.50,5.30,5.40,10800,1625250
20200518,14:17,5.40,5.40,5.20,5.20,8775,1625250
20200518,14:18,5.20,5.20,4.95,5.00,22350,1622625
20200518,14:19,5.00,5.05,4.90,4.95,10875,1622625
20200518,14:20,4.95,5.20,4.95,5.10,30075,1622625
20200518,14:21,5.15,5.25,5.15,5.15,13050,1640325
20200518,14:22,5.20,5.30,5.20,5.20,12300,1640325
20200518,14:23,5.25,5.35,5.20,5.35,6900,1640325
20200518,14:24,5.35,5.40,5.25,5.30,9150,1639350
20200518,14:25,5.30,5.30,5.20,5.25,6900,1639350
20200518,14:26,5.25,5.30,5.20,5.20,9075,1639350
20200518,14:27,5.20,5.30,5.15,5.30,14175,1647375
20200518,14:28,5.25,5.40,5.20,5.35,14700,1647375
20200518,14:29,5.35,5.40,5.30,5.35,3000,1647375
20200518,14:30,5.30,5.35,5.25,5.30,5325,1651575
20200518,14:31,5.30,5.35,5.25,5.30,10950,1651575
20200518,14:32,5.35,5.40,5.30,5.30,9750,1651575
20200518,14:33,5.30,5.35,5.20,5.20,5550,1657650
20200518,14:34,5.20,5.30,5.15,5.15,13125,1657650
20200518,14:35,5.15,5.25,5.10,5.15,15975,1657650
20200518,14:36,5.15,5.20,5.10,5.10,11700,1678800
20200518,14:37,5.15,5.20,5.00,5.00,20775,1678800
20200518,14:38,5.00,5.05,4.95,5.00,29100,1678800
20200518,14:39,5.00,5.05,4.95,5.00,30900,1665225
20200518,14:40,5.00,5.10,4.95,5.00,80100,1665225
20200518,14:41,5.05,5.05,4.85,4.90,29325,1665225
20200518,14:42,4.95,4.95,4.85,4.90,27300,1704525
20200518,14:43,4.85,4.90,4.80,4.85,27075,1704525
20200518,14:44,4.85,4.90,4.70,4.75,21750,1704525
20200518,14:45,4.75,4.80,4.60,4.60,31500,1702950
20200518,14:46,4.60,4.65,4.50,4.65,45300,1702950
20200518,14:47,4.65,4.70,4.55,4.70,26775,1702950
20200518,14:48,4.65,4.75,4.65,4.70,27675,1693425
20200518,14:49,4.75,4.75,4.60,4.70,31050,1693425
20200518,14:50,4.75,4.75,4.60,4.65,13875,1693425
20200518,14:51,4.65,4.70,4.55,4.70,38625,1699275
20200518,14:52,4.65,4.75,4.65,4.75,38700,1699275
20200518,14:53,4.75,4.85,4.75,4.85,28125,1699275
20200518,14:54,4.80,4.85,4.80,4.80,35250,1717125
20200518,14:55,4.80,4.90,4.75,4.80,36675,1717125
20200518,14:56,4.80,4.80,4.70,4.75,30300,1717125
20200518,14:57,4.80,4.80,4.65,4.70,29700,1735950
20200518,14:58,4.70,4.75,4.65,4.70,20775,1735950
20200518,14:59,4.70,4.70,4.55,4.65,30075,1735950
20200518,15:00,4.65,4.65,4.55,4.60,32250,1746075
20200518,15:01,4.55,4.55,4.45,4.45,32700,1746075
20200518,15:02,4.45,4.45,4.25,4.35,50025,1746075
20200518,15:03,4.35,4.45,4.30,4.45,37050,1740525
20200518,15:04,4.45,4.50,4.40,4.40,22425,1740525
20200518,15:05,4.45,4.45,4.30,4.30,27600,1740525
20200518,15:06,4.35,4.40,4.25,4.30,36600,1737375
20200518,15:07,4.30,4.50,4.30,4.45,53700,1737375
20200518,15:08,4.50,4.50,4.40,4.45,25425,1737375
20200518,15:09,4.50,4.50,4.45,4.50,29325,1733250
20200518,15:10,4.45,4.45,4.35,4.35,49575,1733250
20200518,15:11,4.35,4.45,4.35,4.45,46875,1733250
20200518,15:12,4.40,4.45,4.35,4.40,30375,1735575
20200518,15:13,4.40,4.40,4.25,4.30,68625,1735575
20200518,15:14,4.30,4.40,4.25,4.35,37425,1735575
20200518,15:15,4.35,4.45,4.35,4.40,45300,1733700
20200518,15:16,4.35,4.40,4.30,4.30,21375,1733700
20200518,15:17,4.35,4.35,4.25,4.30,21750,1733700
20200518,15:18,4.30,4.40,4.30,4.40,26400,1730100
20200518,15:19,4.40,4.45,4.35,4.40,39525,1730100
20200518,15:20,4.40,4.45,4.30,4.30,44100,1730100
20200518,15:21,4.30,4.40,4.25,4.35,50175,1718400
20200518,15:22,4.35,4.45,4.35,4.45,27975,1718400
20200518,15:23,4.40,4.50,4.40,4.40,30975,1718400
20200518,15:24,4.40,4.45,4.35,4.40,21825,1721100
20200518,15:25,4.35,4.40,4.25,4.25,45450,1721100
20200518,15:26,4.25,4.30,4.20,4.25,47925,1721100
20200518,15:27,4.25,4.25,4.15,4.20,26550,1734600
20200518,15:28,4.20,4.25,4.15,4.15,30150,1734600
20200518,15:29,4.20,4.20,4.00,4.00,30975,1734600
20200519,09:15,5.25,5.30,3.40,3.60,87902,1720575
20200519,09:16,3.55,3.65,3.55,3.55,48825,1720575
20200519,09:17,3.50,3.75,3.50,3.75,58275,1722825
20200519,09:18,3.75,4.55,3.70,4.45,70875,1722825
20200519,09:19,4.50,4.70,4.25,4.50,63150,1722825
20200519,09:20,4.50,4.85,4.50,4.75,84600,1752600
20200519,09:21,4.80,4.80,4.35,4.55,48300,1752600
20200519,09:22,4.50,4.65,4.50,4.50,38400,1752600
20200519,09:23,4.45,4.50,4.15,4.15,42300,1752600
20200519,09:24,4.10,4.15,3.65,3.65,72675,1752600
20200519,09:25,3.70,3.75,3.50,3.55,46050,1752600
20200519,09:26,3.55,3.70,3.55,3.60,49725,1760850
20200519,09:27,3.60,3.75,3.55,3.75,46575,1760850
20200519,09:28,3.70,3.75,3.55,3.55,37650,1760850
20200519,09:29,3.45,3.60,3.45,3.55,25650,1766700
20200519,09:30,3.60,3.60,3.20,3.20,66675,1766700
20200519,09:31,3.20,3.35,3.20,3.30,26400,1766700
20200519,09:32,3.30,3.35,3.25,3.30,12450,1763775
20200519,09:33,3.20,3.25,3.15,3.25,38325,1763775
20200519,09:34,3.25,3.40,3.25,3.35,16350,1763775
20200519,09:35,3.40,3.60,3.40,3.50,22050,1746750
20200519,09:36,3.55,3.60,3.45,3.55,24900,1746750
20200519,09:37,3.60,3.65,3.50,3.60,25050,1746750
20200519,09:38,3.50,3.60,3.50,3.50,8850,1753200
20200519,09:39,3.55,3.75,3.45,3.75,19800,1753200
20200519,09:40,3.75,3.85,3.60,3.75,25275,1753200
20200519,09:41,3.70,3.80,3.65,3.65,23175,1761225
20200519,09:42,3.65,3.80,3.65,3.65,22200,1761225
20200519,09:43,3.70,3.75,3.55,3.55,8925,1761225
20200519,09:44,3.60,3.70,3.55,3.60,15225,1762725
20200519,09:45,3.60,3.90,3.60,3.75,45600,1762725
20200519,09:46,3.85,3.85,3.65,3.75,33075,1762725
20200519,09:47,3.75,3.75,3.60,3.65,10800,1765425
20200519,09:48,3.65,3.70,3.55,3.70,7950,1765425
20200519,09:49,3.65,3.80,3.60,3.75,14625,1765425
20200519,09:50,3.75,3.90,3.70,3.75,31650,1748475
20200519,09:51,3.75,3.75,3.60,3.65,25050,1748475
20200519,09:52,3.65,3.70,3.60,3.60,21225,1748475
20200519,09:53,3.60,3.65,3.45,3.55,25350,1750950
20200519,09:54,3.50,3.70,3.50,3.60,8700,1750950
20200519,09:55,3.70,3.70,3.55,3.60,27450,1750950
20200519,09:56,3.60,3.60,3.50,3.50,20625,1748700
20200519,09:57,3.50,3.55,3.45,3.50,6000,1748700
20200519,09:58,3.45,3.55,3.45,3.50,12900,1748700
20200519,09:59,3.45,3.50,3.35,3.35,21600,1742700
20200519,10:00,3.35,3.40,3.30,3.30,16125,1742700
20200519,10:01,3.30,3.30,3.20,3.30,27900,1742700
20200519,10:02,3.25,3.45,3.25,3.45,13875,1737525
20200519,10:03,3.40,3.55,3.40,3.55,10800,1737525
20200519,10:04,3.55,3.65,3.50,3.60,35025,1737525
20200519,10:05,3.60,3.65,3.40,3.40,33150,1747500
20200519,10:06,3.40,3.55,3.35,3.35,57000,1747500
20200519,10:07,3.40,3.45,3.30,3.40,20400,1747500
20200519,10:08,3.40,3.45,3.35,3.40,14325,1734150
20200519,10:09,3.35,3.45,3.35,3.40,16950,1734150
20200519,10:10,3.45,3.45,3.35,3.40,15075,1734150
20200519,10:11,3.40,3.40,3.35,3.40,12675,1722675
20200519,10:12,3.35,3.35,3.20,3.20,24825,1722675
20200519,10:13,3.25,3.35,3.20,3.25,15075,1722675
20200519,10:14,3.25,3.30,3.20,3.25,8025,1730475
20200519,10:15,3.25,3.40,3.25,3.35,14250,1730475
20200519,10:16,3.40,3.55,3.35,3.50,16425,1730475
20200519,10:17,3.50,3.50,3.40,3.45,18675,1722975
20200519,10:18,3.45,3.55,3.45,3.50,19200,1722975
20200519,10:19,3.50,3.65,3.45,3.60,27375,1722975
20200519,10:20,3.65,3.80,3.65,3.70,14400,1719900
20200519,10:21,3.70,3.75,3.55,3.65,14175,1719900
20200519,10:22,3.65,3.65,3.55,3.60,11400,1719900
20200519,10:23,3.60,3.60,3.55,3.55,16650,1727550
20200519,10:24,3.60,3.60,3.55,3.60,4200,1727550
20200519,10:25,3.60,3.80,3.60,3.70,30000,1727550
20200519,10:26,3.70,3.70,3.60,3.60,13200,1727100
20200519,10:27,3.65,3.75,3.50,3.65,32625,1727100
20200519,10:28,3.60,3.65,3.55,3.60,26475,1727100
20200519,10:29,3.65,3.65,3.50,3.50,24900,1706175
20200519,10:30,3.50,3.60,3.40,3.40,18975,1706175
20200519,10:31,3.40,3.45,3.35,3.35,18000,1706175
20200519,10:32,3.35,3.40,3.30,3.30,28350,1721100
20200519,10:33,3.25,3.35,3.25,3.35,17175,1721100
20200519,10:34,3.30,3.40,3.25,3.35,13725,1721100
20200519,10:35,3.35,3.50,3.30,3.40,46275,1719525
20200519,10:36,3.40,3.45,3.35,3.35,41925,1719525
20200519,10:37,3.35,3.35,3.25,3.25,25800,1719525
20200519,10:38,3.25,3.30,3.15,3.15,26025,1687650
20200519,10:39,3.25,3.25,3.15,3.20,14850,1687650
20200519,10:40,3.15,3.25,3.10,3.20,32025,1687650
20200519,10:41,3.20,3.25,3.20,3.20,12000,1685250
20200519,10:42,3.20,3.25,3.20,3.20,13200,1685250
20200519,10:43,3.20,3.30,3.20,3.25,17325,1685250
20200519,10:44,3.30,3.40,3.30,3.35,15750,1682100
20200519,10:45,3.35,3.35,3.25,3.25,6675,1682100
20200519,10:46,3.30,3.30,3.15,3.20,34950,1682100
20200519,10:47,3.15,3.20,3.10,3.20,23100,1691175
20200519,10:48,3.20,3.30,3.15,3.25,32025,1691175
20200519,10:49,3.25,3.30,3.20,3.20,25200,1691175
20200519,10:50,3.20,3.25,3.15,3.20,16275,1686150
20200519,10:51,3.20,3.20,3.15,3.15,10575,1686150
20200519,10:52,3.20,3.20,3.15,3.15,16875,1686150
20200519,10:53,3.20,3.25,3.15,3.20,23325,1682025
20200519,10:54,3.20,3.20,3.15,3.15,12825,1682025
20200519,10:55,3.20,3.25,3.15,3.20,11700,1682025
20200519,10:56,3.20,3.20,3.15,3.15,12075,1688400
20200519,10:57,3.15,3.20,3.15,3.15,11925,1688400
20200519,10:58,3.20,3.25,3.15,3.20,10275,1688400
20200519,10:59,3.20,3.20,3.15,3.15,12075,1678650
20200519,11:00,3.15,3.20,3.10,3.10,8250,1678650
20200519,11:01,3.10,3.10,3.00,3.00,26175,1678650
20200519,11:02,3.00,3.00,2.95,2.95,26400,1677150
20200519,11:03,2.95,3.00,2.80,2.80,17025,1677150
20200519,11:04,2.80,2.85,2.80,2.85,11475,1677150
20200519,11:05,2.85,2.85,2.65,2.65,26400,1684350
20200519,11:06,2.60,2.65,2.50,2.65,35925,1684350
20200519,11:07,2.60,2.70,2.60,2.70,23550,1684350
20200519,11:08,2.70,2.75,2.65,2.65,39450,1675800
20200519,11:09,2.65,2.75,2.65,2.65,23475,1675800
20200519,11:10,2.65,2.75,2.65,2.75,14925,1675800
20200519,11:11,2.70,2.75,2.70,2.70,8625,1667175
20200519,11:12,2.70,2.70,2.55,2.60,24600,1667175
20200519,11:13,2.60,2.60,2.50,2.55,24150,1667175
20200519,11:14,2.55,2.55,2.45,2.55,25200,1664025
20200519,11:15,2.55,2.55,2.45,2.45,21525,1664025
20200519,11:16,2.45,2.55,2.45,2.50,40875,1664025
20200519,11:17,2.40,2.50,2.40,2.45,19875,1667550
20200519,11:18,2.40,2.40,2.25,2.30,30000,1667550
20200519,11:19,2.30,2.30,2.15,2.30,35175,1667550
20200519,11:20,2.25,2.25,2.20,2.25,14475,1652250
20200519,11:21,2.25,2.30,2.20,2.30,8025,1652250
20200519,11:22,2.25,2.35,2.25,2.35,11700,1652250
20200519,11:23,2.30,2.40,2.30,2.35,17400,1645725
20200519,11:24,2.40,2.40,2.35,2.35,19350,1645725
20200519,11:25,2.35,2.40,2.35,2.40,5775,1645725
20200519,11:26,2.35,2.40,2.35,2.35,1725,1647000
20200519,11:27,2.35,2.40,2.35,2.40,3150,1647000
20200519,11:28,2.40,2.40,2.30,2.30,12525,1647000
20200519,11:29,2.30,2.30,2.30,2.30,13050,1638075
20200519,11:30,2.30,2.30,2.25,2.25,15600,1638075
20200519,11:31,2.25,2.25,2.15,2.15,32325,1638075
20200519,11:32,2.15,2.20,2.15,2.20,12225,1627275
20200519,11:33,2.20,2.20,2.15,2.20,21900,1627275
20200519,11:34,2.25,2.25,2.20,2.20,12375,1627275
20200519,11:35,2.20,2.20,2.20,2.20,2025,1612200
20200519,11:36,2.20,2.25,2.20,2.20,4725,1612200
20200519,11:37,2.25,2.25,2.20,2.25,8400,1612200
20200519,11:38,2.25,2.25,2.25,2.25,12450,1612950
20200519,11:39,2.25,2.25,2.25,2.25,3675,1612950
20200519,11:40,2.30,2.30,2.25,2.30,8850,1612950
20200519,11:41,2.35,2.35,2.30,2.35,4575,1611900
20200519,11:42,2.30,2.35,2.30,2.30,5025,1611900
20200519,11:43,2.25,2.30,2.25,2.25,3675,1611900
20200519,11:44,2.30,2.35,2.30,2.30,11775,1611900
20200519,11:45,2.30,2.30,2.20,2.20,14025,1613025
20200519,11:46,2.25,2.30,2.25,2.30,6375,1613025
20200519,11:47,2.25,2.30,2.25,2.30,600,1613025
20200519,11:48,2.30,2.35,2.30,2.35,4350,1613025
20200519,11:49,2.30,2.35,2.30,2.30,3300,1613025
20200519,11:50,2.35,2.35,2.35,2.35,225,1610175
20200519,11:51,2.35,2.40,2.35,2.40,3600,1610175
20200519,11:52,2.40,2.40,2.35,2.40,7575,1610175
20200519,11:53,2.35,2.40,2.35,2.40,5325,1610175
20200519,11:54,2.40,2.40,2.35,2.35,7500,1605375
20200519,11:55,2.40,2.45,2.35,2.45,3975,1605375
20200519,11:56,2.45,2.50,2.40,2.45,6600,1605375
20200519,11:57,2.45,2.45,2.35,2.35,5700,1604775
20200519,11:58,2.40,2.50,2.35,2.45,6300,1604775
20200519,11:59,2.45,2.45,2.40,2.45,1575,1604775
20200519,12:00,2.45,2.45,2.40,2.40,3375,1604250
20200519,12:01,2.45,2.45,2.40,2.40,1200,1604250
20200519,12:02,2.35,2.40,2.35,2.35,5700,1602600
20200519,12:03,2.40,2.40,2.40,2.40,7350,1602600
20200519,12:04,2.40,2.40,2.35,2.35,9300,1602600
20200519,12:05,2.40,2.40,2.35,2.35,6300,1602600
20200519,12:06,2.30,2.30,2.30,2.30,1425,1602825
20200519,12:07,2.30,2.30,2.20,2.20,8475,1602825
20200519,12:08,2.25,2.25,2.25,2.25,2475,1602825
20200519,12:09,2.20,2.20,2.20,2.20,225,1608375
20200519,12:10,2.20,2.25,2.20,2.25,5325,1608375
20200519,12:11,2.20,2.20,2.20,2.20,5700,1608375
20200519,12:12,2.20,2.20,2.15,2.15,4800,1610025
20200519,12:13,2.20,2.20,2.15,2.15,1800,1610025
20200519,12:14,2.20,2.20,2.15,2.20,6075,1610025
20200519,12:15,2.20,2.20,2.15,2.15,4800,1611000
20200519,12:16,2.20,2.20,2.10,2.10,4350,1611000
20200519,12:17,2.10,2.15,2.10,2.15,3525,1611000
20200519,12:18,2.15,2.20,2.15,2.20,525,1606425
20200519,12:19,2.20,2.20,2.20,2.20,2775,1606425
20200519,12:20,2.20,2.20,2.15,2.15,8025,1606425
20200519,12:21,2.20,2.20,2.15,2.15,9000,1605375
20200519,12:22,2.15,2.30,2.15,2.30,10800,1605375
20200519,12:23,2.25,2.30,2.25,2.25,1275,1605375
20200519,12:24,2.30,2.30,2.30,2.30,525,1598850
20200519,12:25,2.30,2.30,2.25,2.25,825,1598850
20200519,12:26,2.25,2.30,2.25,2.25,5550,1598850
20200519,12:27,2.30,2.30,2.30,2.30,1425,1598775
20200519,12:28,2.30,2.35,2.30,2.30,3225,1598775
20200519,12:29,2.35,2.35,2.35,2.35,750,1598775
20200519,12:30,2.35,2.35,2.35,2.35,6450,1595625
20200519,12:31,2.30,2.35,2.30,2.30,7425,1595625
20200519,12:32,2.30,2.30,2.25,2.30,18000,1595625
20200519,12:33,2.30,2.35,2.25,2.35,35100,1599300
20200519,12:34,2.35,2.40,2.35,2.35,10650,1599300
20200519,12:35,2.35,2.35,2.30,2.30,5550,1599300
20200519,12:36,2.35,2.35,2.35,2.35,8325,1589775
20200519,12:37,2.35,2.35,2.30,2.35,8025,1589775
20200519,12:38,2.35,2.35,2.35,2.35,3675,1589775
20200519,12:39,2.35,2.35,2.30,2.30,9225,1590375
20200519,12:40,2.30,2.30,2.25,2.25,12075,1590375
20200519,12:41,2.25,2.25,2.20,2.25,5475,1590375
20200519,12:42,2.25,2.30,2.25,2.30,3150,1592475
20200519,12:43,2.25,2.25,2.25,2.25,225,1592475
20200519,12:44,2.25,2.25,2.20,2.25,5700,1592475
20200519,12:45,2.25,2.30,2.25,2.30,7950,1593225
20200519,12:46,2.30,2.30,2.25,2.30,6600,1593225
20200519,12:47,2.35,2.35,2.35,2.35,300,1593225
20200519,12:48,2.30,2.35,2.30,2.35,12150,1591200
20200519,12:49,2.35,2.35,2.30,2.30,10050,1591200
20200519,12:50,2.30,2.40,2.30,2.35,28725,1591200
20200519,12:51,2.35,2.35,2.30,2.30,9600,1574400
20200519,12:52,2.30,2.35,2.30,2.35,9150,1574400
20200519,12:53,2.35,2.35,2.30,2.35,2475,1574400
20200519,12:54,2.35,2.35,2.30,2.30,17025,1576050
20200519,12:55,2.30,2.30,2.20,2.20,30675,1576050
20200519,12:56,2.20,2.20,2.15,2.20,30000,1576050
20200519,12:57,2.25,2.25,2.15,2.20,18300,1581225
20200519,12:58,2.20,2.30,2.20,2.25,25650,1581225
20200519,12:59,2.25,2.25,2.15,2.20,22425,1581225
20200519,13:00,2.15,2.15,2.10,2.15,20475,1575000
20200519,13:01,2.15,2.20,2.10,2.15,13725,1575000
20200519,13:02,2.15,2.25,2.15,2.25,16950,1575000
20200519,13:03,2.25,2.30,2.20,2.30,24600,1568550
20200519,13:04,2.35,2.35,2.30,2.30,20625,1568550
20200519,13:05,2.25,2.30,2.25,2.25,28350,1568550
20200519,13:06,2.25,2.30,2.15,2.15,54075,1575300
20200519,13:07,2.15,2.20,2.15,2.20,12450,1575300
20200519,13:08,2.20,2.20,2.15,2.15,14400,1575300
20200519,13:09,2.20,2.25,2.15,2.25,34050,1585425
20200519,13:10,2.25,2.25,2.15,2.15,61575,1585425
20200519,13:11,2.15,2.15,2.10,2.15,14625,1585425
20200519,13:12,2.15,2.15,2.15,2.15,18075,1597800
20200519,13:13,2.15,2.20,2.15,2.15,5925,1597800
20200519,13:14,2.15,2.20,2.15,2.20,3900,1597800
20200519,13:15,2.20,2.20,2.15,2.20,11025,1595025
20200519,13:16,2.20,2.25,2.20,2.25,8625,1595025
20200519,13:17,2.20,2.20,2.20,2.20,225,1595025
20200519,13:18,2.20,2.20,2.20,2.20,13050,1593900
20200519,13:19,2.15,2.20,2.15,2.20,9000,1593900
20200519,13:20,2.20,2.20,2.20,2.20,5850,1593900
20200519,13:21,2.20,2.20,2.15,2.15,4125,1592025
20200519,13:22,2.20,2.20,2.15,2.15,24675,1592025
20200519,13:23,2.15,2.15,2.10,2.10,5400,1592025
20200519,13:24,2.10,2.10,2.05,2.05,13575,1610325
20200519,13:25,2.05,2.10,2.05,2.05,14250,1610325
20200519,13:26,2.05,2.05,2.00,2.05,15450,1610325
20200519,13:27,2.05,2.05,2.00,2.00,6225,1626375
20200519,13:28,2.05,2.05,2.00,2.00,22425,1626375
20200519,13:29,2.00,2.05,2.00,2.00,19875,1626375
20200519,13:30,1.95,1.95,1.85,1.90,48300,1608525
20200519,13:31,1.90,1.95,1.85,1.95,15450,1608525
20200519,13:32,1.95,1.95,1.90,1.95,825,1608525
20200519,13:33,1.90,1.95,1.90,1.95,10950,1600725
20200519,13:34,1.90,1.90,1.90,1.90,9525,1600725
20200519,13:35,1.85,1.85,1.85,1.85,11250,1600725
20200519,13:36,1.85,1.85,1.80,1.80,24075,1596900
20200519,13:37,1.80,1.85,1.80,1.85,16875,1596900
20200519,13:38,1.85,1.90,1.80,1.90,13200,1596900
20200519,13:39,1.85,1.90,1.85,1.90,4575,1587075
20200519,13:40,1.90,1.95,1.85,1.95,11175,1587075
20200519,13:41,1.90,2.00,1.90,2.00,6150,1587075
20200519,13:42,2.00,2.00,1.85,1.95,38325,1583250
20200519,13:43,1.90,2.00,1.90,1.95,11400,1583250
20200519,13:44,2.00,2.00,1.95,1.95,5550,1583250
20200519,13:45,2.00,2.05,2.00,2.00,14475,1567350
20200519,13:46,1.95,1.95,1.90,1.95,7875,1567350
20200519,13:47,1.95,2.00,1.95,1.95,7350,1567350
20200519,13:48,1.95,1.95,1.90,1.95,8025,1571025
20200519,13:49,1.95,2.00,1.95,2.00,5325,1571025
20200519,13:50,2.00,2.05,1.95,2.00,16950,1571025
20200519,13:51,2.00,2.00,1.95,1.95,4050,1566150
20200519,13:52,1.95,2.00,1.95,2.00,18000,1566150
20200519,13:53,2.00,2.00,1.95,1.95,12900,1566150
20200519,13:54,2.00,2.00,1.95,1.95,12150,1581000
20200519,13:55,1.90,1.95,1.90,1.95,1125,1581000
20200519,13:56,1.90,1.95,1.90,1.90,5925,1581000
20200519,13:57,1.90,1.95,1.90,1.95,2925,1580550
20200519,13:58,1.90,1.90,1.90,1.90,4575,1580550
20200519,13:59,1.90,1.95,1.90,1.95,28200,1580550
20200519,14:00,1.90,2.00,1.90,2.00,3825,1560825
20200519,14:01,2.00,2.05,2.00,2.05,2775,1560825
20200519,14:02,2.00,2.05,2.00,2.05,6450,1560825
20200519,14:03,2.00,2.00,1.95,1.95,10950,1562475
20200519,14:04,1.95,2.05,1.95,2.00,16500,1562475
20200519,14:05,2.00,2.00,2.00,2.00,7050,1562475
20200519,14:06,2.00,2.00,1.90,1.95,5550,1562550
20200519,14:07,1.90,2.00,1.90,2.00,40050,1562550
20200519,14:08,2.00,2.05,2.00,2.00,38775,1562550
20200519,14:09,2.00,2.05,1.95,2.00,16350,1556550
20200519,14:10,1.95,2.00,1.95,1.95,2475,1556550
20200519,14:11,2.00,2.00,1.85,1.85,32400,1556550
20200519,14:12,1.85,1.95,1.85,1.90,14400,1567575
20200519,14:13,1.95,2.00,1.90,2.00,12450,1567575
20200519,14:14,2.00,2.00,1.95,1.95,6750,1567575
20200519,14:15,1.95,2.00,1.95,2.00,5550,1563750
20200519,14:16,1.95,2.00,1.95,2.00,12825,1563750
20200519,14:17,2.00,2.00,1.95,2.00,6075,1563750
20200519,14:18,1.95,1.95,1.90,1.90,13275,1551825
20200519,14:19,1.95,2.00,1.90,2.00,18000,1551825
20200519,14:20,2.00,2.05,2.00,2.05,12075,1551825
20200519,14:21,2.05,2.10,2.05,2.10,4725,1550925
20200519,14:22,2.05,2.05,2.00,2.00,14025,1550925
20200519,14:23,2.00,2.00,1.95,2.00,8925,1550925
20200519,14:24,2.05,2.05,2.05,2.05,4800,1550475
20200519,14:25,2.05,2.05,2.00,2.05,14925,1550475
20200519,14:26,2.00,2.05,1.95,1.95,14400,1550475
20200519,14:27,2.00,2.00,1.95,2.00,5325,1550700
20200519,14:28,2.00,2.00,1.95,1.95,2175,1550700
20200519,14:29,1.95,1.95,1.95,1.95,13275,1550700
20200519,14:30,1.90,1.95,1.90,1.90,4125,1552125
20200519,14:31,1.90,1.95,1.90,1.95,4650,1552125
20200519,14:32,1.90,1.90,1.85,1.90,24375,1552125
20200519,14:33,1.90,1.90,1.90,1.90,24225,1560375
20200519,14:34,1.90,1.90,1.85,1.90,7425,1560375
20200519,14:35,1.85,1.90,1.85,1.85,2850,1560375
20200519,14:36,1.85,1.90,1.85,1.90,4125,1551000
20200519,14:37,1.85,1.95,1.85,1.95,25200,1551000
20200519,14:38,1.95,1.95,1.90,1.90,9150,1551000
20200519,14:39,1.90,1.90,1.85,1.90,3975,1553025
20200519,14:40,1.90,1.90,1.80,1.80,25425,1553025
20200519,14:41,1.80,1.85,1.80,1.80,12975,1553025
20200519,14:42,1.80,1.80,1.75,1.80,16125,1550175
20200519,14:43,1.80,1.85,1.80,1.85,3825,1550175
20200519,14:44,1.85,1.85,1.85,1.85,11700,1550175
20200519,14:45,1.85,1.85,1.80,1.80,2775,1550625
20200519,14:46,1.80,1.85,1.80,1.80,8175,1550625
20200519,14:47,1.80,1.80,1.75,1.75,4050,1550625
20200519,14:48,1.75,1.80,1.75,1.75,8775,1550925
20200519,14:49,1.80,1.80,1.75,1.75,4575,1550925
20200519,14:50,1.75,1.75,1.70,1.70,17325,1550925
20200519,14:51,1.75,1.75,1.70,1.70,22500,1546725
20200519,14:52,1.75,1.75,1.70,1.70,8325,1546725
20200519,14:53,1.70,1.70,1.70,1.70,7875,1546725
20200519,14:54,1.70,1.70,1.70,1.70,300,1546200
20200519,14:55,1.70,1.70,1.70,1.70,3300,1546200
20200519,14:56,1.70,1.70,1.65,1.65,21375,1546200
20200519,14:57,1.60,1.60,1.55,1.60,25950,1551300
20200519,14:58,1.60,1.65,1.60,1.65,23700,1551300
20200519,14:59,1.65,1.70,1.65,1.65,19725,1551300
20200519,15:00,1.65,1.65,1.60,1.60,10800,1544400
20200519,15:01,1.60,1.60,1.60,1.60,2100,1544400
20200519,15:02,1.60,1.60,1.60,1.60,12825,1544400
20200519,15:03,1.65,1.65,1.60,1.60,10200,1544100
20200519,15:04,1.60,1.60,1.55,1.55,10275,1544100
20200519,15:05,1.55,1.60,1.55,1.60,6975,1544100
20200519,15:06,1.60,1.60,1.55,1.55,11700,1542450
20200519,15:07,1.55,1.60,1.55,1.55,8400,1542450
20200519,15:08,1.60,1.60,1.55,1.60,4200,1542450
20200519,15:09,1.60,1.60,1.55,1.55,5175,1545600
20200519,15:10,1.55,1.60,1.50,1.50,19200,1545600
20200519,15:11,1.50,1.55,1.50,1.55,8100,1545600
20200519,15:12,1.55,1.60,1.50,1.60,6825,1543950
20200519,15:13,1.55,1.65,1.55,1.65,45450,1543950
20200519,15:14,1.60,1.65,1.60,1.65,7200,1543950
20200519,15:15,1.60,1.60,1.60,1.60,13350,1540725
20200519,15:16,1.60,1.65,1.55,1.60,12375,1540725
20200519,15:17,1.60,1.60,1.55,1.60,14925,1540725
20200519,15:18,1.60,1.60,1.55,1.60,17475,1546125
20200519,15:19,1.55,1.55,1.55,1.55,11775,1546125
20200519,15:20,1.55,1.60,1.50,1.55,19500,1546125
20200519,15:21,1.55,1.55,1.45,1.50,42375,1555275
20200519,15:22,1.50,1.55,1.45,1.55,58050,1555275
20200519,15:23,1.55,1.55,1.50,1.50,17325,1555275
20200519,15:24,1.55,1.60,1.50,1.55,41925,1547325
20200519,15:25,1.55,1.60,1.45,1.50,18450,1547325
20200519,15:26,1.50,1.50,1.45,1.50,19275,1547325
20200519,15:27,1.45,1.50,1.45,1.50,15525,1546875
20200519,15:28,1.50,1.55,1.45,1.50,20325,1546875
20200519,15:29,1.50,1.55,1.40,1.50,34950,1546875
20200519,15:30,1.50,1.50,1.50,1.50,225,1546875
20200520,09:15,0.75,1.15,0.65,1.05,107328,1546875
20200520,09:16,1.05,1.05,1.00,1.00,12675,1546875
20200520,09:17,1.00,1.10,1.00,1.05,22725,1553025
20200520,09:18,1.10,1.30,1.10,1.30,16500,1553025
20200520,09:19,1.30,1.30,1.20,1.20,28725,1553025
20200520,09:20,1.20,1.40,1.20,1.40,23550,1551825
20200520,09:21,1.35,1.50,1.30,1.40,12975,1551825
20200520,09:22,1.40,1.40,1.35,1.40,9600,1551825
20200520,09:23,1.40,1.45,1.30,1.30,18300,1543650
20200520,09:24,1.30,1.35,1.30,1.35,11475,1543650
20200520,09:25,1.30,1.30,1.25,1.25,13200,1543650
20200520,09:26,1.25,1.30,1.25,1.25,10575,1544925
20200520,09:27,1.25,1.30,1.25,1.25,11175,1544925
20200520,09:28,1.25,1.35,1.25,1.30,4950,1544925
20200520,09:29,1.30,1.30,1.25,1.25,22350,1537350
20200520,09:30,1.25,1.30,1.20,1.25,23100,1537350
20200520,09:31,1.25,1.30,1.25,1.30,2175,1537350
20200520,09:32,1.30,1.35,1.30,1.30,24900,1536750
20200520,09:33,1.30,1.30,1.30,1.30,4950,1536750
20200520,09:34,1.30,1.30,1.30,1.30,1950,1536750
20200520,09:35,1.30,1.30,1.25,1.25,13050,1534500
20200520,09:36,1.25,1.25,1.20,1.20,8925,1534500
20200520,09:37,1.25,1.25,1.25,1.25,19575,1534500
20200520,09:38,1.25,1.30,1.25,1.30,3825,1528575
20200520,09:39,1.30,1.30,1.25,1.25,6375,1528575
20200520,09:40,1.25,1.25,1.20,1.20,13125,1528575
20200520,09:41,1.20,1.20,1.20,1.20,10275,1528650
20200520,09:42,1.20,1.20,1.15,1.15,20175,1528650
20200520,09:43,1.20,1.20,1.15,1.15,2775,1528650
20200520,09:44,1.15,1.20,1.15,1.20,24675,1522275
20200520,09:45,1.20,1.20,1.20,1.20,25425,1522275
20200520,09:46,1.15,1.15,1.15,1.15,150,1522275
20200520,09:47,1.20,1.20,1.15,1.15,7350,1521600
20200520,09:48,1.15,1.20,1.15,1.20,18000,1521600
20200520,09:49,1.20,1.20,1.15,1.20,525,1521600
20200520,09:50,1.15,1.25,1.15,1.20,28500,1521450
20200520,09:51,1.20,1.25,1.20,1.20,4275,1521450
20200520,09:52,1.20,1.25,1.20,1.20,6525,1521450
20200520,09:53,1.20,1.25,1.20,1.25,6675,1520925
20200520,09:54,1.20,1.25,1.20,1.20,12000,1520925
20200520,09:55,1.25,1.25,1.20,1.25,3150,1520925
20200520,09:56,1.20,1.20,1.15,1.20,16725,1519425
20200520,09:57,1.20,1.25,1.20,1.20,7350,1519425
20200520,09:58,1.20,1.20,1.15,1.20,7050,1519425
20200520,09:59,1.20,1.20,1.20,1.20,3600,1518075
20200520,10:00,1.20,1.25,1.20,1.25,17025,1518075
20200520,10:01,1.25,1.25,1.25,1.25,9150,1518075
20200520,10:02,1.30,1.35,1.30,1.35,12750,1518000
20200520,10:03,1.30,1.30,1.25,1.25,15450,1518000
20200520,10:04,1.25,1.25,1.20,1.25,7650,1518000
20200520,10:05,1.25,1.25,1.20,1.20,5100,1514100
20200520,10:06,1.20,1.20,1.20,1.20,1125,1514100
20200520,10:07,1.20,1.20,1.20,1.20,5325,1514100
20200520,10:08,1.20,1.20,1.15,1.20,25575,1525500
20200520,10:09,1.20,1.20,1.20,1.20,6225,1525500
20200520,10:10,1.20,1.20,1.15,1.20,13275,1525500
20200520,10:11,1.15,1.20,1.15,1.15,5700,1514100
20200520,10:12,1.15,1.15,1.15,1.15,75,1514100
20200520,10:14,1.15,1.15,1.15,1.15,450,1514025
20200520,10:15,1.20,1.20,1.20,1.20,5925,1514025
20200520,10:16,1.15,1.15,1.15,1.15,75,1514025
20200520,10:17,1.15,1.15,1.15,1.15,3150,1514025
20200520,10:18,1.15,1.15,1.10,1.10,26025,1514625
20200520,10:19,1.15,1.15,1.10,1.15,375,1514625
20200520,10:20,1.10,1.15,1.10,1.10,1800,1516650
20200520,10:21,1.15,1.15,1.10,1.10,7275,1516650
20200520,10:22,1.10,1.15,1.10,1.10,22725,1516650
20200520,10:23,1.10,1.15,1.10,1.10,3225,1505775
20200520,10:24,1.10,1.10,1.05,1.05,2925,1505775
20200520,10:26,1.05,1.05,1.05,1.05,150,1505775
20200520,10:27,1.05,1.05,1.05,1.05,75,1506750
20200520,10:28,1.10,1.10,1.10,1.10,2100,1506750
20200520,10:29,1.10,1.10,1.05,1.10,15600,1506525
20200520,10:30,1.10,1.10,1.10,1.10,4500,1506525
20200520,10:31,1.05,1.05,1.05,1.05,150,1506525
20200520,10:32,1.05,1.10,1.05,1.10,5925,1506825
20200520,10:33,1.10,1.10,1.10,1.10,150,1506825
20200520,10:34,1.10,1.10,1.10,1.10,3525,1506825
20200520,10:35,1.10,1.10,1.10,1.10,150,1506450
20200520,10:36,1.15,1.15,1.15,1.15,150,1506450
20200520,10:37,1.10,1.10,1.10,1.10,9750,1506450
20200520,10:38,1.10,1.10,1.10,1.10,450,1506450
20200520,10:40,1.10,1.10,1.10,1.10,2700,1506225
20200520,10:42,1.05,1.10,1.05,1.05,28050,1504125
20200520,10:43,1.05,1.05,1.05,1.05,4500,1504125
20200520,10:44,1.05,1.05,1.05,1.05,75,1503150
20200520,10:45,1.05,1.05,1.05,1.05,9000,1503150
20200520,10:46,1.05,1.05,1.05,1.05,12075,1503150
20200520,10:47,1.05,1.05,1.05,1.05,5400,1506900
20200520,10:48,1.05,1.05,1.05,1.05,300,1506900
20200520,10:49,1.05,1.05,1.00,1.00,6075,1506900
20200520,10:50,1.00,1.00,1.00,1.00,2400,1506900
20200520,10:51,1.00,1.00,1.00,1.00,75,1504425
20200520,10:52,1.05,1.05,1.05,1.05,3075,1504425
20200520,10:53,1.05,1.05,1.05,1.05,3000,1504425
20200520,10:54,1.00,1.05,1.00,1.05,3075,1504425
20200520,10:57,1.05,1.05,1.05,1.05,75,1504350
20200520,10:58,1.00,1.00,1.00,1.00,150,1504350
20200520,10:59,1.00,1.00,1.00,1.00,150,1504275
20200520,11:00,1.00,1.00,1.00,1.00,1200,1504275
20200520,11:01,1.05,1.05,1.05,1.05,1050,1504275
20200520,11:02,1.05,1.05,1.05,1.05,1875,1504275
20200520,11:03,1.05,1.05,1.00,1.00,5550,1503000
20200520,11:04,1.00,1.00,1.00,1.00,3900,1503000
20200520,11:05,1.00,1.00,1.00,1.00,675,1501875
20200520,11:06,1.00,1.00,1.00,1.00,450,1501875
20200520,11:07,1.00,1.05,1.00,1.05,525,1501875
20200520,11:08,1.00,1.05,1.00,1.05,975,1502550
20200520,11:09,1.05,1.05,1.05,1.05,750,1502550
20200520,11:10,1.05,1.05,1.00,1.00,1575,1502550
20200520,11:12,1.00,1.05,1.00,1.00,25125,1503975
20200520,11:13,1.00,1.00,1.00,1.00,13575,1503975
20200520,11:14,1.00,1.00,1.00,1.00,27075,1503975
20200520,11:15,1.00,1.05,1.00,1.05,3150,1504425
20200520,11:16,1.00,1.05,1.00,1.05,1875,1504425
20200520,11:17,1.05,1.10,1.05,1.10,18900,1504425
20200520,11:18,1.10,1.10,1.10,1.10,5925,1501950
20200520,11:19,1.10,1.10,1.10,1.10,3000,1501950
20200520,11:20,1.05,1.05,1.05,1.05,375,1503900
20200520,11:22,1.05,1.10,1.05,1.10,4200,1503900
20200520,11:23,1.05,1.05,1.05,1.05,150,1503900
20200520,11:24,1.10,1.10,1.05,1.05,1125,1501275
20200520,11:25,1.10,1.10,1.10,1.10,375,1501275
20200520,11:26,1.10,1.10,1.05,1.05,225,1501275
20200520,11:27,1.05,1.05,1.05,1.05,75,1501350
20200520,11:28,1.10,1.10,1.10,1.10,150,1501350
20200520,11:29,1.10,1.10,1.10,1.10,7500,1501350
20200520,11:30,1.10,1.10,1.05,1.05,8625,1501350
20200520,11:31,1.05,1.10,1.05,1.05,1125,1501350
20200520,11:32,1.10,1.10,1.10,1.10,900,1501275
20200520,11:33,1.05,1.05,1.05,1.05,10275,1501275
20200520,11:34,1.05,1.10,1.05,1.10,11925,1501275
20200520,11:35,1.05,1.05,1.05,1.05,4575,1500075
20200520,11:36,1.05,1.05,1.05,1.05,150,1500075
20200520,11:37,1.05,1.05,1.05,1.05,600,1500075
20200520,11:38,1.05,1.05,1.05,1.05,4950,1500000
20200520,11:39,1.05,1.05,1.05,1.05,3900,1500000
20200520,11:40,1.00,1.00,1.00,1.00,375,1500000
20200520,11:42,1.05,1.05,1.00,1.00,1125,1497525
20200520,11:43,1.00,1.05,1.00,1.00,2025,1497525
20200520,11:44,1.00,1.05,1.00,1.05,1425,1497525
20200520,11:45,1.05,1.05,1.00,1.00,4875,1496175
20200520,11:46,1.00,1.00,1.00,1.00,1050,1496175
20200520,11:47,1.05,1.05,1.00,1.00,1275,1491000
20200520,11:48,1.00,1.00,1.00,1.00,75,1491000
20200520,11:50,1.00,1.00,1.00,1.00,3150,1491000
20200520,11:51,1.00,1.05,1.00,1.05,5175,1490550
20200520,11:52,1.00,1.00,1.00,1.00,23325,1490550
20200520,11:53,1.00,1.00,0.95,0.95,22125,1452300
20200520,11:54,1.00,1.00,1.00,1.00,75,1452300
20200520,11:55,1.00,1.05,1.00,1.00,8625,1452300
20200520,11:56,1.00,1.00,1.00,1.00,900,1452300
20200520,11:57,1.00,1.05,1.00,1.00,1950,1448625
20200520,11:58,0.95,1.00,0.95,1.00,300,1448625
20200520,11:59,1.00,1.00,1.00,1.00,18300,1448625
20200520,12:00,1.00,1.00,1.00,1.00,150,1447800
20200520,12:01,1.00,1.00,1.00,1.00,675,1447800
20200520,12:03,1.00,1.00,1.00,1.00,75,1446975
20200520,12:04,1.00,1.00,1.00,1.00,750,1446975
20200520,12:05,1.05,1.05,1.00,1.05,7950,1446975
20200520,12:06,1.05,1.05,1.00,1.00,1725,1446900
20200520,12:07,1.00,1.00,1.00,1.00,900,1446900
20200520,12:08,1.00,1.00,1.00,1.00,1650,1446900
20200520,12:09,1.00,1.00,1.00,1.00,2325,1446750
20200520,12:10,1.00,1.00,1.00,1.00,300,1446750
20200520,12:11,1.00,1.00,1.00,1.00,6675,1446750
20200520,12:12,1.00,1.00,1.00,1.00,17625,1443975
20200520,12:13,0.95,0.95,0.95,0.95,150,1443975
20200520,12:15,0.95,0.95,0.95,0.95,75,1444875
20200520,12:17,0.95,1.00,0.95,1.00,1650,1444875
20200520,12:18,1.00,1.00,1.00,1.00,300,1444800
20200520,12:21,0.95,1.00,0.95,1.00,10050,1444800
20200520,12:22,1.00,1.00,1.00,1.00,9000,1444800
20200520,12:23,0.95,0.95,0.95,0.95,1500,1444800
20200520,12:25,0.95,0.95,0.95,0.95,300,1443450
20200520,12:26,1.00,1.00,1.00,1.00,4800,1443450
20200520,12:27,0.95,0.95,0.95,0.95,1500,1443450
20200520,12:28,0.95,0.95,0.95,0.95,8175,1443450
20200520,12:29,0.95,0.95,0.95,0.95,12300,1443450
20200520,12:30,0.90,0.95,0.90,0.95,225,1445925
20200520,12:31,0.95,0.95,0.95,0.95,3300,1445925
20200520,12:32,0.95,1.00,0.95,1.00,1350,1445925
20200520,12:33,0.95,0.95,0.95,0.95,375,1442025
20200520,12:34,1.00,1.00,0.95,0.95,1425,1442025
20200520,12:35,1.00,1.00,1.00,1.00,18075,1442025
20200520,12:36,1.00,1.00,1.00,1.00,75,1440300
20200520,12:37,1.00,1.00,1.00,1.00,75,1440300
20200520,12:39,1.00,1.00,1.00,1.00,5250,1440150
20200520,12:40,1.00,1.00,1.00,1.00,600,1440150
20200520,12:41,1.05,1.05,1.05,1.05,75,1440150
20200520,12:42,1.05,1.05,1.00,1.00,3525,1439775
20200520,12:43,1.00,1.00,1.00,1.00,11925,1439775
20200520,12:44,1.00,1.00,1.00,1.00,450,1439775
20200520,12:46,0.95,0.95,0.95,0.95,4500,1440600
20200520,12:48,0.95,0.95,0.95,0.95,1650,1440600
20200520,12:49,0.95,0.95,0.95,0.95,300,1440600
20200520,12:51,0.95,1.00,0.95,0.95,825,1440375
20200520,12:53,0.95,0.95,0.95,0.95,10125,1440375
20200520,12:54,0.95,0.95,0.90,0.90,4725,1440375
20200520,12:55,0.90,0.95,0.90,0.95,150,1440375
20200520,12:56,0.95,0.95,0.95,0.95,600,1440375
20200520,12:57,0.95,0.95,0.95,0.95,6300,1440525
20200520,12:58,0.95,0.95,0.95,0.95,10800,1440525
20200520,12:59,1.00,1.00,1.00,1.00,14550,1440525
20200520,13:00,1.00,1.05,1.00,1.05,1875,1440000
20200520,13:01,1.00,1.00,1.00,1.00,1200,1440000
20200520,13:04,1.00,1.00,1.00,1.00,150,1439175
20200520,13:05,1.00,1.00,1.00,1.00,1050,1439175
20200520,13:06,1.00,1.00,1.00,1.00,2100,1439175
20200520,13:07,0.95,0.95,0.95,0.95,5025,1439325
20200520,13:10,0.95,0.95,0.95,0.95,4350,1434300
20200520,13:11,0.95,0.95,0.95,0.95,2250,1434300
20200520,13:12,0.95,0.95,0.95,0.95,1575,1431150
20200520,13:13,0.95,1.00,0.95,0.95,7800,1431150
20200520,13:14,0.95,1.00,0.95,1.00,4500,1431150
20200520,13:19,0.95,0.95,0.90,0.90,22125,1429500
20200520,13:20,0.95,0.95,0.85,0.90,4725,1429500
20200520,13:21,0.85,0.90,0.85,0.90,750,1434225
20200520,13:22,0.95,0.95,0.95,0.95,450,1434225
20200520,13:23,0.95,0.95,0.95,0.95,750,1434225
20200520,13:24,0.95,0.95,0.90,0.90,8775,1430925
20200520,13:25,0.90,0.95,0.90,0.90,6225,1430925
20200520,13:26,0.95,0.95,0.90,0.90,150,1430925
20200520,13:27,0.95,0.95,0.90,0.90,600,1430100
20200520,13:28,0.95,0.95,0.90,0.95,375,1430100
20200520,13:29,0.95,0.95,0.95,0.95,150,1430100
20200520,13:30,0.90,0.90,0.90,0.90,75,1429950
20200520,13:31,0.90,0.95,0.90,0.95,975,1429950
20200520,13:32,0.90,0.95,0.90,0.95,4050,1429950
20200520,13:33,0.90,0.90,0.90,0.90,28575,1428750
20200520,13:34,0.90,0.90,0.90,0.90,8400,1428750
20200520,13:35,0.95,0.95,0.90,0.90,4125,1428750
20200520,13:36,0.90,0.95,0.90,0.95,11325,1426800
20200520,13:39,0.90,0.90,0.90,0.90,4500,1426800
20200520,13:40,0.95,0.95,0.90,0.90,225,1426800
20200520,13:41,0.90,0.90,0.90,0.90,75,1426800
20200520,13:42,0.90,0.90,0.90,0.90,225,1426800
20200520,13:43,0.90,0.90,0.90,0.90,3150,1426425
20200520,13:44,0.90,0.90,0.90,0.90,7650,1426425
20200520,13:45,0.90,0.90,0.90,0.90,375,1430250
20200520,13:46,0.90,0.95,0.90,0.90,5100,1430250
20200520,13:47,0.90,0.90,0.90,0.90,675,1430250
20200520,13:48,0.95,0.95,0.90,0.95,6600,1429800
20200520,13:49,0.95,0.95,0.90,0.90,4875,1429800
20200520,13:50,0.90,0.95,0.90,0.90,1350,1429800
20200520,13:51,0.90,0.95,0.90,0.95,1350,1425075
20200520,13:52,0.90,0.90,0.90,0.90,600,1425075
20200520,13:54,0.90,0.95,0.90,0.95,1500,1423425
20200520,13:55,0.95,0.95,0.95,0.95,1575,1423425
20200520,13:56,0.95,0.95,0.90,0.90,1800,1423425
20200520,13:58,0.90,0.90,0.90,0.90,900,1423350
20200520,13:59,0.95,0.95,0.90,0.90,1950,1423350
20200520,14:02,0.95,0.95,0.90,0.90,3225,1424100
20200520,14:03,0.95,1.00,0.95,0.95,49425,1424100
20200520,14:04,0.95,0.95,0.90,0.90,3825,1424100
20200520,14:06,0.90,0.95,0.90,0.95,15750,1423875
20200520,14:07,0.90,0.95,0.90,0.95,26775,1423875
20200520,14:08,0.95,1.00,0.95,0.95,11175,1423875
20200520,14:09,1.00,1.05,1.00,1.00,35250,1401225
20200520,14:10,1.00,1.05,1.00,1.00,12150,1401225
20200520,14:11,1.00,1.00,0.95,1.00,17700,1401225
20200520,14:12,0.95,1.00,0.95,1.00,3450,1388775
20200520,14:13,0.95,0.95,0.90,0.95,5250,1388775
20200520,14:14,0.95,0.95,0.85,0.90,47250,1388775
20200520,14:15,0.90,0.95,0.90,0.90,18975,1351125
20200520,14:16,0.90,0.90,0.90,0.90,14250,1351125
20200520,14:17,0.90,0.90,0.80,0.85,60450,1351125
20200520,14:18,0.90,0.90,0.85,0.90,5475,1298100
20200520,14:19,0.85,0.85,0.85,0.85,13650,1298100
20200520,14:20,0.85,0.90,0.85,0.90,6600,1298100
20200520,14:21,0.85,0.90,0.80,0.85,31800,1254975
20200520,14:22,0.85,0.90,0.85,0.90,675,1254975
20200520,14:23,0.85,0.90,0.85,0.85,39675,1254975
20200520,14:24,0.90,0.90,0.85,0.90,3600,1213950
20200520,14:25,0.90,0.90,0.85,0.85,86475,1213950
20200520,14:26,0.90,0.90,0.85,0.85,17025,1213950
20200520,14:27,0.90,0.90,0.85,0.85,825,1122525
20200520,14:28,0.90,0.90,0.85,0.90,9750,1122525
20200520,14:29,0.95,0.95,0.85,0.90,10200,1122525
20200520,14:30,0.95,0.95,0.90,0.90,4650,1108875
20200520,14:31,0.90,1.10,0.90,1.00,49575,1108875
20200520,14:32,1.05,1.15,1.05,1.15,22200,1108875
20200520,14:33,1.15,1.40,1.15,1.40,21750,1088700
20200520,14:34,1.30,1.35,1.25,1.30,16875,1088700
20200520,14:35,1.20,1.25,1.20,1.20,7500,1088700
20200520,14:36,1.20,1.20,1.15,1.15,16875,1089300
20200520,14:37,1.10,1.25,1.05,1.15,32400,1089300
20200520,14:38,1.15,1.15,1.10,1.10,63750,1089300
20200520,14:39,1.10,1.15,1.05,1.10,24225,1057425
20200520,14:40,1.05,1.10,1.05,1.10,26475,1057425
20200520,14:41,1.10,1.10,1.00,1.05,46200,1057425
20200520,14:42,1.05,1.10,1.00,1.05,45750,1021200
20200520,14:43,1.05,1.10,1.05,1.10,15675,1021200
20200520,14:44,1.05,1.10,1.05,1.05,19050,1021200
20200520,14:45,1.05,1.10,1.05,1.10,39450,1005675
20200520,14:46,1.05,1.05,1.00,1.00,12450,1005675
20200520,14:47,1.00,1.00,0.90,0.90,23625,1005675
20200520,14:48,0.95,0.95,0.90,0.90,5700,990600
20200520,14:49,0.90,0.90,0.85,0.85,83775,990600
20200520,14:50,0.85,0.85,0.80,0.80,6975,990600
20200520,14:51,0.80,0.80,0.80,0.80,750,953775
20200520,14:52,0.85,0.85,0.80,0.80,60900,953775
20200520,14:53,0.80,0.80,0.75,0.80,23400,953775
20200520,14:54,0.75,0.80,0.70,0.70,29100,901800
20200520,14:55,0.70,0.75,0.70,0.70,22125,901800
20200520,14:56,0.70,0.70,0.65,0.70,9300,901800
20200520,14:58,0.70,0.75,0.70,0.75,7425,876900
20200520,14:59,0.75,0.75,0.75,0.75,1875,876900
20200520,15:00,0.75,0.75,0.70,0.70,5850,865725
20200520,15:01,0.75,0.75,0.65,0.65,29550,865725
20200520,15:02,0.65,0.70,0.65,0.70,32250,865725
20200520,15:03,0.70,0.70,0.65,0.65,450,834900
20200520,15:04,0.65,0.70,0.65,0.70,7725,834900
20200520,15:05,0.75,0.75,0.65,0.65,17250,834900
20200520,15:06,0.70,0.70,0.65,0.65,32400,817275
20200520,15:07,0.70,0.70,0.65,0.70,16200,817275
20200520,15:08,0.65,0.70,0.65,0.70,2025,817275
20200520,15:09,0.70,0.70,0.70,0.70,7875,788925
20200520,15:10,0.70,0.75,0.70,0.70,9975,788925
20200520,15:11,0.75,0.75,0.70,0.75,6450,788925
20200520,15:12,0.70,0.70,0.70,0.70,675,784425
20200520,15:13,0.75,0.75,0.70,0.75,4575,784425
20200520,15:14,0.80,0.80,0.75,0.80,14475,784425
20200520,15:15,0.80,0.80,0.80,0.80,5850,784425
20200520,15:16,0.80,0.85,0.80,0.85,10725,779850
20200520,15:17,0.85,0.85,0.80,0.80,21825,779850
20200520,15:18,0.80,0.85,0.80,0.80,7800,779475
20200520,15:19,0.80,0.80,0.75,0.75,3375,779475
20200520,15:20,0.75,0.75,0.70,0.70,29100,779475
20200520,15:21,0.75,0.75,0.70,0.70,16350,777000
20200520,15:22,0.70,0.75,0.70,0.75,1500,777000
20200520,15:23,0.70,0.75,0.70,0.70,19125,777000
20200520,15:24,0.70,0.75,0.65,0.75,7950,764625
20200520,15:25,0.70,0.75,0.70,0.75,2025,764625
20200520,15:26,0.70,0.75,0.70,0.75,8625,764625
20200520,15:27,0.75,0.80,0.75,0.80,12150,762825
20200520,15:28,0.85,0.85,0.75,0.85,16050,762825
20200520,15:29,0.80,0.85,0.75,0.80,3375,762825
20200521,09:15,0.35,0.35,0.15,0.20,30751,758775
20200521,09:16,0.20,0.20,0.20,0.20,30450,758775
20200521,09:17,0.20,0.20,0.15,0.20,38625,758775
20200521,09:18,0.20,0.20,0.15,0.15,12525,758775
20200521,09:19,0.20,0.20,0.15,0.20,7350,758775
20200521,09:20,0.15,0.15,0.15,0.15,75,758775
20200521,09:21,0.15,0.15,0.15,0.15,150,757725
20200521,09:22,0.15,0.20,0.15,0.15,15600,757725
20200521,09:23,0.15,0.15,0.10,0.10,23250,756900
20200521,09:24,0.10,0.10,0.10,0.10,150,756900
20200521,09:25,0.15,0.15,0.10,0.10,525,756900
20200521,09:26,0.15,0.15,0.15,0.15,1050,756075
20200521,09:27,0.15,0.15,0.15,0.15,3000,756075
20200521,09:28,0.15,0.15,0.15,0.15,1275,756075
20200521,09:29,0.15,0.15,0.15,0.15,7575,753900
20200521,09:30,0.20,0.20,0.15,0.15,825,753900
20200521,09:31,0.15,0.15,0.10,0.10,3750,753900
20200521,09:32,0.10,0.15,0.10,0.10,4125,759825
20200521,09:33,0.15,0.15,0.15,0.15,300,759825
20200521,09:35,0.10,0.20,0.10,0.20,6225,759450
20200521,09:36,0.15,0.15,0.15,0.15,4500,759450
20200521,09:37,0.20,0.25,0.15,0.20,20700,759450
20200521,09:38,0.10,0.10,0.10,0.10,9000,759450
20200521,09:39,0.15,0.20,0.10,0.10,14250,758400
20200521,09:40,0.15,0.15,0.15,0.15,1575,758400
20200521,09:41,0.15,0.15,0.15,0.15,450,758400
20200521,09:42,0.15,0.15,0.15,0.15,300,758475
20200521,09:43,0.15,0.15,0.15,0.15,6750,758475
20200521,09:44,0.10,0.10,0.10,0.10,225,759450
20200521,09:45,0.15,0.15,0.15,0.15,975,759450
20200521,09:46,0.15,0.15,0.15,0.15,150,759450
20200521,09:47,0.10,0.15,0.10,0.15,225,759150
20200521,09:48,0.15,0.15,0.10,0.15,7800,759150
20200521,09:49,0.10,0.15,0.10,0.15,375,759150
20200521,09:50,0.15,0.15,0.10,0.10,900,756675
20200521,09:51,0.10,0.20,0.10,0.20,7050,756675
20200521,09:52,0.15,0.20,0.15,0.20,525,756675
20200521,09:53,0.20,0.20,0.20,0.20,300,750000
20200521,09:54,0.10,0.15,0.10,0.15,7950,750000
20200521,09:55,0.20,0.20,0.20,0.20,75,750000
20200521,09:56,0.15,0.15,0.15,0.15,375,751050
20200521,09:57,0.20,0.20,0.15,0.15,450,751050
20200521,09:58,0.15,0.15,0.15,0.15,750,751050
20200521,09:59,0.15,0.15,0.10,0.10,15675,757875
20200521,10:00,0.10,0.10,0.10,0.10,225,757875
20200521,10:01,0.10,0.10,0.10,0.10,75,757875
20200521,10:02,0.10,0.10,0.10,0.10,1500,756300
20200521,10:08,0.10,0.10,0.10,0.10,75,756000
20200521,10:09,0.10,0.15,0.10,0.15,150,756000
20200521,10:11,0.10,0.10,0.10,0.10,225,755625
20200521,10:12,0.10,0.10,0.10,0.10,75,755625
20200521,10:14,0.10,0.10,0.10,0.10,675,755400
20200521,10:16,0.15,0.15,0.10,0.10,2100,755400
20200521,10:17,0.10,0.10,0.10,0.10,75,752700
20200521,10:18,0.10,0.10,0.10,0.10,375,752700
20200521,10:19,0.10,0.15,0.10,0.10,375,752700
20200521,10:20,0.10,0.15,0.10,0.15,150,751800
20200521,10:23,0.10,0.15,0.10,0.15,450,751425
20200521,10:24,0.10,0.10,0.10,0.10,75,751425
20200521,10:26,0.10,0.10,0.10,0.10,750,751425
20200521,10:28,0.15,0.15,0.15,0.15,1050,751200
20200521,10:30,0.15,0.15,0.15,0.15,300,750150
20200521,10:31,0.15,0.15,0.15,0.15,6000,750150
20200521,10:32,0.15,0.15,0.15,0.15,525,750150
20200521,10:33,0.10,0.10,0.10,0.10,75,749325
20200521,10:36,0.10,0.10,0.10,0.10,75,749250
20200521,10:39,0.15,0.15,0.15,0.15,75,749175
20200521,10:40,0.10,0.10,0.10,0.10,750,749175
20200521,10:42,0.10,0.10,0.10,0.10,75,749100
20200521,10:43,0.10,0.10,0.10,0.10,450,749100
20200521,10:46,0.10,0.10,0.10,0.10,600,749025
20200521,10:47,0.10,0.10,0.10,0.10,150,749025
20200521,10:48,0.15,0.15,0.15,0.15,75,749025
20200521,10:50,0.10,0.10,0.10,0.10,450,748425
20200521,10:51,0.10,0.10,0.10,0.10,150,748425
20200521,10:52,0.10,0.10,0.10,0.10,75,748425
20200521,10:53,0.10,0.15,0.10,0.15,1425,746925
20200521,10:55,0.15,0.15,0.15,0.15,750,746925
20200521,10:56,0.10,0.10,0.10,0.10,375,746925
20200521,10:57,0.10,0.10,0.10,0.10,75,745800
20200521,10:58,0.10,0.10,0.10,0.10,150,745800
20200521,11:00,0.10,0.10,0.10,0.10,75,745575
20200521,11:01,0.10,0.10,0.10,0.10,75,745575
20200521,11:04,0.15,0.15,0.15,0.15,7500,745425
20200521,11:13,0.15,0.15,0.15,0.15,750,740025
20200521,11:15,0.10,0.10,0.10,0.10,75,740025
20200521,11:17,0.10,0.10,0.10,0.10,75,740025
20200521,11:20,0.10,0.10,0.10,0.10,150,739875
20200521,11:21,0.15,0.15,0.15,0.15,150,739725
20200521,11:22,0.10,0.10,0.10,0.10,75,739725
20200521,11:23,0.10,0.10,0.10,0.10,375,739725
20200521,11:24,0.10,0.10,0.10,0.10,450,739275
20200521,11:26,0.15,0.15,0.15,0.15,225,739275
20200521,11:27,0.10,0.10,0.10,0.10,75,738825
20200521,11:28,0.15,0.15,0.15,0.15,300,738825
20200521,11:30,0.10,0.10,0.10,0.10,150,738750
20200521,11:31,0.10,0.10,0.10,0.10,75,738750
20200521,11:32,0.15,0.15,0.15,0.15,1050,738750
20200521,11:36,0.10,0.10,0.10,0.10,75,739275
20200521,11:37,0.15,0.15,0.10,0.10,300,739275
20200521,11:42,0.10,0.10,0.10,0.10,75,738975
20200521,11:43,0.10,0.10,0.10,0.10,375,738975
20200521,11:44,0.10,0.10,0.10,0.10,150,738525
20200521,11:47,0.10,0.15,0.10,0.15,150,738525
20200521,11:48,0.10,0.10,0.10,0.10,2325,738375
20200521,11:53,0.10,0.10,0.10,0.10,150,736050
20200521,11:55,0.15,0.15,0.15,0.15,75,735900
20200521,11:57,0.10,0.10,0.10,0.10,150,735975
20200521,11:58,0.10,0.10,0.10,0.10,7500,735975
20200521,12:00,0.15,0.15,0.10,0.10,225,728325
20200521,12:02,0.15,0.15,0.15,0.15,3075,728325
20200521,12:04,0.10,0.10,0.10,0.10,75,731175
20200521,12:05,0.15,0.15,0.15,0.15,75,731175
20200521,12:11,0.15,0.15,0.15,0.15,75,731100
20200521,12:13,0.10,0.10,0.10,0.10,150,731175
20200521,12:14,0.10,0.10,0.10,0.10,225,731175
20200521,12:16,0.10,0.10,0.10,0.10,75,730800
20200521,12:17,0.10,0.10,0.10,0.10,75,730800
20200521,12:18,0.15,0.15,0.15,0.15,7500,730650
20200521,12:19,0.15,0.15,0.10,0.10,225,730650
20200521,12:21,0.10,0.10,0.10,0.10,75,738000
20200521,12:25,0.10,0.10,0.10,0.10,150,737925
20200521,12:26,0.10,0.10,0.10,0.10,37500,737925
20200521,12:27,0.10,0.15,0.10,0.10,300,738675
20200521,12:28,0.10,0.10,0.10,0.10,7500,738675
20200521,12:29,0.10,0.10,0.10,0.10,375,738675
20200521,12:35,0.10,0.10,0.10,0.10,150,740250
20200521,12:36,0.10,0.10,0.10,0.10,375,740100
20200521,12:38,0.10,0.10,0.10,0.10,150,740100
20200521,12:40,0.10,0.10,0.10,0.10,75,739575
20200521,12:41,0.10,0.10,0.10,0.10,75,739575
20200521,12:43,0.10,0.10,0.10,0.10,3300,739425
20200521,12:44,0.10,0.10,0.10,0.10,2550,739425
20200521,12:45,0.10,0.10,0.10,0.10,450,738825
20200521,12:46,0.15,0.15,0.15,0.15,3675,738825
20200521,12:47,0.10,0.10,0.10,0.10,225,738825
20200521,12:49,0.10,0.15,0.10,0.15,825,738375
20200521,12:50,0.15,0.15,0.15,0.15,675,738375
20200521,12:52,0.10,0.10,0.10,0.10,75,738225
20200521,12:53,0.10,0.10,0.10,0.10,150,738225
20200521,12:54,0.10,0.10,0.10,0.10,1125,738000
20200521,12:58,0.10,0.10,0.10,0.10,150,736875
20200521,13:00,0.10,0.10,0.10,0.10,150,736725
20200521,13:01,0.10,0.10,0.10,0.10,75,736725
20200521,13:05,0.10,0.10,0.10,0.10,525,736725
20200521,13:06,0.10,0.15,0.10,0.15,825,736875
20200521,13:07,0.15,0.15,0.10,0.10,4125,736875
20200521,13:08,0.10,0.10,0.10,0.10,1500,736875
20200521,13:10,0.15,0.15,0.10,0.10,1200,734100
20200521,13:11,0.10,0.10,0.10,0.10,150,734100
20200521,13:12,0.10,0.10,0.10,0.10,75,733875
20200521,13:14,0.10,0.10,0.10,0.10,300,733875
20200521,13:16,0.10,0.10,0.10,0.10,300,733500
20200521,13:17,0.15,0.15,0.10,0.10,300,733500
20200521,13:18,0.15,0.15,0.15,0.15,375,733050
20200521,13:21,0.10,0.10,0.10,0.10,75,733050
20200521,13:22,0.15,0.15,0.15,0.15,75,732975
20200521,13:23,0.10,0.10,0.10,0.10,75,732975
20200521,13:25,0.15,0.15,0.15,0.15,75,733050
20200521,13:27,0.10,0.10,0.10,0.10,375,733125
20200521,13:30,0.15,0.15,0.15,0.15,75,732825
20200521,13:31,0.10,0.10,0.10,0.10,75,732825
20200521,13:32,0.10,0.10,0.10,0.10,75,732825
20200521,13:35,0.10,0.10,0.10,0.10,150,732675
20200521,13:37,0.10,0.10,0.10,0.10,75,732525
20200521,13:38,0.15,0.15,0.15,0.15,225,732525
20200521,13:39,0.15,0.15,0.15,0.15,225,732675
20200521,13:41,0.15,0.15,0.10,0.10,225,732675
20200521,13:42,0.10,0.15,0.10,0.15,675,732600
20200521,13:44,0.10,0.10,0.10,0.10,150,732600
20200521,13:48,0.10,0.10,0.10,0.10,75,732300
20200521,13:50,0.10,0.15,0.10,0.15,150,732225
20200521,13:51,0.10,0.10,0.10,0.10,1350,732150
20200521,13:52,0.10,0.10,0.10,0.10,3075,732150
20200521,13:53,0.10,0.10,0.10,0.10,75,732150
20200521,13:54,0.10,0.10,0.10,0.10,7125,732150
20200521,13:57,0.10,0.15,0.10,0.15,1125,727725
20200521,13:59,0.10,0.10,0.10,0.10,225,727725
20200521,14:00,0.10,0.10,0.10,0.10,150,727800
20200521,14:01,0.15,0.15,0.15,0.15,75,727800
20200521,14:02,0.10,0.10,0.10,0.10,75,727800
20200521,14:05,0.10,0.10,0.10,0.10,6075,727650
20200521,14:07,0.10,0.15,0.10,0.15,1650,727575
20200521,14:08,0.10,0.10,0.10,0.10,3075,727575
20200521,14:09,0.10,0.10,0.10,0.10,1200,727800
20200521,14:10,0.10,0.10,0.10,0.10,6000,727800
20200521,14:11,0.05,0.05,0.05,0.05,750,727800
20200521,14:12,0.05,0.15,0.05,0.15,150,726525
20200521,14:13,0.05,0.05,0.05,0.05,150,726525
20200521,14:14,0.05,0.05,0.05,0.05,75,726525
20200521,14:17,0.05,0.10,0.05,0.10,150,726375
20200521,14:20,0.05,0.05,0.05,0.05,150,726375
20200521,14:21,0.05,0.05,0.05,0.05,450,726225
20200521,14:22,0.05,0.05,0.05,0.05,375,726225
20200521,14:23,0.10,0.10,0.05,0.05,2175,726225
20200521,14:24,0.05,0.05,0.05,0.05,150,725700
20200521,14:25,0.05,0.05,0.05,0.05,75,725700
20200521,14:26,0.05,0.05,0.05,0.05,75,725700
20200521,14:27,0.10,0.10,0.10,0.10,225,725700
20200521,14:29,0.05,0.05,0.05,0.05,75,725400
20200521,14:30,0.10,0.10,0.10,0.10,600,725400
20200521,14:31,0.05,0.05,0.05,0.05,150,725925
20200521,14:32,0.05,0.05,0.05,0.05,150,725925
20200521,14:33,0.05,0.05,0.05,0.05,300,725925
20200521,14:34,0.05,0.05,0.05,0.05,825,725325
20200521,14:35,0.05,0.05,0.05,0.05,75,725325
20200521,14:36,0.05,0.05,0.05,0.05,825,724425
20200521,14:37,0.05,0.05,0.05,0.05,450,724425
20200521,14:38,0.05,0.05,0.05,0.05,150,724425
20200521,14:39,0.05,0.05,0.05,0.05,150,723000
20200521,14:41,0.05,0.10,0.05,0.10,375,723000
20200521,14:42,0.05,0.10,0.05,0.10,375,722400
20200521,14:43,0.05,0.05,0.05,0.05,75,722400
20200521,14:44,0.10,0.10,0.05,0.05,2175,722400
20200521,14:45,0.05,0.05,0.05,0.05,75,722625
20200521,14:46,0.05,0.05,0.05,0.05,75,722625
20200521,14:48,0.05,0.05,0.05,0.05,75,722625
20200521,14:50,0.05,0.10,0.05,0.10,300,722625
20200521,14:51,0.10,0.10,0.05,0.05,4575,722625
20200521,14:53,0.05,0.05,0.05,0.05,75,722625
20200521,14:54,0.05,0.05,0.05,0.05,525,722625
20200521,14:55,0.05,0.05,0.05,0.05,150,722625
20200521,14:56,0.05,0.05,0.05,0.05,75,722625
20200521,14:59,0.05,0.10,0.05,0.05,600,722625
20200521,15:00,0.05,0.05,0.05,0.05,75,722475
20200521,15:01,0.05,0.05,0.05,0.05,75,722475
20200521,15:02,0.10,0.10,0.05,0.05,1350,722475
20200521,15:03,0.05,0.10,0.05,0.10,1725,722175
20200521,15:04,0.05,0.05,0.05,0.05,1725,722175
20200521,15:06,0.05,0.05,0.05,0.05,525,720225
20200521,15:09,0.05,0.05,0.05,0.05,75,719925
20200521,15:10,0.05,0.05,0.05,0.05,75,719925
20200521,15:11,0.05,0.05,0.05,0.05,375,719925
20200521,15:13,0.05,0.05,0.05,0.05,225,719400
20200521,15:14,0.05,0.10,0.05,0.10,375,719400
20200521,15:16,0.05,0.05,0.05,0.05,4800,719100
20200521,15:17,0.05,0.05,0.05,0.05,14175,719100
20200521,15:18,0.05,0.05,0.05,0.05,119250,718575
20200521,15:19,0.05,0.05,0.05,0.05,9975,718575
20200521,15:20,0.05,0.05,0.05,0.05,75,718575
20200521,15:21,0.05,0.10,0.05,0.10,4275,718350
20200521,15:22,0.05,0.05,0.05,0.05,18525,718350
20200521,15:23,0.05,0.05,0.05,0.05,4575,718350
20200521,15:24,0.05,0.05,0.05,0.05,1125,722850
20200521,15:27,0.05,0.05,0.05,0.05,75,722850
