20200214,09:21,788.00,788.00,788.00,788.00,76,75
20200214,14:40,818.00,818.00,818.00,818.00,75,75
20200228,15:25,1567.60,1567.60,1567.60,1567.60,76,75
20200228,15:28,1573.95,1573.95,1573.95,1573.95,75,75
20200302,12:15,1740.35,1740.35,1740.35,1740.35,76,150
20200302,15:02,1799.00,1799.00,1799.00,1799.00,75,150
20200302,15:05,1799.00,1799.00,1799.00,1799.00,75,225
20200304,11:04,1725.00,1725.00,1725.00,1725.00,376,300
20200304,15:11,1684.00,1684.00,1684.00,1684.00,375,675
20200306,09:33,1912.90,1912.90,1912.90,1912.90,76,300
20200306,14:40,1980.00,1980.00,1980.00,1980.00,75,300
20200309,09:44,2300.00,2300.00,2300.00,2300.00,76,375
20200309,09:49,2350.00,2350.00,2350.00,2350.00,225,450
20200309,09:57,2350.00,2350.00,2350.00,2350.00,75,675
20200309,11:41,2400.00,2400.00,2400.00,2400.00,150,750
20200311,10:02,2500.00,2500.00,2500.00,2500.00,76,675
20200311,10:15,2525.00,2525.00,2525.00,2525.00,75,750
20200311,10:16,2525.00,2525.00,2525.00,2525.00,75,750
20200311,10:19,2529.50,2529.50,2529.50,2529.50,75,900
20200311,10:23,2529.50,2529.50,2529.50,2529.50,75,975
20200311,10:26,2540.00,2540.00,2540.00,2540.00,75,975
20200311,10:28,2540.00,2540.00,2519.70,2519.70,150,1125
20200311,10:29,2525.00,2525.00,2525.00,2525.00,75,1125
20200311,10:30,2525.00,2525.00,2525.00,2525.00,75,1350
20200311,10:31,2540.00,2540.00,2540.00,2540.00,75,1350
20200311,10:33,2540.00,2540.00,2540.00,2540.00,75,1500
20200311,10:36,2540.00,2540.00,2540.00,2540.00,75,1575
20200311,10:39,2553.20,2553.20,2553.20,2553.20,75,1650
20200311,10:40,2560.00,2560.00,2560.00,2560.00,75,1650
20200311,10:42,2560.00,2560.00,2560.00,2560.00,75,1800
20200311,10:47,2560.00,2560.00,2560.00,2560.00,75,1800
20200311,10:48,2550.00,2550.00,2550.00,2550.00,75,1875
20200311,10:52,2540.00,2540.00,2540.00,2540.00,75,1875
20200311,10:53,2530.30,2530.30,2530.30,2530.30,75,2100
20200311,10:58,2515.00,2515.00,2515.00,2515.00,75,2175
20200311,11:03,2510.20,2510.20,2510.20,2510.20,75,2250
20200311,11:04,2510.00,2510.00,2510.00,2510.00,75,2250
20200311,11:05,2505.00,2505.00,2505.00,2505.00,75,2250
20200311,11:17,2531.35,2531.35,2528.80,2528.80,150,2400
20200311,11:18,2525.00,2525.00,2525.00,2525.00,75,2475
20200311,11:41,2506.00,2506.00,2506.00,2506.00,75,2625
20200311,11:46,2483.00,2483.00,2483.00,2483.00,75,2550
20200311,12:07,2470.00,2470.00,2470.00,2470.00,300,2550
20200311,13:38,2425.00,2425.00,2425.00,2425.00,75,2850
20200311,13:41,2416.90,2416.90,2416.90,2416.90,75,2775
20200311,13:53,2416.90,2416.90,2416.90,2416.90,75,2775
20200311,14:02,2491.95,2491.95,2491.95,2491.95,75,2850
20200311,14:04,2480.00,2480.00,2480.00,2480.00,150,2925
20200311,14:17,2452.80,2452.80,2452.80,2452.80,75,3075
20200311,14:25,2456.65,2456.65,2456.65,2456.65,75,3150
20200311,14:31,2450.00,2450.00,2450.00,2450.00,75,3150
20200311,15:07,2488.10,2488.10,2488.10,2488.10,75,3075
20200312,09:49,3040.05,3040.05,3040.05,3040.05,76,3150
20200312,10:22,3020.00,3020.00,3020.00,3020.00,75,3075
20200312,11:05,3020.00,3020.00,3020.00,3020.00,75,3150
20200312,12:05,3270.00,3270.00,3270.00,3270.00,75,3225
20200312,12:14,3100.15,3100.15,3100.15,3100.15,75,3300
20200312,12:23,3100.00,3100.00,3100.00,3100.00,75,3375
20200312,13:03,3170.00,3170.00,3170.00,3170.00,75,3300
20200312,13:07,3180.00,3180.00,3180.00,3180.00,75,3225
20200312,15:14,3393.20,3393.20,3393.20,3393.20,75,3225
20200313,10:30,3834.15,3839.25,3834.15,3839.25,527,3075
20200313,14:26,3150.00,3150.00,3150.00,3150.00,300,3075
20200313,14:30,3150.00,3150.00,3150.00,3150.00,150,3375
20200313,14:32,3150.00,3150.00,3150.00,3150.00,75,3375
20200313,15:07,3000.00,3000.00,3000.00,3000.00,75,3600
20200313,15:13,3000.00,3000.00,3000.00,3000.00,150,3675
20200313,15:15,3000.00,3000.00,3000.00,3000.00,75,3825
20200316,09:16,3500.00,3500.00,3500.00,3500.00,76,3900
20200316,09:26,3535.00,3535.00,3535.00,3535.00,75,3825
20200316,09:38,3600.00,3600.00,3600.00,3600.00,75,3900
20200316,09:39,3600.00,3600.00,3600.00,3600.00,75,3900
20200316,10:24,3485.00,3485.00,3485.00,3485.00,150,3900
20200316,10:31,3500.00,3500.00,3500.00,3500.00,75,3825
20200316,11:13,3480.00,3480.00,3480.00,3480.00,75,3900
20200316,11:19,3480.00,3480.00,3480.00,3480.00,75,3975
20200316,11:24,3686.15,3686.15,3500.45,3500.45,150,3900
20200316,11:26,3571.90,3571.90,3571.90,3571.90,75,3900
20200316,11:42,3575.00,3575.00,3575.00,3575.00,150,3825
20200316,11:52,3500.00,3500.00,3500.00,3500.00,75,3825
20200316,13:42,3570.00,3590.00,3570.00,3590.00,375,3825
20200316,14:29,3750.00,3750.00,3750.00,3750.00,150,3825
20200316,14:32,3750.00,3750.00,3750.00,3750.00,150,4275
20200316,14:34,3760.00,3760.00,3760.00,3760.00,150,4425
20200316,14:35,3760.00,3760.00,3760.00,3760.00,150,4425
20200316,14:48,4030.60,4030.60,4030.60,4030.60,300,4725
20200316,14:51,4030.60,4030.60,4030.60,4030.60,150,4425
20200316,14:52,3750.00,3750.00,3750.00,3750.00,300,4425
20200316,14:56,3760.00,3760.00,3760.00,3760.00,225,4350
20200316,15:12,3809.00,3809.00,3809.00,3809.00,75,4350
20200316,15:15,3825.00,3825.00,3825.00,3825.00,75,4275
20200317,10:27,3600.00,3600.00,3600.00,3600.00,226,4275
20200317,10:34,3619.00,3619.00,3619.00,3619.00,150,4275
20200317,10:35,3630.00,3630.00,3630.00,3630.00,75,4275
20200317,10:36,3630.00,3630.00,3630.00,3630.00,75,4275
20200317,10:40,3590.00,3590.00,3590.00,3590.00,150,4275
20200317,10:41,3600.00,3600.00,3600.00,3600.00,75,4275
20200317,10:48,3625.35,3625.35,3625.35,3625.35,75,4350
20200317,11:00,3660.00,3660.00,3660.00,3660.00,150,4350
20200317,11:01,3670.00,3670.00,3670.00,3670.00,75,4350
20200317,11:32,3869.55,3869.55,3869.55,3869.55,75,4575
20200317,12:12,3869.55,3869.55,3869.55,3869.55,150,4500
20200317,12:13,3710.00,3710.00,3710.00,3710.00,75,4500
20200317,13:24,3655.75,3655.75,3655.75,3655.75,75,4650
20200317,13:27,3625.00,3625.00,3625.00,3625.00,75,4650
20200317,13:28,3630.00,3630.00,3630.00,3630.00,75,4650
20200317,13:35,3650.80,3650.80,3650.80,3650.80,75,4800
20200317,13:36,3662.60,3662.60,3662.60,3662.60,75,4875
20200317,13:41,3681.35,3681.35,3681.35,3681.35,75,4950
20200317,13:43,3690.20,3690.20,3690.20,3690.20,75,5025
20200317,13:47,3705.80,3705.80,3705.80,3705.80,75,5100
20200317,14:23,3815.00,3815.00,3815.00,3815.00,75,5100
20200317,14:53,3832.40,3832.40,3832.40,3832.40,225,5250
20200317,15:25,4002.90,4002.90,4002.90,4002.90,75,5475
20200318,09:31,3980.15,3980.15,3980.15,3980.15,76,5475
20200318,09:32,3960.00,3960.00,3960.00,3960.00,75,5475
20200318,09:58,3960.00,3960.00,3960.00,3960.00,300,5625
20200318,10:11,4131.70,4131.70,4105.00,4105.00,150,5325
20200318,10:15,4150.00,4150.00,4150.00,4150.00,75,5475
20200318,10:45,4150.00,4150.00,4150.00,4150.00,75,5400
20200318,11:58,4322.50,4322.50,4322.50,4322.50,150,5400
20200318,12:00,4322.50,4322.50,4322.50,4322.50,150,5325
20200318,12:06,4305.05,4305.05,4305.05,4305.05,75,5175
20200318,12:13,4405.80,4405.80,4405.80,4405.80,75,5100
20200318,12:24,4405.80,4405.80,4405.80,4405.80,75,5025
20200318,14:03,4375.25,4375.25,4375.25,4375.25,75,4950
20200318,14:04,4420.00,4420.00,4420.00,4420.00,750,5025
20200318,14:05,4400.00,4405.00,4400.00,4405.00,975,5025
20200318,14:06,4405.00,4405.00,4380.00,4380.00,1500,8100
20200318,14:08,4387.00,4387.00,4380.00,4380.00,2550,8100
20200318,14:09,4370.00,4380.15,4370.00,4380.05,900,10725
20200318,14:10,4373.30,4373.30,4373.30,4373.30,75,10725
20200318,14:19,4392.65,4392.65,4390.00,4390.00,1050,11700
20200318,14:20,4390.00,4390.00,4390.00,4390.00,4050,11700
20200318,14:22,4370.00,4370.00,4370.00,4370.00,2175,16800
20200318,14:23,4340.00,4350.00,4312.00,4350.00,4575,16800
20200318,14:24,4340.00,4340.00,4335.00,4335.00,2250,24450
20200318,14:28,4360.00,4360.00,4360.00,4360.00,2400,25800
20200318,14:29,4350.00,4350.00,4350.00,4350.00,1875,25800
20200318,14:32,4350.00,4350.00,4350.00,4350.00,4950,30075
20200318,14:33,4350.00,4355.00,4350.00,4355.00,1875,36075
20200318,14:34,4355.00,4355.00,4355.00,4355.00,75,36075
20200318,14:36,4370.00,4370.00,4370.00,4370.00,600,36975
20200318,14:39,4373.35,4373.35,4373.35,4373.35,75,37575
20200318,14:40,4370.00,4370.00,4370.00,4370.00,750,37575
20200318,14:41,4370.00,4370.00,4360.00,4360.00,3375,37575
20200318,14:42,4362.60,4362.60,4362.60,4362.60,75,41775
20200318,14:49,4355.00,4355.00,4350.00,4350.00,1800,41850
20200318,14:50,4350.00,4350.00,4350.00,4350.00,750,41850
20200318,14:55,4390.00,4390.00,4386.00,4386.00,4950,44400
20200318,14:56,4391.75,4391.75,4363.45,4365.90,3525,44400
20200318,14:57,4369.05,4369.05,4366.70,4366.70,375,44400
20200318,14:58,4404.00,4404.00,4404.00,4404.00,75,53250
20200318,15:01,4450.00,4450.00,4450.00,4450.00,150,53325
20200318,15:08,4470.10,4480.00,4470.10,4480.00,300,53175
20200318,15:28,4480.00,4480.00,4434.20,4443.15,825,53175
20200318,15:29,4437.25,4467.25,4435.90,4467.25,2700,53175
20200318,15:30,4467.25,4467.25,4467.25,4467.25,75,53175
20200319,09:20,4952.10,4952.10,4952.10,4952.10,76,53175
20200319,09:30,4983.85,4983.85,4983.85,4983.85,75,53250
20200319,10:01,5025.75,5025.75,5025.75,5025.75,75,53250
20200319,10:02,5025.75,5025.75,5025.75,5025.75,75,53250
20200319,10:08,4945.05,4945.75,4945.05,4945.75,375,53100
20200319,10:14,4880.50,4880.50,4880.50,4880.50,75,53100
20200319,10:18,4880.50,4906.45,4880.50,4906.45,225,53100
20200319,10:23,4964.30,4964.30,4964.30,4964.30,75,53100
20200319,10:58,4935.00,4935.00,4935.00,4935.00,75,53025
20200319,11:07,4721.35,4721.35,4720.35,4720.35,450,52950
20200319,11:10,4813.40,4813.40,4813.40,4813.40,75,52950
20200319,11:15,4570.20,4570.20,4570.20,4570.20,75,52950
20200319,11:19,4570.20,4730.30,4570.20,4730.30,225,52950
20200319,11:20,4739.30,4739.30,4739.30,4739.30,150,52950
20200319,11:57,4778.10,4778.10,4778.10,4778.10,675,52950
20200319,12:04,4900.00,4900.00,4900.00,4900.00,1200,52950
20200319,12:05,4800.00,4800.00,4800.00,4800.00,525,52575
20200319,12:06,4800.00,4800.00,4800.00,4800.00,600,52575
20200319,12:11,4783.80,4783.80,4783.80,4783.80,75,51975
20200319,12:12,4808.40,4808.40,4807.00,4807.00,300,51975
20200319,12:53,4679.30,4679.30,4679.30,4679.30,75,51975
20200319,13:09,4541.80,4541.80,4541.80,4541.80,375,51975
20200319,13:16,4650.00,4650.00,4650.00,4650.00,225,51975
20200319,13:21,4690.95,4690.95,4690.95,4690.95,375,51975
20200319,13:22,4681.50,4681.50,4681.50,4681.50,75,51975
20200319,13:26,4705.70,4706.35,4705.70,4706.35,150,51975
20200319,13:27,4714.50,4714.50,4714.50,4714.50,75,51975
20200319,13:28,4698.50,4698.50,4698.50,4698.50,375,51975
20200319,13:50,4640.20,4640.20,4640.20,4640.20,75,51975
20200319,13:51,4573.80,4573.80,4573.80,4573.80,75,51975
20200319,13:57,4504.20,4504.20,4504.20,4504.20,75,51900
20200319,14:01,4439.55,4439.55,4439.55,4439.55,150,51900
20200319,14:06,4405.45,4405.45,4405.45,4405.45,75,51900
20200319,14:07,4405.45,4405.45,4405.45,4405.45,75,51900
20200319,14:09,4414.40,4414.95,4414.40,4414.95,225,51900
20200319,14:13,4379.90,4409.35,4379.90,4409.35,375,51900
20200319,14:15,4397.90,4397.90,4397.90,4397.90,75,51900
20200319,14:18,4434.35,4434.35,4434.35,4434.35,75,51900
20200319,14:21,4445.30,4445.30,4445.30,4445.30,75,51900
20200319,14:22,4463.40,4463.40,4423.50,4423.50,375,51900
20200319,14:23,4415.20,4415.20,4415.20,4415.20,75,51900
20200319,14:24,4416.30,4451.55,4416.30,4446.45,375,51900
20200319,14:25,4458.45,4458.45,4458.45,4458.45,150,51900
20200319,14:28,4515.30,4515.30,4515.30,4515.30,75,51900
20200319,14:29,4500.00,4500.00,4500.00,4500.00,75,51900
20200319,14:30,4532.05,4532.05,4532.05,4532.05,75,51825
20200319,14:31,4535.70,4538.55,4535.70,4538.55,150,51825
20200319,14:39,4583.15,4583.15,4583.15,4583.15,150,51825
20200319,14:45,4609.00,4609.00,4609.00,4609.00,150,51825
20200319,14:47,4547.85,4565.65,4547.30,4565.65,300,51825
20200319,14:48,4590.30,4590.30,4590.30,4590.30,75,51825
20200319,14:55,4578.80,4578.80,4578.80,4578.80,225,51825
20200319,14:59,4633.30,4654.60,4633.30,4654.60,225,51825
20200319,15:00,4668.40,4675.90,4668.40,4675.90,675,51825
20200319,15:03,4621.70,4621.70,4621.70,4621.70,75,51825
20200319,15:06,4657.40,4657.40,4657.40,4657.40,150,51825
20200319,15:08,4671.30,4672.45,4671.30,4672.45,150,51825
20200319,15:10,4658.95,4663.35,4657.25,4663.35,225,51825
20200319,15:14,4714.70,4714.70,4714.70,4714.70,75,51825
20200319,15:16,4745.15,4745.15,4745.15,4745.15,75,51825
20200319,15:18,4764.60,4764.60,4764.60,4764.60,75,51825
20200319,15:19,4755.75,4757.40,4755.75,4756.85,375,51825
20200319,15:20,4761.25,4761.25,4760.50,4760.50,150,51825
20200319,15:21,4761.55,4761.55,4757.90,4757.90,150,51825
20200319,15:22,4758.40,4758.40,4758.40,4758.40,75,51825
20200319,15:24,4732.15,4732.15,4732.15,4732.15,75,51825
20200320,09:16,4709.40,4709.40,4709.40,4709.40,76,51825
20200320,09:25,4535.15,4535.15,4535.15,4535.15,75,51825
20200320,09:55,4535.15,4535.15,4535.15,4535.15,75,51825
20200320,12:16,4330.00,4330.00,4330.00,4330.00,150,51825
20200320,12:22,4315.00,4315.00,4315.00,4315.00,75,51825
20200320,12:27,4315.00,4330.00,4315.00,4330.00,150,51900
20200320,12:54,4242.55,4242.55,4242.55,4242.55,75,52050
20200320,12:55,4230.85,4230.85,4230.85,4230.85,75,52050
20200320,12:59,4211.80,4211.80,4211.80,4211.80,75,52050
20200320,13:06,4211.80,4211.80,4211.80,4211.80,75,52125
20200320,13:07,4257.20,4257.20,4257.20,4257.20,75,52125
20200320,13:12,4240.35,4240.35,4231.70,4238.45,300,52125
20200320,13:54,4250.00,4250.00,4250.00,4250.00,75,52125
20200320,13:56,4291.50,4291.50,4291.50,4291.50,75,52125
20200320,14:03,4349.00,4349.00,4325.10,4325.10,225,52200
20200320,14:20,4429.85,4429.85,4429.85,4429.85,75,52350
20200320,14:54,4265.00,4275.10,4265.00,4275.10,150,52425
20200320,15:09,4217.25,4217.25,4217.25,4217.25,75,52425
20200320,15:12,4196.95,4196.95,4192.90,4192.90,450,52425
20200320,15:14,4199.95,4199.95,4199.95,4199.95,75,52425
20200320,15:15,4191.20,4191.20,4191.20,4191.20,75,52425
20200320,15:18,4150.00,4150.00,4149.85,4149.85,300,52350
20200320,15:22,4155.25,4155.25,4155.25,4155.25,150,52275
20200320,15:23,4134.10,4134.10,4133.50,4133.50,225,52275
20200320,15:24,4131.30,4131.30,4130.15,4130.15,150,52275
20200320,15:25,4130.15,4175.00,4130.15,4175.00,150,52275
20200320,15:27,4190.00,4190.00,4190.00,4190.00,1575,52350
20200320,15:28,4190.00,4190.00,4190.00,4190.00,75,52350
20200320,15:29,4190.00,4190.00,4190.00,4190.00,1725,52350
20200323,09:45,5081.20,5081.20,5081.20,5081.20,226,52350
20200323,09:46,5079.20,5079.20,5079.20,5079.20,150,55725
20200323,09:57,5079.20,5079.20,5079.20,5079.20,150,55725
20200323,11:00,5000.00,5000.00,5000.00,5000.00,1800,55725
20200323,11:15,5150.00,5150.00,5150.00,5150.00,750,56625
20200323,11:16,5190.00,5190.00,5180.00,5180.00,2250,56625
20200323,11:18,5210.00,5210.00,5210.00,5210.00,750,53625
20200323,11:19,5225.00,5235.00,5225.00,5235.00,1500,53625
20200323,11:20,5235.00,5250.00,5235.00,5250.00,3600,53625
20200323,11:23,5250.00,5250.00,5250.00,5250.00,75,47775
20200323,11:39,5250.00,5250.00,5250.00,5250.00,75,47700
20200323,11:40,5225.60,5225.60,5225.60,5225.60,300,47700
20200323,11:42,5150.00,5150.00,5150.00,5150.00,75,47325
20200323,11:45,5171.50,5171.50,5171.50,5171.50,150,47250
20200323,11:51,5100.00,5100.00,5100.00,5100.00,75,47100
20200323,12:00,5220.00,5220.00,5220.00,5220.00,150,47025
20200323,13:03,5140.00,5140.00,5140.00,5140.00,150,46875
20200323,13:27,5129.00,5129.00,5129.00,5129.00,75,47025
20200323,13:29,5216.10,5216.10,5216.10,5216.10,75,47025
20200323,13:55,5200.00,5200.00,5200.00,5200.00,225,47025
20200323,13:57,5200.00,5200.00,5200.00,5200.00,150,47250
20200323,14:01,5207.95,5207.95,5207.95,5207.95,75,47400
20200323,14:07,5230.00,5230.00,5230.00,5230.00,75,47475
20200323,14:35,5220.00,5220.00,5220.00,5220.00,150,47550
20200323,14:58,5276.25,5276.25,5276.25,5276.25,75,47700
20200324,09:47,5231.90,5231.90,5231.90,5231.90,76,47625
20200324,09:54,5247.05,5247.05,5247.05,5247.05,75,47700
20200324,11:41,5100.00,5100.00,5100.00,5100.00,1500,47850
20200324,11:42,5100.00,5100.00,5100.00,5100.00,300,47850
20200324,11:50,5096.00,5096.00,5096.00,5096.00,75,49500
20200324,12:06,5096.00,5096.00,5096.00,5096.00,75,49500
20200324,12:17,5103.00,5103.00,5103.00,5103.00,75,49575
20200324,12:18,5103.00,5103.00,5103.00,5103.00,300,49575
20200324,12:20,5130.00,5130.00,5130.00,5130.00,150,49575
20200324,12:23,5090.00,5090.00,5090.00,5090.00,2475,50100
20200324,12:24,5075.00,5075.00,5075.00,5075.00,300,52575
20200324,12:49,5029.75,5029.75,5029.75,5029.75,225,52875
20200324,12:51,5004.60,5004.60,5003.20,5003.20,300,52950
20200324,12:55,5003.20,5003.20,5003.20,5003.20,150,52950
20200324,12:58,5020.00,5020.00,5020.00,5020.00,300,53100
20200324,12:59,5006.20,5006.20,5006.20,5006.20,150,53100
20200324,13:01,5087.45,5087.45,5020.00,5020.00,150,53250
20200324,13:02,5084.45,5084.45,5084.45,5084.45,75,53250
20200324,13:03,5033.30,5033.30,5033.30,5033.30,375,53025
20200324,13:04,5033.35,5033.35,5033.35,5033.35,150,53025
20200324,13:09,5020.00,5020.00,5020.00,5020.00,150,53025
20200324,13:12,5024.45,5024.45,5024.45,5024.45,225,53175
20200324,13:15,5006.80,5006.80,5006.80,5006.80,75,53175
20200324,13:35,4990.00,4990.00,4990.00,4990.00,150,53175
20200324,13:50,4990.00,4994.25,4983.90,4990.30,675,53175
20200324,14:06,4975.00,4975.00,4975.00,4975.00,75,53850
20200324,14:14,4975.00,5000.00,4975.00,4985.00,300,53925
20200324,14:15,4985.00,4985.00,4985.00,4985.00,375,54525
20200324,14:20,4966.50,4966.50,4966.50,4966.50,150,54600
20200324,14:24,4966.50,4966.50,4966.50,4966.50,75,54750
20200324,14:25,4932.85,4932.85,4932.85,4932.85,75,54750
20200324,14:28,4919.40,4919.40,4919.40,4919.40,150,54900
20200324,14:29,4934.70,4934.70,4925.05,4925.05,225,54900
20200324,14:30,4935.00,4935.00,4935.00,4935.00,150,55275
20200324,14:48,4976.75,4976.75,4976.75,4976.75,75,55125
20200324,14:52,4939.65,4939.65,4939.65,4939.65,150,55200
20200324,14:56,5006.55,5006.55,5006.55,5006.55,150,55350
20200324,14:58,5074.00,5074.00,5074.00,5074.00,75,55350
20200324,15:02,5088.25,5088.25,5088.25,5088.25,75,55425
20200324,15:06,5096.15,5096.15,5096.15,5096.15,75,55500
20200324,15:07,5098.05,5098.05,5098.05,5098.05,1125,55500
20200324,15:11,5098.00,5098.00,5098.00,5098.00,75,56700
20200324,15:25,4998.55,4998.55,4998.55,4998.55,75,56700
20200325,09:26,5000.00,5000.00,5000.00,5000.00,76,56700
20200325,09:27,5025.00,5025.00,5025.00,5025.00,75,56700
20200325,09:34,5038.70,5038.70,5038.70,5038.70,75,56850
20200325,09:44,5095.00,5095.00,5095.00,5095.00,75,56925
20200325,09:52,5150.00,5150.00,5150.00,5150.00,75,57000
20200325,10:03,5150.00,5150.00,5150.00,5150.00,150,57075
20200325,11:28,5036.55,5036.55,5036.55,5036.55,75,57150
20200325,11:36,4975.00,4975.00,4975.00,4975.00,75,57225
20200325,11:37,4950.00,4950.00,4950.00,4950.00,150,57225
20200325,11:41,4950.00,4950.00,4950.00,4950.00,75,57225
20200325,11:48,4950.00,4950.00,4950.00,4950.00,75,57525
20200325,11:56,4970.00,4970.00,4970.00,4970.00,75,57600
20200325,12:21,4939.40,4939.40,4939.40,4939.40,150,57600
20200325,12:39,4865.00,4865.00,4865.00,4865.00,75,57675
20200325,13:23,4570.00,4570.00,4570.00,4570.00,75,57600
20200325,13:44,4554.60,4554.60,4554.60,4554.60,375,57675
20200325,13:45,4554.60,4554.60,4554.60,4554.60,150,58050
20200325,14:09,4537.15,4573.60,4537.15,4569.10,1200,58200
20200325,14:18,4525.00,4525.00,4506.00,4506.00,150,59400
20200325,14:25,4491.35,4491.35,4491.35,4491.35,75,59550
20200325,14:26,4460.00,4460.00,4460.00,4460.00,150,59550
20200325,14:28,4455.00,4455.00,4440.00,4440.00,225,59700
20200325,14:29,4431.35,4431.35,4430.05,4430.05,375,59700
20200325,14:31,4430.05,4445.00,4430.05,4445.00,1275,60300
20200325,14:33,4475.00,4475.00,4475.00,4475.00,1500,61575
20200325,14:35,4500.00,4500.00,4500.00,4500.00,1500,61575
20200325,14:37,4510.00,4510.00,4510.00,4510.00,450,64575
20200325,14:38,4500.00,4500.00,4500.00,4500.00,1050,64575
20200325,14:51,4425.95,4425.95,4425.95,4425.95,150,66075
20200325,14:54,4425.95,4435.00,4425.95,4435.00,1500,66225
20200325,14:57,4420.00,4420.00,4420.00,4420.00,1500,66225
20200325,14:58,4410.00,4410.00,4410.00,4410.00,150,69225
20200325,15:00,4410.00,4410.00,4410.00,4410.00,75,69225
20200325,15:04,4444.55,4444.55,4440.85,4440.85,300,69450
20200325,15:05,4439.20,4439.20,4439.20,4439.20,150,69450
20200325,15:06,4437.05,4437.05,4437.05,4437.05,300,69900
20200325,15:08,4464.05,4464.05,4447.30,4448.75,1050,69900
20200325,15:10,4470.60,4470.60,4469.50,4469.50,525,71250
20200325,15:11,4471.85,4471.85,4470.30,4470.30,225,71250
20200325,15:12,4474.55,4485.00,4473.85,4485.00,975,72675
20200325,15:15,4500.00,4500.00,4500.00,4500.00,75,72975
20200325,15:17,4477.15,4512.50,4477.15,4512.50,1350,72975
20200325,15:18,4494.10,4515.90,4494.10,4515.90,675,74400
20200325,15:20,4501.35,4501.35,4492.00,4492.00,900,74400
20200325,15:21,4491.85,4491.85,4491.85,4491.85,75,74400
20200325,15:22,4502.00,4502.00,4502.00,4502.00,675,76050
20200325,15:23,4502.00,4502.00,4502.00,4502.00,150,76050
20200325,15:25,4502.00,4505.00,4502.00,4505.00,375,76875
20200325,15:26,4581.90,4581.90,4544.25,4552.30,3750,76875
20200325,15:27,4549.20,4549.20,4538.90,4547.15,2100,77625
20200325,15:28,4543.95,4545.55,4540.40,4540.95,1425,77625
20200325,15:29,4532.45,4532.45,4532.45,4532.45,75,77625
20200326,09:21,4550.00,4550.00,4550.00,4550.00,76,77625
20200326,09:27,4508.95,4508.95,4508.95,4508.95,75,77550
20200326,09:28,4497.55,4497.55,4482.45,4482.45,300,77550
20200326,09:30,4432.25,4432.25,4432.25,4432.25,75,77550
20200326,09:32,4432.25,4433.25,4432.25,4433.25,150,77550
20200326,09:35,4441.00,4441.00,4440.65,4440.65,150,77550
20200326,09:37,4435.00,4435.00,4435.00,4435.00,75,77550
20200326,09:40,4450.00,4450.00,4450.00,4450.00,75,77775
20200326,09:49,4440.00,4440.00,4440.00,4440.00,150,77850
20200326,09:50,4445.35,4445.35,4437.25,4437.35,1500,78000
20200326,09:54,4399.50,4399.50,4397.05,4398.25,675,78000
20200326,09:55,4395.60,4395.60,4395.60,4395.60,75,78000
20200326,09:56,4388.75,4388.75,4386.50,4386.50,375,78000
20200326,09:57,4380.30,4380.30,4380.30,4380.30,225,78000
20200326,09:58,4359.00,4359.00,4357.25,4357.25,150,78000
20200326,09:59,4357.25,4357.25,4352.45,4352.45,150,78225
20200326,10:01,4349.00,4349.00,4349.00,4349.00,75,78225
20200326,10:03,4308.00,4308.00,4308.00,4308.00,150,78225
20200326,10:06,4313.65,4313.65,4313.65,4313.65,225,78300
20200326,10:07,4322.65,4322.65,4322.65,4322.65,75,78300
20200326,10:12,4285.25,4285.25,4273.20,4273.20,2175,78450
20200326,10:15,4250.00,4250.00,4250.00,4250.00,150,77325
20200326,10:18,4228.15,4228.15,4228.15,4228.15,900,77475
20200326,10:19,4241.90,4241.90,4220.90,4232.00,1275,77475
20200326,10:21,4210.45,4210.45,4172.80,4178.05,2100,76125
20200326,10:22,4186.20,4186.20,4172.45,4172.45,225,76125
20200326,10:23,4173.60,4173.60,4173.60,4173.60,75,73875
20200326,10:24,4227.60,4235.10,4227.60,4235.10,2100,73875
20200326,10:25,4238.00,4238.00,4238.00,4238.00,1050,73875
20200326,10:27,4257.50,4257.50,4257.50,4257.50,525,71325
20200326,10:28,4250.00,4263.65,4250.00,4263.65,1050,71325
20200326,10:29,4263.30,4263.30,4263.30,4263.30,600,71325
20200326,10:30,4260.00,4260.00,4260.00,4260.00,75,69525
20200326,10:31,4280.00,4280.00,4280.00,4280.00,75,69525
20200326,10:32,4320.00,4320.00,4320.00,4320.00,75,69525
20200326,10:33,4313.15,4313.15,4312.95,4312.95,225,69525
20200326,10:46,4240.00,4240.00,4240.00,4240.00,75,69525
20200326,10:56,4280.00,4280.00,4280.00,4280.00,75,69525
20200326,10:57,4300.00,4300.00,4300.00,4300.00,75,69525
20200326,10:59,4310.00,4310.00,4310.00,4310.00,1575,68550
20200326,11:00,4266.00,4266.00,4266.00,4266.00,75,68550
20200326,11:04,4268.45,4268.45,4268.40,4268.40,150,67950
20200326,11:06,4268.40,4320.00,4268.40,4320.00,225,67800
20200326,11:07,4279.25,4290.70,4279.25,4290.70,675,67800
20200326,11:09,4340.00,4340.00,4340.00,4340.00,150,67950
20200326,11:11,4360.00,4360.00,4360.00,4360.00,75,68025
20200326,11:13,4320.00,4320.00,4320.00,4320.00,75,68025
20200326,11:16,4280.00,4280.00,4280.00,4280.00,75,68175
20200326,11:19,4282.00,4282.00,4282.00,4282.00,75,68175
20200326,11:22,4300.00,4300.00,4300.00,4300.00,300,68250
20200326,11:23,4264.90,4264.90,4264.90,4264.90,75,68250
20200326,11:24,4300.00,4300.00,4300.00,4300.00,150,68400
20200326,11:25,4300.00,4300.00,4300.00,4300.00,300,68400
20200326,11:26,4310.00,4325.00,4310.00,4325.00,450,68400
20200326,11:27,4330.00,4350.00,4330.00,4350.00,825,68625
20200326,11:29,4300.00,4300.00,4300.00,4300.00,300,68625
20200326,11:30,4300.00,4300.00,4300.00,4300.00,75,68700
20200326,11:31,4310.00,4310.00,4310.00,4310.00,300,68700
20200326,11:32,4310.00,4310.00,4309.40,4309.40,375,68700
20200326,11:33,4315.00,4315.00,4315.00,4315.00,450,69225
20200326,11:34,4323.60,4350.00,4323.60,4350.00,450,69225
20200326,11:35,4322.70,4322.70,4322.70,4322.70,225,69225
20200326,11:37,4360.00,4360.00,4360.00,4360.00,75,70275
20200326,12:14,4169.35,4169.35,4169.35,4169.35,300,70350
20200326,12:16,4169.35,4169.35,4169.35,4169.35,75,70350
20200326,12:35,4208.00,4208.00,4208.00,4208.00,300,70275
20200326,12:37,4208.40,4208.40,4208.40,4208.40,75,70275
20200326,12:40,4204.10,4204.10,4204.10,4204.10,75,70575
20200326,12:42,4216.20,4216.20,4216.20,4216.20,75,70650
20200326,12:53,4188.35,4188.35,4178.45,4178.45,975,70650
20200326,12:54,4165.00,4165.00,4165.00,4165.00,450,71700
20200326,12:55,4165.00,4165.00,4165.00,4165.00,300,71700
20200326,12:57,4165.00,4165.00,4165.00,4165.00,75,72300
20200326,13:02,4200.00,4210.00,4200.00,4200.00,2925,72375
20200326,13:21,4200.00,4200.00,4200.00,4200.00,225,75225
20200326,13:22,4185.00,4185.00,4169.25,4172.35,450,75225
20200326,13:23,4200.00,4200.00,4200.00,4200.00,675,75225
20200326,13:25,4320.00,4320.00,4320.00,4320.00,150,76500
20200326,13:29,4350.00,4350.00,4350.00,4350.00,150,76650
20200326,13:31,4360.00,4360.00,4360.00,4360.00,150,76800
20200326,13:34,4370.00,4380.00,4370.00,4380.00,225,76950
20200326,13:35,4380.00,4380.00,4380.00,4380.00,75,76950
20200326,13:36,4381.20,4385.00,4381.20,4385.00,225,77250
20200326,13:37,4390.40,4400.00,4390.40,4400.00,225,77250
20200326,13:38,4393.20,4397.30,4393.20,4397.30,825,77250
20200326,13:41,4362.10,4362.10,4362.10,4362.10,75,77550
20200326,13:42,4355.45,4355.45,4339.25,4339.30,750,77550
20200326,13:44,4329.05,4339.60,4329.05,4339.60,225,77550
20200326,13:45,4332.05,4332.05,4331.10,4331.10,225,77550
20200326,13:46,4310.00,4310.00,4310.00,4310.00,75,77550
20200326,14:01,4400.00,4400.00,4400.00,4400.00,75,77625
20200326,14:02,4450.00,4450.00,4450.00,4450.00,150,77625
20200326,14:10,4390.00,4390.00,4390.00,4390.00,75,77850
20200326,14:15,4370.00,4370.00,4370.00,4370.00,975,77925
20200326,14:16,4350.00,4350.00,4350.00,4350.00,75,77925
20200326,14:17,4360.00,4360.00,4360.00,4360.00,75,77925
20200326,14:18,4350.00,4350.00,4350.00,4350.00,75,79050
20200326,14:20,4340.00,4349.75,4340.00,4349.75,150,79050
20200326,14:24,4315.85,4315.85,4315.85,4315.85,75,79200
20200326,14:37,4230.00,4230.00,4230.00,4230.00,1050,79275
20200326,14:39,4250.00,4250.00,4250.00,4250.00,150,80325
20200326,14:41,4280.00,4280.00,4270.00,4280.00,750,80325
20200326,14:42,4280.00,4280.00,4280.00,4280.00,450,80325
20200326,14:55,4160.00,4160.00,4160.00,4160.00,75,81675
20200326,14:56,4160.00,4180.00,4160.00,4180.00,825,81675
20200326,15:00,4150.00,4170.00,4150.00,4170.00,1200,83625
20200326,15:24,4220.00,4220.00,4220.00,4220.00,1500,83700
20200327,09:15,4000.05,4000.05,4000.00,4000.00,151,85200
20200327,09:20,4000.00,4000.00,4000.00,4000.00,75,85125
20200327,09:30,3950.00,3950.00,3945.50,3945.50,1125,85200
20200327,10:09,3902.50,3902.50,3902.50,3902.50,225,84075
20200327,11:03,3902.50,4261.00,3902.50,4261.00,150,83925
20200327,11:08,4278.70,4278.70,4278.70,4278.70,75,84000
20200327,11:10,4293.50,4298.90,4293.50,4298.90,600,84000
20200327,11:12,4351.25,4351.25,4351.25,4351.25,225,84000
20200327,11:56,4351.25,4351.25,4351.25,4351.25,1050,84075
20200327,13:07,4339.25,4339.25,4339.25,4339.25,525,83025
20200327,13:08,4340.00,4340.00,4340.00,4340.00,75,83025
20200327,13:35,4350.00,4350.00,4350.00,4350.00,75,82500
20200327,13:42,4300.00,4300.00,4300.00,4300.00,75,82425
20200327,14:37,4268.75,4277.00,4268.75,4277.00,525,82350
20200327,14:45,4288.65,4288.65,4288.65,4288.65,150,81975
20200327,14:46,4289.15,4289.15,4283.50,4283.50,150,81975
20200327,14:56,4259.45,4259.45,4259.45,4259.45,75,81975
20200327,15:10,4300.00,4300.00,4300.00,4300.00,75,81900
20200327,15:21,4258.40,4258.40,4258.40,4258.40,75,81975
20200327,15:29,4256.00,4256.00,4256.00,4256.00,525,81900
20200330,09:20,4465.00,4465.00,4465.00,4465.00,151,82350
20200330,09:31,4515.00,4515.00,4515.00,4515.00,150,82200
20200330,10:04,4515.00,4515.00,4370.00,4370.00,150,82200
20200330,11:07,4375.00,4375.00,4375.00,4375.00,75,82050
20200330,12:50,4505.00,4505.00,4505.00,4505.00,75,82125
20200330,12:51,4496.00,4496.00,4496.00,4496.00,75,82125
20200330,12:53,4490.05,4490.05,4490.05,4490.05,75,82125
20200330,12:54,4485.00,4485.00,4480.05,4480.10,225,82200
20200330,13:22,4540.00,4540.00,4540.00,4540.00,150,82350
20200330,13:24,4540.00,4540.00,4540.00,4540.00,150,82350
20200330,13:26,4555.60,4555.60,4555.60,4555.60,75,82350
20200330,13:36,4555.60,4555.60,4500.00,4500.00,300,82350
20200330,13:38,4502.00,4502.00,4502.00,4502.00,150,82350
20200330,13:42,4500.00,4500.00,4500.00,4500.00,150,82350
20200330,13:46,4520.00,4520.95,4520.00,4520.95,225,82350
20200330,13:47,4521.85,4531.90,4521.85,4531.90,525,82350
20200330,13:48,4540.05,4540.05,4539.70,4539.70,300,82350
20200330,13:49,4538.00,4538.00,4538.00,4538.00,300,82350
20200330,13:50,4535.00,4536.30,4534.00,4536.15,750,82350
20200330,13:52,4561.65,4562.00,4561.65,4562.00,600,82350
20200330,13:55,4580.00,4580.00,4580.00,4580.00,150,82350
20200330,13:58,4580.00,4580.00,4580.00,4580.00,150,82350
20200330,14:01,4585.00,4585.00,4585.00,4585.00,150,82350
20200330,14:02,4585.00,4585.00,4585.00,4585.00,150,82350
20200330,14:08,4570.00,4570.00,4570.00,4570.00,150,82350
20200330,14:14,4530.00,4530.00,4530.00,4530.00,150,82350
20200330,14:16,4540.00,4540.00,4540.00,4540.00,300,82350
20200330,14:18,4560.00,4560.00,4560.00,4560.00,300,82350
20200330,14:19,4550.00,4550.00,4550.00,4550.00,150,82350
20200330,14:20,4550.00,4550.00,4550.00,4550.00,150,82350
20200330,14:22,4565.00,4565.00,4555.00,4555.00,450,82350
20200330,14:24,4560.00,4560.00,4560.00,4560.00,75,82350
20200330,14:27,4575.00,4575.00,4572.00,4572.00,450,82350
20200330,14:28,4575.00,4575.00,4575.00,4575.00,150,82350
20200330,14:30,4560.00,4560.00,4560.00,4560.00,300,81975
20200330,14:31,4550.00,4550.00,4550.00,4550.00,75,81975
20200330,14:32,4548.00,4548.00,4548.00,4548.00,75,81975
20200330,14:34,4570.00,4570.00,4570.00,4570.00,75,81975
20200330,14:35,4595.00,4595.00,4595.00,4595.00,300,81975
20200330,14:36,4595.00,4595.00,4595.00,4595.00,75,81975
20200330,14:38,4595.00,4595.00,4595.00,4595.00,150,81975
20200330,14:39,4575.00,4575.00,4575.00,4575.00,150,81900
20200330,14:41,4590.00,4590.00,4590.00,4590.00,150,81900
20200330,14:44,4624.20,4624.20,4624.20,4624.20,150,81900
20200330,14:46,4655.10,4655.10,4655.10,4655.10,150,81900
20200330,14:48,4677.70,4677.70,4677.70,4677.70,150,81975
20200330,14:50,4700.00,4700.00,4700.00,4700.00,150,81975
20200330,14:51,4700.00,4700.00,4700.00,4700.00,150,82050
20200330,14:52,4700.00,4700.00,4697.00,4697.00,150,82050
20200330,14:56,4700.00,4700.65,4700.00,4700.65,150,82050
20200330,14:57,4700.65,4700.65,4685.00,4685.00,900,82050
20200330,14:58,4680.00,4680.00,4675.00,4675.00,225,82050
20200330,15:02,4705.00,4705.00,4705.00,4705.00,150,82050
20200330,15:08,4705.00,4705.00,4645.00,4645.00,450,82050
20200330,15:09,4645.00,4645.00,4645.00,4645.00,150,82050
20200330,15:11,4642.00,4650.00,4642.00,4650.00,225,82050
20200330,15:12,4650.00,4650.00,4645.00,4645.00,225,81975
20200330,15:14,4642.00,4642.00,4642.00,4642.00,150,81975
20200330,15:15,4635.00,4635.00,4635.00,4635.00,150,81975
20200330,15:16,4640.00,4640.00,4640.00,4640.00,150,81900
20200330,15:19,4675.00,4675.00,4670.00,4670.00,300,81900
20200330,15:21,4675.00,4679.50,4675.00,4679.50,300,81900
20200330,15:22,4660.00,4660.00,4655.00,4655.00,1050,81900
20200330,15:23,4660.00,4660.00,4660.00,4660.00,150,81900
20200330,15:24,4670.00,4670.00,4670.00,4670.00,150,82800
20200330,15:25,4669.55,4669.55,4669.55,4669.55,1575,82800
20200330,15:26,4665.00,4665.00,4665.00,4665.00,1350,82800
20200330,15:28,4661.00,4661.00,4661.00,4661.00,450,82800
20200330,15:29,4655.00,4659.80,4649.15,4659.80,1425,82800
20200331,09:26,4572.00,4572.00,4558.50,4558.50,2101,83325
20200331,09:28,4558.50,4558.50,4558.50,4558.50,75,83325
20200331,09:29,4585.00,4585.00,4585.00,4585.00,1050,81300
20200331,09:31,4585.00,4585.00,4585.00,4585.00,375,81300
20200331,09:32,4572.50,4572.50,4572.50,4572.50,150,81300
20200331,09:34,4614.60,4614.60,4614.60,4614.60,600,79725
20200331,09:55,4475.00,4475.00,4475.00,4475.00,900,79350
20200331,10:30,4450.25,4450.25,4450.25,4450.25,225,79650
20200331,10:31,4446.85,4446.85,4446.85,4446.85,75,79650
20200331,10:32,4432.40,4432.40,4432.40,4432.40,150,79650
20200331,10:56,4432.40,4450.00,4432.40,4450.00,225,79650
20200331,11:15,4481.00,4481.00,4481.00,4481.00,75,79425
20200331,12:02,4386.30,4386.30,4386.30,4386.30,150,79425
20200331,12:16,4365.00,4365.00,4365.00,4365.00,75,79350
20200331,13:02,4360.00,4360.00,4360.00,4360.00,225,79200
20200331,13:50,4360.00,4360.00,4360.00,4360.00,300,78900
20200331,14:03,4299.70,4299.70,4299.70,4299.70,75,78900
20200331,14:17,4299.70,4299.70,4299.70,4299.70,3600,78675
20200331,14:20,4330.00,4330.00,4330.00,4330.00,75,78675
20200331,14:24,4330.00,4330.00,4330.00,4330.00,1650,78600
20200331,14:54,4250.00,4250.00,4250.00,4250.00,75,78600
20200331,15:17,4250.00,4345.00,4250.00,4345.00,2100,78600
20200331,15:18,4347.00,4347.00,4347.00,4347.00,2100,81825
20200331,15:24,4350.00,4350.00,4350.00,4350.00,75,82800
20200401,09:16,4449.90,4465.00,4449.90,4465.00,226,82725
20200401,09:21,4490.00,4490.00,4490.00,4490.00,2100,82500
20200401,09:39,4520.00,4520.00,4520.00,4520.00,2100,80475
20200401,09:41,4536.65,4536.65,4536.65,4536.65,75,80475
20200401,09:44,4544.70,4544.70,4544.70,4544.70,75,78375
20200401,09:50,4562.80,4562.80,4562.80,4562.80,75,78300
20200401,09:53,4580.00,4580.00,4580.00,4580.00,75,78300
20200401,10:11,4581.20,4581.20,4581.20,4581.20,75,78300
20200401,10:14,4581.20,4581.20,4581.20,4581.20,75,78225
20200401,10:17,4569.00,4569.00,4569.00,4569.00,75,78225
20200401,10:49,4624.45,4624.45,4624.45,4624.45,75,78225
20200401,11:16,4662.15,4662.15,4662.15,4662.15,1050,78150
20200401,11:17,4662.15,4662.15,4659.20,4659.20,1050,79200
20200401,11:43,4650.00,4650.00,4650.00,4650.00,75,80250
20200401,12:02,4690.00,4690.00,4690.00,4690.00,1800,80250
20200401,12:03,4690.00,4690.00,4690.00,4690.00,300,80250
20200401,13:10,4713.00,4713.00,4713.00,4713.00,75,78150
20200401,14:15,4748.00,4748.00,4748.00,4748.00,150,78075
20200401,14:28,4748.00,4748.00,4748.00,4748.00,75,77925
20200401,14:31,4743.00,4743.00,4743.00,4743.00,75,77850
20200401,14:48,4730.00,4730.00,4730.00,4730.00,150,77775
20200401,14:57,4730.00,4730.00,4730.00,4730.00,75,77925
20200401,15:03,4700.00,4700.00,4700.00,4700.00,975,77850
20200401,15:05,4700.00,4700.00,4700.00,4700.00,150,77850
20200401,15:13,4687.45,4687.45,4680.00,4680.00,2100,78675
20200401,15:14,4675.00,4675.00,4675.00,4675.00,2100,78675
20200401,15:23,4695.00,4695.00,4695.00,4695.00,75,82875
20200401,15:24,4695.50,4695.50,4692.00,4692.00,1050,83925
20200401,15:25,4695.75,4695.75,4695.75,4695.75,75,83925
20200403,09:16,4787.35,4787.35,4787.35,4787.35,76,84000
20200403,09:19,4825.00,4825.00,4825.00,4825.00,1050,84075
20200403,09:23,4854.90,4854.90,4854.90,4854.90,1050,83025
20200403,09:24,4854.90,4854.90,4854.90,4854.90,225,83025
20200403,09:39,4851.00,4851.00,4851.00,4851.00,525,81750
20200403,09:40,4847.15,4847.15,4847.15,4847.15,75,81750
20200403,09:45,4805.40,4805.40,4805.40,4805.40,150,81150
20200403,10:20,4806.00,4806.00,4806.00,4806.00,75,81150
20200403,10:22,4818.00,4818.00,4818.00,4818.00,75,81150
20200403,10:23,4834.65,4834.65,4834.65,4834.65,150,81150
20200403,10:28,4820.00,4820.00,4820.00,4820.00,525,81150
20200403,11:02,4869.50,4869.50,4869.50,4869.50,75,80625
20200403,11:11,4869.50,4869.50,4869.50,4869.50,75,80625
20200403,11:44,4830.00,4830.00,4830.00,4830.00,75,80550
20200403,11:53,4842.80,4842.80,4842.80,4842.80,75,80550
20200403,12:20,4815.25,4815.25,4815.25,4815.25,75,80550
20200403,12:22,4800.00,4800.00,4800.00,4800.00,75,80550
20200403,13:03,4820.45,4820.45,4820.45,4820.45,75,80475
20200403,14:12,4896.65,4896.65,4896.65,4896.65,75,80475
20200403,14:13,4896.65,4896.65,4896.65,4896.65,75,80475
20200403,14:15,4882.75,4882.75,4882.75,4882.75,75,80475
20200403,14:17,4895.50,4895.50,4895.50,4895.50,75,80475
20200403,14:19,4875.00,4875.00,4875.00,4875.00,75,80400
20200403,14:38,4900.55,4900.55,4900.55,4900.55,75,80325
20200403,14:39,4900.55,4900.55,4900.40,4900.40,150,80325
20200403,14:42,4900.00,4900.00,4900.00,4900.00,75,80325
20200403,14:43,4892.55,4892.55,4892.55,4892.55,75,80325
20200403,14:44,4886.70,4886.70,4886.70,4886.70,75,80325
20200403,14:51,4854.55,4854.55,4854.55,4854.55,75,80250
20200403,15:03,4894.80,4895.75,4894.80,4895.75,150,80250
20200403,15:07,4895.25,4895.25,4895.25,4895.25,75,80250
20200403,15:23,4854.15,4854.15,4854.15,4854.15,150,80250
20200403,15:24,4852.25,4852.25,4852.25,4852.25,600,80775
20200403,15:25,4852.25,4855.00,4852.25,4855.00,750,80775
20200403,15:26,4855.00,4857.55,4855.00,4857.55,150,80775
20200403,15:27,4856.85,4856.85,4856.85,4856.85,75,81675
20200403,15:28,4854.55,4854.55,4850.00,4851.75,1200,81675
20200403,15:29,4849.30,4849.30,4849.30,4849.30,75,81675
20200407,09:18,4564.30,4564.30,4564.30,4564.30,1051,82875
20200407,09:41,4475.00,4475.00,4475.00,4475.00,150,81825
20200407,09:44,4488.75,4488.75,4488.75,4488.75,1050,81975
20200407,09:57,4500.00,4500.00,4500.00,4500.00,75,80925
20200407,10:23,4565.00,4565.00,4565.00,4565.00,150,80925
20200407,10:28,4530.00,4530.00,4530.00,4530.00,75,80850
20200407,11:01,4502.00,4502.00,4502.00,4502.00,75,80775
20200407,11:06,4444.00,4444.00,4444.00,4444.00,150,80850
20200407,11:08,4430.00,4430.00,4430.00,4430.00,150,80700
20200407,11:10,4422.35,4422.35,4422.35,4422.35,75,80700
20200407,11:11,4419.45,4419.45,4419.45,4419.45,75,80550
20200407,11:15,4419.45,4419.45,4412.95,4412.95,150,80550
20200407,11:17,4406.40,4406.40,4406.40,4406.40,75,80550
20200407,11:18,4406.40,4406.40,4402.00,4402.00,150,80550
20200407,11:21,4398.10,4398.10,4398.10,4398.10,75,80550
20200407,11:23,4398.10,4398.10,4398.10,4398.10,75,80550
20200407,11:24,4405.00,4405.00,4405.00,4405.00,150,80475
20200407,11:25,4392.50,4392.50,4392.50,4392.50,150,80475
20200407,11:26,4393.00,4393.00,4393.00,4393.00,75,80475
20200407,11:28,4400.00,4400.00,4400.00,4400.00,150,80475
20200407,11:30,4390.00,4400.00,4390.00,4400.00,675,80475
20200407,11:33,4412.95,4412.95,4412.95,4412.95,1050,81000
20200407,11:34,4409.00,4411.75,4409.00,4411.75,225,81000
20200407,11:35,4409.35,4415.85,4409.35,4415.85,825,81000
20200407,11:36,4418.00,4418.00,4418.00,4418.00,150,79950
20200407,11:37,4418.00,4418.00,4418.00,4418.00,150,79950
20200407,11:38,4406.70,4406.70,4402.00,4404.00,450,79950
20200407,11:39,4400.10,4400.10,4396.90,4396.90,300,79950
20200407,11:40,4390.00,4395.00,4390.00,4395.00,150,79950
20200407,11:41,4395.90,4396.30,4390.90,4390.90,600,79950
20200407,11:42,4391.00,4391.65,4386.90,4386.90,525,80100
20200407,11:43,4386.90,4388.40,4386.50,4388.40,375,80100
20200407,11:44,4388.00,4390.00,4388.00,4390.00,300,79950
20200407,11:45,4384.10,4384.10,4380.00,4380.00,300,79950
20200407,11:46,4389.00,4389.00,4389.00,4389.00,150,79950
20200407,11:48,4381.00,4381.00,4381.00,4381.00,150,79950
20200407,11:49,4380.00,4380.00,4376.00,4376.00,225,79950
20200407,11:50,4371.95,4371.95,4371.95,4371.95,150,79875
20200407,11:53,4371.95,4371.95,4371.95,4371.95,150,79875
20200407,11:54,4392.00,4392.00,4392.00,4392.00,150,79875
20200407,11:55,4397.00,4397.00,4397.00,4397.00,150,79875
20200407,11:56,4396.55,4396.55,4396.55,4396.55,75,79875
20200407,11:57,4398.00,4398.00,4398.00,4398.00,150,79875
20200407,12:02,4407.15,4407.15,4407.15,4407.15,225,79875
20200407,12:03,4396.15,4396.15,4396.15,4396.15,150,79875
20200407,12:10,4387.70,4387.70,4379.85,4386.45,525,79875
20200407,12:13,4382.30,4382.30,4382.30,4382.30,150,79950
20200407,12:15,4380.05,4380.05,4380.05,4380.05,75,79950
20200407,12:16,4378.95,4378.95,4378.95,4378.95,75,79950
20200407,12:30,4343.75,4343.75,4343.75,4343.75,75,79950
20200407,12:37,4334.35,4334.35,4334.35,4334.35,75,79950
20200407,12:40,4321.55,4321.55,4320.55,4320.55,150,79950
20200407,12:41,4308.90,4308.90,4308.30,4308.30,150,79950
20200407,12:43,4303.20,4303.20,4301.75,4301.75,600,79950
20200407,12:45,4301.75,4301.75,4301.75,4301.75,75,79950
20200407,12:50,4304.90,4304.90,4304.90,4304.90,300,79950
20200407,12:57,4313.70,4332.00,4313.70,4332.00,150,79950
20200407,12:59,4316.40,4316.40,4316.40,4316.40,75,79950
20200407,13:00,4323.55,4323.55,4323.55,4323.55,150,79950
20200407,13:02,4329.50,4336.90,4329.50,4336.90,300,79950
20200407,13:03,4335.10,4335.10,4335.10,4335.10,75,79950
20200407,13:07,4284.95,4284.95,4284.95,4284.95,150,79950
20200407,13:14,4284.95,4284.95,4284.95,4284.95,75,79950
20200407,13:15,4275.10,4275.10,4275.10,4275.10,150,79950
20200407,13:19,4278.20,4278.20,4278.20,4278.20,75,79950
20200407,13:28,4260.95,4260.95,4260.95,4260.95,75,79950
20200407,13:32,4260.95,4260.95,4260.95,4260.95,150,80025
20200407,13:39,4232.45,4232.45,4232.45,4232.45,300,80100
20200407,13:41,4220.95,4220.95,4220.95,4220.95,75,80100
20200407,13:48,4201.00,4201.00,4201.00,4201.00,75,80100
20200407,13:55,4172.75,4172.75,4172.75,4172.75,75,80025
20200407,13:57,4171.85,4171.85,4162.75,4162.75,525,80025
20200407,13:58,4162.75,4162.75,4162.20,4162.20,225,80025
20200407,13:59,4142.95,4142.95,4142.95,4142.95,75,80025
20200407,14:00,4142.95,4151.80,4142.95,4151.80,150,80025
20200407,14:03,4160.00,4160.00,4139.15,4139.15,225,80025
20200407,14:06,4139.15,4139.15,4139.15,4139.15,150,80025
20200407,14:09,4164.05,4164.05,4164.05,4164.05,150,79875
20200407,14:17,4164.45,4164.45,4164.45,4164.45,75,79875
20200407,14:19,4144.20,4144.20,4142.10,4144.20,2100,79875
20200407,14:24,4180.00,4180.00,4180.00,4180.00,75,81975
20200407,14:25,4166.85,4166.85,4163.00,4163.00,1050,81975
20200407,14:36,4160.00,4160.00,4160.00,4160.00,225,82950
20200407,14:37,4160.00,4160.00,4160.00,4160.00,300,82950
20200407,14:43,4140.00,4140.00,4140.00,4140.00,1875,82950
20200407,14:44,4140.00,4140.00,4140.00,4140.00,375,82950
20200407,14:50,4119.10,4119.10,4119.10,4119.10,75,82950
20200407,15:05,4061.85,4061.85,4061.85,4061.85,75,82950
20200407,15:06,4061.85,4061.85,4061.85,4061.85,150,83025
20200407,15:07,4082.65,4087.65,4082.65,4087.65,600,83025
20200407,15:08,4089.95,4089.95,4089.95,4089.95,75,83025
20200407,15:12,4076.10,4076.10,4076.10,4076.10,75,83100
20200407,15:15,4079.90,4079.90,4079.90,4079.90,75,83100
20200407,15:18,4085.00,4092.90,4085.00,4092.90,225,83100
20200407,15:20,4102.65,4102.65,4102.65,4102.65,75,83100
20200407,15:24,4103.00,4103.00,4103.00,4103.00,75,83100
20200407,15:25,4108.45,4115.00,4108.45,4113.00,1425,83100
20200407,15:27,4107.95,4107.95,4107.95,4107.95,75,84150
20200407,15:29,4085.95,4085.95,4085.95,4085.95,75,84150
20200408,09:27,4200.00,4200.00,4200.00,4200.00,76,84150
20200408,09:32,4119.05,4119.05,4119.05,4119.05,75,84075
20200408,09:41,4119.05,4135.00,4119.05,4135.00,2250,84075
20200408,09:47,4010.00,4010.00,4010.00,4010.00,2250,84075
20200408,09:50,4010.00,4010.00,4010.00,4010.00,150,84075
20200408,10:03,4012.60,4012.60,4012.60,4012.60,75,84075
20200408,10:18,3960.00,3960.00,3960.00,3960.00,75,84075
20200408,10:21,3869.45,3869.45,3869.45,3869.45,75,84075
20200408,10:48,3869.45,3869.45,3869.45,3869.45,75,84000
20200408,10:52,3949.30,3949.30,3949.30,3949.30,75,84000
20200408,10:57,3991.05,3991.05,3991.05,3991.05,75,84000
20200408,11:14,3971.05,3971.05,3971.05,3971.05,150,84000
20200408,11:32,3971.40,3971.40,3971.40,3971.40,150,84000
20200408,11:35,3994.50,3994.50,3994.50,3994.50,75,84000
20200408,11:37,4012.90,4020.95,4012.90,4020.95,150,84000
20200408,11:42,4075.00,4092.00,4075.00,4092.00,2100,84000
20200408,11:47,4164.75,4164.75,4164.75,4164.75,75,81900
20200408,11:49,4150.30,4150.30,4150.30,4150.30,75,81900
20200408,11:50,4171.15,4171.15,4171.15,4171.15,75,81900
20200408,11:59,4105.85,4105.85,4105.85,4105.85,75,81900
20200408,12:24,4118.35,4118.35,4118.35,4118.35,75,81900
20200408,12:48,4185.80,4185.80,4185.80,4185.80,75,81825
20200408,12:49,4195.05,4195.05,4195.05,4195.05,75,81825
20200408,12:50,4215.25,4215.75,4215.25,4215.75,150,81825
20200408,13:02,4215.75,4215.75,4215.75,4215.75,75,81825
20200408,13:40,4170.00,4170.00,4170.00,4170.00,75,81825
20200408,13:42,4198.80,4198.80,4198.80,4198.80,75,81825
20200408,13:46,4212.75,4212.75,4212.75,4212.75,75,81825
20200408,13:49,4231.15,4231.15,4231.15,4231.15,75,81825
20200408,14:04,4255.60,4255.60,4255.60,4255.60,75,81825
20200408,14:19,4255.60,4255.60,4255.60,4255.60,75,81825
20200408,14:43,4220.50,4220.50,4220.50,4220.50,75,81825
20200408,15:06,4237.00,4237.00,4237.00,4237.00,525,81825
20200408,15:14,4235.00,4235.00,4235.00,4235.00,2550,82350
20200408,15:20,4215.75,4215.75,4215.75,4215.75,75,82350
20200408,15:26,4221.30,4221.30,4221.30,4221.30,525,82350
20200409,10:21,3985.00,3985.00,3985.00,3985.00,76,82350
20200409,10:50,4050.00,4050.00,4050.00,4050.00,75,82800
20200409,11:50,4050.00,4050.00,3922.00,3922.00,1050,82725
20200409,11:51,3922.00,3922.00,3922.00,3922.00,450,82200
20200409,12:07,3965.00,3965.00,3965.00,3965.00,75,81750
20200409,12:48,3932.00,3932.00,3932.00,3932.00,75,81675
20200409,12:52,3910.00,3910.00,3910.00,3910.00,150,81600
20200409,14:05,3910.00,3910.00,3910.00,3910.00,150,81450
20200409,14:06,3950.00,3950.00,3950.00,3950.00,150,81300
20200409,14:09,3940.00,3940.00,3940.00,3940.00,1050,81300
20200409,14:56,3931.70,3931.70,3931.70,3931.70,75,82200
20200409,15:18,3885.00,3885.00,3885.00,3885.00,1050,82125
20200409,15:25,3885.00,3885.00,3885.00,3885.00,75,83175
20200409,15:26,3890.00,3890.00,3890.00,3890.00,450,83175
20200409,15:27,3890.00,3890.00,3890.00,3890.00,75,83175
20200413,11:40,3922.00,3922.00,3922.00,3922.00,526,83625
20200413,12:24,3920.00,3920.00,3920.00,3920.00,1950,83100
20200413,13:12,3920.00,3960.00,3920.00,3960.00,1950,85050
20200413,13:14,3980.00,3980.00,3980.00,3980.00,1050,85050
20200413,13:15,3980.00,3980.00,3980.00,3980.00,900,88050
20200413,14:28,4008.00,4008.00,4008.00,4008.00,75,88950
20200413,14:35,4008.00,4008.00,3975.00,3975.00,1575,88875
20200413,14:36,3975.00,3975.00,3975.00,3975.00,375,88875
20200413,14:47,3952.00,3955.00,3952.00,3955.00,1050,90825
20200413,14:49,3938.55,3945.00,3938.55,3945.00,150,89775
20200413,14:50,3950.00,3960.00,3950.00,3960.00,150,89775
20200413,15:00,3970.95,3970.95,3970.95,3970.95,75,90075
20200413,15:06,3970.00,3970.00,3970.00,3970.00,75,90075
20200413,15:22,3974.00,3974.00,3974.00,3974.00,1125,90150
20200415,09:26,3805.95,3805.95,3805.95,3805.95,76,91200
20200415,10:20,3744.00,3749.00,3744.00,3749.00,2100,91200
20200415,10:46,3702.00,3702.00,3702.00,3702.00,450,89100
20200415,12:46,3702.00,3702.00,3702.00,3702.00,1500,88650
20200415,13:35,3841.00,3841.00,3841.00,3841.00,75,90150
20200415,14:32,4065.00,4065.00,4065.00,4065.00,450,90075
20200415,14:40,4065.00,4065.00,4031.05,4031.05,2100,90525
20200415,14:49,4040.00,4040.00,4040.00,4040.00,1500,92625
20200415,14:56,4065.00,4065.00,4065.00,4065.00,75,94125
20200415,15:18,4045.00,4045.00,4045.00,4045.00,75,94050
20200416,10:51,4043.00,4043.00,4043.00,4043.00,76,93975
20200416,11:04,4032.35,4032.35,4032.35,4032.35,225,93975
20200416,11:12,4002.50,4002.50,4002.50,4002.50,150,93825
20200416,11:14,3996.40,3996.40,3996.40,3996.40,75,93825
20200416,11:33,3976.25,3980.00,3976.25,3980.00,1050,93975
20200416,13:47,3915.00,3915.00,3915.00,3915.00,75,92925
20200416,13:48,3915.00,3915.00,3915.00,3915.00,75,93000
20200416,13:49,3925.00,3925.00,3925.00,3925.00,75,93000
20200416,13:50,3930.00,3930.00,3930.00,3930.00,75,93000
20200416,13:55,3926.00,3930.00,3926.00,3930.00,150,93225
20200416,13:57,3925.00,3925.00,3925.00,3925.00,75,93375
20200416,13:59,3930.00,3930.00,3930.00,3930.00,75,93375
20200416,14:36,3928.00,3928.00,3928.00,3928.00,150,93525
20200416,14:52,3928.45,3928.45,3928.45,3928.45,150,93675
20200416,15:02,3971.35,3975.00,3971.35,3975.00,525,93525
20200416,15:03,3975.00,3975.00,3975.00,3975.00,75,93525
20200416,15:12,3925.00,3925.00,3925.00,3925.00,75,92925
20200416,15:14,3930.00,3930.00,3930.00,3930.00,75,92925
20200416,15:15,3928.00,3928.00,3928.00,3928.00,75,92925
20200416,15:23,3914.75,3919.00,3914.75,3919.00,375,93150
20200416,15:25,3928.00,3928.00,3928.00,3928.00,75,93525
20200417,09:19,3686.00,3688.75,3686.00,3688.75,1052,93600
20200417,09:30,3652.40,3652.40,3652.40,3652.40,975,92550
20200417,09:42,3652.40,3680.00,3652.40,3680.00,225,91575
20200417,09:43,3684.15,3684.15,3670.00,3670.00,300,91575
20200417,09:47,3672.55,3672.55,3672.55,3672.55,75,91350
20200417,09:49,3660.00,3660.00,3660.00,3660.00,75,91350
20200417,09:55,3685.00,3685.00,3685.00,3685.00,150,91275
20200417,10:10,3695.00,3695.00,3695.00,3695.00,75,91425
20200417,11:59,3852.00,3852.00,3852.00,3852.00,75,91500
20200417,12:04,3854.80,3856.75,3854.80,3856.75,150,91575
20200417,12:05,3856.75,3856.75,3850.00,3850.00,150,91575
20200417,13:10,3815.00,3815.00,3815.00,3815.00,75,91875
20200417,13:16,3848.20,3861.00,3848.20,3861.00,4200,91800
20200417,13:58,3861.00,3861.00,3861.00,3861.00,150,87600
20200417,14:07,3775.30,3780.00,3775.30,3780.00,300,87450
20200417,14:18,3803.90,3803.90,3800.00,3800.00,300,87750
20200417,14:19,3775.00,3780.00,3775.00,3780.00,225,87750
20200417,14:20,3750.00,3750.00,3750.00,3750.00,75,87750
20200417,14:41,3743.95,3743.95,3743.95,3743.95,525,87750
20200417,15:21,3640.00,3640.00,3640.00,3640.00,75,87225
20200417,15:24,3640.00,3640.00,3640.00,3640.00,75,87300
20200420,09:32,3690.00,3690.00,3690.00,3690.00,76,87225
20200420,09:57,3732.10,3732.10,3732.10,3732.10,300,87300
20200420,09:58,3725.00,3725.00,3725.00,3725.00,150,87300
20200420,09:59,3730.00,3730.00,3725.00,3725.00,150,86850
20200420,10:03,3708.00,3708.00,3708.00,3708.00,75,86700
20200420,10:09,3699.00,3699.00,3699.00,3699.00,75,86625
20200420,10:25,3699.00,3699.00,3699.00,3699.00,75,86550
20200420,11:01,3652.00,3652.00,3652.00,3652.00,300,86475
20200420,11:02,3660.00,3660.00,3660.00,3660.00,150,86475
20200420,11:10,3685.60,3685.60,3685.60,3685.60,450,86925
20200420,11:16,3707.40,3707.40,3707.40,3707.40,75,86625
20200420,11:34,3740.00,3740.00,3740.00,3740.00,1500,86550
20200420,11:59,3740.00,3740.00,3740.00,3740.00,150,88050
20200421,13:57,4032.80,4032.80,4032.80,4032.80,76,87900
20200422,10:30,3999.85,3999.85,3999.85,3999.85,151,87900
20200422,10:35,3987.80,3987.80,3966.85,3966.85,300,87900
20200422,10:55,3940.00,3944.25,3940.00,3944.25,450,87900
20200422,12:31,3900.00,3900.00,3900.00,3900.00,150,87450
20200422,13:12,3856.10,3856.10,3856.10,3856.10,75,87300
20200422,15:04,3800.00,3800.00,3800.00,3800.00,75,87300
20200422,15:05,3800.00,3800.00,3800.00,3800.00,75,87300
20200422,15:07,3805.00,3805.00,3805.00,3805.00,75,87450
20200422,15:09,3805.00,3805.00,3805.00,3805.00,75,87450
20200423,09:25,3790.00,3790.00,3790.00,3790.00,76,87600
20200423,09:40,3785.70,3785.70,3785.70,3785.70,75,87600
20200423,09:50,3764.00,3764.00,3764.00,3764.00,75,87525
20200423,10:34,3735.00,3735.00,3735.00,3735.00,75,87375
20200423,10:47,3720.00,3720.00,3720.00,3720.00,1200,87300
20200423,10:48,3720.00,3720.00,3720.00,3720.00,900,87300
20200423,10:52,3720.00,3720.00,3720.00,3720.00,300,86325
20200423,10:56,3730.50,3730.50,3730.50,3730.50,300,86025
20200423,10:57,3728.95,3732.00,3728.95,3732.00,2025,86025
20200423,11:05,3740.00,3740.00,3740.00,3740.00,2325,84000
20200423,11:21,3739.00,3739.00,3739.00,3739.00,4575,81900
20200423,11:22,3734.30,3734.30,3734.30,3734.30,75,81900
20200423,11:40,3720.00,3720.00,3720.00,3720.00,600,79800
20200423,11:42,3711.10,3711.10,3711.10,3711.10,75,79725
20200423,11:49,3711.10,3715.00,3711.10,3715.00,1350,79725
20200423,11:50,3718.00,3718.90,3718.00,3718.30,3675,79725
20200423,12:28,3720.00,3720.00,3720.00,3720.00,75,79725
20200423,12:55,3719.75,3735.00,3719.75,3735.00,1950,79500
20200423,12:57,3730.00,3730.00,3730.00,3730.00,5025,79500
20200423,13:01,3720.60,3720.60,3720.60,3720.60,150,79500
20200423,13:03,3727.00,3729.15,3727.00,3729.15,300,79500
20200423,13:42,3760.50,3760.50,3760.50,3760.50,75,79500
20200423,13:43,3765.00,3765.00,3765.00,3765.00,75,79500
20200423,14:11,3725.75,3725.75,3725.75,3725.75,75,79425
20200423,14:16,3706.70,3706.70,3706.70,3706.70,75,79425
20200423,14:18,3706.70,3706.70,3706.70,3706.70,150,79425
20200423,15:08,3707.30,3707.30,3707.30,3707.30,1350,79425
20200423,15:09,3707.30,3712.00,3707.30,3712.00,3225,79425
20200424,09:25,3857.00,3857.00,3857.00,3857.00,76,70875
20200424,09:48,3821.50,3821.50,3821.50,3821.50,150,70875
20200424,09:49,3820.00,3820.00,3820.00,3820.00,225,70875
20200424,10:04,3818.50,3818.50,3816.40,3816.40,450,70875
20200424,10:54,3845.00,3845.00,3845.00,3845.00,75,70875
20200424,11:47,3834.00,3834.00,3834.00,3834.00,75,70875
20200424,11:50,3825.00,3825.00,3825.00,3825.00,75,70875
20200424,13:13,3763.90,3763.90,3763.90,3763.90,75,70875
20200424,13:15,3755.00,3755.00,3755.00,3755.00,6825,70875
20200424,13:17,3762.75,3762.75,3762.75,3762.75,150,70875
20200424,13:27,3755.70,3755.70,3755.70,3755.70,75,70875
20200424,13:41,3771.40,3773.85,3771.40,3773.85,150,70800
20200424,13:42,3774.65,3774.65,3774.65,3774.65,75,70800
20200424,13:44,3781.90,3781.90,3781.90,3781.90,75,70800
20200424,13:47,3793.85,3793.85,3793.85,3793.85,4725,70800
20200424,13:52,3801.90,3801.90,3801.90,3801.90,75,70800
20200424,13:54,3813.00,3813.00,3813.00,3813.00,75,70800
20200424,15:25,3855.05,3855.05,3855.05,3855.05,150,70800
20200427,09:18,3738.45,3738.45,3735.00,3735.00,151,64200
20200427,09:19,3730.00,3730.00,3720.00,3720.00,225,64200
20200427,09:32,3680.00,3680.00,3680.00,3680.00,75,64200
20200427,09:42,3675.10,3675.10,3675.10,3675.10,75,64200
20200427,09:56,3675.10,3698.00,3675.10,3698.00,3450,64200
20200427,10:15,3660.80,3663.00,3660.80,3663.00,3450,64200
20200427,10:20,3640.00,3640.00,3640.00,3640.00,75,64125
20200427,10:28,3640.00,3640.00,3640.00,3640.00,75,64125
20200427,10:29,3636.60,3636.60,3636.60,3636.60,75,64125
20200427,10:31,3625.00,3630.95,3625.00,3630.95,750,64125
20200427,10:32,3632.55,3637.60,3631.25,3634.50,975,64125
20200427,10:33,3634.20,3637.85,3631.95,3637.30,525,64125
20200427,10:34,3639.75,3641.20,3639.75,3640.55,300,64125
20200427,10:35,3641.35,3648.45,3641.35,3647.65,300,64125
20200427,10:36,3643.70,3645.45,3640.10,3640.10,300,64125
20200427,10:37,3633.30,3633.80,3633.30,3633.80,750,64125
20200427,10:43,3623.85,3623.85,3623.85,3623.85,75,64125
20200427,10:50,3623.85,3623.85,3623.85,3623.85,75,64125
20200427,10:53,3647.10,3647.10,3647.10,3647.10,75,64125
20200427,11:04,3650.00,3650.00,3650.00,3650.00,75,64125
20200427,11:23,3655.20,3655.20,3655.20,3655.20,75,64125
20200427,11:24,3660.00,3660.00,3660.00,3660.00,75,64125
20200427,11:29,3660.20,3660.20,3660.20,3660.20,75,64125
20200427,11:36,3650.00,3651.00,3650.00,3651.00,1875,64125
20200427,11:37,3650.00,3650.00,3650.00,3650.00,525,64125
20200427,11:38,3656.50,3656.50,3656.50,3656.50,75,64125
20200427,11:39,3658.10,3658.10,3657.85,3657.85,150,64125
20200427,11:40,3663.75,3663.75,3663.75,3663.75,75,64125
20200427,11:45,3653.95,3653.95,3653.95,3653.95,75,64125
20200427,11:58,3676.00,3676.00,3676.00,3676.00,75,64125
20200427,12:00,3685.00,3685.00,3685.00,3685.00,675,64125
20200427,12:07,3678.00,3678.00,3678.00,3678.00,3000,64125
20200427,12:10,3665.00,3665.00,3665.00,3665.00,2850,64125
20200427,12:11,3665.00,3665.00,3665.00,3665.00,600,64125
20200427,12:44,3650.00,3650.00,3650.00,3650.00,75,64125
20200427,13:58,3675.95,3675.95,3675.95,3675.95,75,57825
20200427,14:03,3680.00,3680.00,3680.00,3680.00,75,57825
20200427,14:23,3708.10,3708.10,3708.10,3708.10,75,57750
20200427,14:51,3692.45,3692.45,3692.45,3692.45,600,57750
20200427,14:52,3693.85,3700.75,3689.75,3700.75,900,57750
20200427,14:53,3704.90,3704.90,3691.60,3691.60,750,57750
20200427,14:54,3696.95,3698.40,3696.70,3698.40,675,57450
20200427,14:55,3698.20,3698.20,3687.05,3687.05,750,57450
20200427,14:56,3698.70,3701.35,3688.10,3701.35,750,57450
20200428,09:15,3640.00,3655.00,3617.35,3617.35,752,39450
20200428,09:16,3632.95,3632.95,3632.95,3632.95,675,39450
20200428,09:32,3656.75,3656.75,3656.75,3656.75,75,38325
20200428,09:34,3666.75,3666.75,3666.75,3666.75,75,38325
20200428,09:36,3668.80,3668.80,3668.80,3668.80,75,38325
20200428,09:37,3668.80,3668.80,3668.80,3668.80,75,38325
20200428,09:40,3700.80,3700.80,3700.80,3700.80,75,38325
20200428,11:26,3700.80,3700.80,3700.80,3700.80,75,38400
20200428,11:43,3690.70,3690.70,3690.70,3690.70,75,38325
20200428,11:45,3680.00,3680.00,3680.00,3680.00,75,38400
20200428,11:49,3680.00,3680.00,3680.00,3680.00,1425,38325
20200428,12:09,3689.75,3689.75,3689.75,3689.75,75,38325
20200428,12:55,3680.00,3680.00,3680.00,3680.00,1500,38325
20200428,13:17,3650.00,3651.80,3650.00,3651.80,150,38325
20200428,13:18,3645.40,3645.40,3645.40,3645.40,75,38250
20200428,13:20,3640.00,3640.00,3640.00,3640.00,150,38250
20200428,13:24,3635.00,3635.00,3635.00,3635.00,75,38100
20200428,13:42,3660.00,3660.00,3660.00,3660.00,3000,38100
20200428,14:12,3630.00,3630.00,3625.00,3625.00,1575,38100
20200428,14:13,3621.10,3621.10,3621.10,3621.10,75,38100
20200428,14:37,3641.55,3641.55,3641.55,3641.55,75,38100
20200428,15:13,3600.50,3600.50,3600.50,3600.50,75,38100
20200429,09:15,3600.00,3600.00,3580.00,3580.00,301,30525
20200429,09:16,3570.00,3570.00,3570.00,3570.00,150,30525
20200429,10:16,3550.00,3550.00,3550.00,3550.00,225,30525
20200429,10:28,3545.00,3545.00,3545.00,3545.00,150,30525
20200429,10:29,3545.00,3545.00,3545.00,3545.00,600,30525
20200429,10:30,3545.00,3545.00,3545.00,3545.00,225,30525
20200429,10:33,3545.00,3545.00,3545.00,3545.00,150,30525
20200429,10:34,3550.00,3550.00,3549.90,3549.90,300,30525
20200429,10:48,3545.05,3545.05,3545.05,3545.05,75,30525
20200429,10:52,3545.00,3545.00,3545.00,3545.00,525,30525
20200429,10:59,3544.75,3544.75,3544.75,3544.75,75,30525
20200429,11:15,3540.00,3540.00,3540.00,3540.00,3000,30525
20200429,11:32,3536.90,3536.90,3536.90,3536.90,75,30525
20200429,12:00,3536.90,3536.90,3536.90,3536.90,75,30525
20200429,12:40,3520.00,3520.00,3515.00,3515.00,150,30525
20200429,12:48,3505.00,3505.00,3505.00,3505.00,225,30525
20200429,12:49,3504.75,3504.75,3504.75,3504.75,75,30525
20200429,12:51,3504.75,3504.75,3504.75,3504.75,300,30525
20200429,13:18,3520.00,3520.00,3520.00,3520.00,150,30525
20200429,13:21,3515.00,3515.00,3515.00,3515.00,225,30525
20200429,13:26,3510.00,3510.00,3510.00,3510.00,975,30450
20200429,13:27,3510.00,3510.00,3510.00,3510.00,300,30450
20200429,13:46,3505.00,3505.00,3505.00,3505.00,150,30375
20200429,14:03,3505.00,3505.00,3505.00,3505.00,150,30375
20200429,14:19,3475.95,3475.95,3475.95,3475.95,75,30225
20200429,14:33,3455.00,3455.00,3455.00,3455.00,75,30225
20200429,14:34,3453.00,3453.00,3453.00,3453.00,75,30225
20200429,14:41,3435.00,3435.00,3435.00,3435.00,75,30225
20200429,14:45,3425.00,3425.00,3425.00,3425.00,75,30150
20200429,14:49,3410.00,3410.00,3410.00,3410.00,75,30150
20200429,14:52,3410.00,3410.00,3410.00,3410.00,75,30150
20200429,14:53,3410.00,3410.00,3410.00,3410.00,75,30150
20200429,14:57,3415.00,3415.00,3415.00,3415.00,75,30075
20200429,15:25,3479.95,3479.95,3479.95,3479.95,75,30000
20200429,15:26,3480.00,3480.00,3476.85,3476.85,3000,30000
20200430,09:15,3300.00,3300.00,3290.00,3290.00,302,19875
20200430,09:17,3290.00,3290.00,3212.30,3212.30,300,19875
20200430,09:18,3212.30,3285.00,3212.30,3285.00,150,19875
20200430,09:24,3270.00,3270.00,3270.00,3270.00,75,20100
20200430,09:25,3247.50,3247.50,3247.50,3247.50,75,20100
20200430,09:26,3260.00,3260.00,3244.65,3244.65,300,20175
20200430,09:33,3230.00,3230.00,3230.00,3230.00,75,20175
20200430,09:34,3215.25,3215.25,3215.25,3215.25,75,20175
20200430,09:35,3210.00,3210.00,3210.00,3210.00,75,20175
20200430,09:38,3210.00,3210.00,3210.00,3210.00,75,20175
20200430,09:45,3210.00,3210.00,3210.00,3210.00,75,20250
20200430,10:01,3200.00,3200.00,3200.00,3200.00,75,20325
20200430,10:03,3195.05,3195.05,3195.05,3195.05,75,20325
20200430,10:04,3176.00,3176.00,3176.00,3176.00,75,20325
20200430,10:05,3176.00,3176.00,3176.00,3176.00,75,20325
20200430,10:09,3195.00,3195.00,3185.00,3185.00,375,20325
20200430,10:23,3180.00,3180.00,3180.00,3180.00,75,20325
20200430,10:26,3180.00,3180.00,3180.00,3180.00,150,20325
20200430,10:30,3182.80,3182.80,3182.80,3182.80,150,20325
20200430,10:34,3185.00,3185.00,3185.00,3185.00,75,20325
20200430,10:35,3182.00,3182.00,3182.00,3182.00,450,20325
20200430,11:05,3185.00,3190.00,3185.00,3185.00,825,20400
20200430,11:22,3177.45,3177.45,3177.45,3177.45,150,20400
20200430,11:23,3171.55,3171.55,3171.55,3171.55,225,20400
20200430,11:24,3174.50,3174.50,3174.50,3174.50,75,20400
20200430,11:27,3180.00,3180.00,3180.00,3180.00,150,20400
20200430,11:28,3180.00,3180.00,3180.00,3180.00,75,20400
20200430,11:37,3182.00,3182.00,3182.00,3182.00,75,20400
20200430,11:55,3160.00,3160.00,3160.00,3160.00,75,20400
20200430,12:14,3150.00,3150.00,3150.00,3150.00,75,20400
20200430,12:19,3140.00,3140.00,3140.00,3140.00,75,20400
20200430,12:23,3120.10,3120.10,3120.10,3120.10,300,20400
20200430,12:29,3120.10,3120.10,3120.10,3120.10,150,20400
20200430,12:30,3130.00,3130.00,3130.00,3130.00,600,20250
20200430,12:31,3150.00,3150.00,3150.00,3150.00,750,20250
20200430,12:32,3152.00,3152.00,3152.00,3152.00,450,20250
20200430,12:33,3156.00,3156.00,3156.00,3156.00,1500,19200
20200430,12:37,3155.00,3155.00,3155.00,3155.00,675,17700
20200430,12:41,3172.20,3172.20,3172.20,3172.20,150,17025
20200430,13:00,3198.60,3198.60,3198.60,3198.60,75,17025
20200430,14:16,3198.00,3198.00,3198.00,3198.00,75,12600
20200430,14:38,3188.45,3188.45,3188.45,3188.45,150,12675
20200430,14:49,3200.00,3200.00,3200.00,3200.00,150,12675
20200430,15:02,3190.00,3190.00,3190.00,3190.00,75,12525
20200430,15:04,3175.00,3175.00,3175.00,3175.00,75,12525
