20221010,13:57,413.10,413.10,413.10,413.10,51,50
20221025,14:07,160.00,160.00,160.00,160.00,51,50
20221025,14:23,162.00,162.00,162.00,162.00,100,100
20221025,14:24,162.25,162.25,162.25,162.25,50,200
20221025,15:06,168.95,169.00,168.95,169.00,100,250
20221025,15:07,169.70,169.70,169.65,169.65,200,300
20221027,09:55,156.50,156.50,156.50,156.50,51,550
20221027,10:53,155.30,155.30,155.30,155.30,50,550
20221027,13:42,155.30,155.30,155.30,155.30,50,600
20221027,13:53,152.45,152.60,152.00,152.60,350,600
20221027,13:54,152.15,152.15,152.05,152.05,400,1150
20221027,13:55,151.85,151.85,151.55,151.55,400,1150
20221027,13:56,150.20,150.20,150.20,150.20,100,1150
20221027,14:15,148.00,148.00,148.00,148.00,50,1850
20221027,15:00,148.00,148.00,148.00,148.00,50,1850
20221028,09:42,125.40,125.40,125.40,125.40,51,1850
20221031,09:47,95.00,95.00,95.00,95.00,401,1850
20221031,09:48,95.55,95.55,95.55,95.55,650,1850
20221031,09:49,95.65,95.65,95.65,95.65,250,1850
20221031,09:50,95.65,95.65,95.15,95.30,450,1850
20221031,09:51,95.00,95.00,95.00,95.00,50,3150
20221031,09:53,94.75,94.75,94.75,94.75,250,3150
20221103,10:19,99.50,115.65,99.50,115.65,402,3400
20221103,12:41,86.70,86.70,86.70,86.70,100,3150
20221103,12:42,81.80,81.80,81.80,81.80,50,3150
20221103,15:05,75.90,75.90,75.90,75.90,50,3250
20221103,15:19,75.90,75.90,75.90,75.90,50,3250
20221107,10:23,61.25,64.00,53.35,53.35,152,3400
20221107,13:29,53.35,53.35,53.35,53.35,100,3400
20221107,14:23,53.45,53.50,53.45,53.50,100,3400
20221107,14:24,53.25,53.50,53.25,53.30,1100,3450
20221107,14:25,53.15,53.15,52.95,53.00,1350,3450
20221107,14:26,53.10,53.30,53.10,53.10,950,3450
20221107,14:27,53.10,53.10,52.55,52.55,250,7000
20221107,14:28,52.45,52.45,52.45,52.45,50,7000
20221107,14:41,52.45,52.45,52.45,52.45,200,7100
20221107,15:02,50.75,50.75,50.75,50.75,1050,7300
20221107,15:04,50.75,51.00,50.75,51.00,1300,8100
20221107,15:12,50.55,50.55,49.85,49.85,1450,8650
20221107,15:13,49.70,49.70,48.95,48.95,3650,8650
20221107,15:14,48.95,49.10,48.90,48.90,750,8650
20221107,15:17,49.45,49.45,49.45,49.45,50,13300
20221107,15:23,47.85,47.85,47.85,47.85,50,13300
20221107,15:25,47.85,47.85,47.85,47.85,100,13300
20221109,13:15,46.90,46.90,46.90,46.90,51,13200
20221109,13:18,46.80,46.80,46.80,46.80,50,13200
20221109,13:21,46.80,46.80,46.80,46.80,50,13100
20221109,15:02,48.65,48.65,48.65,48.65,50,13050
20221110,10:09,50.00,50.00,50.00,50.00,101,13100
20221110,12:57,56.50,56.50,56.50,56.50,50,13200
20221110,13:24,56.50,56.50,56.50,56.50,100,13150
20221110,14:40,53.00,53.00,53.00,53.00,50,13250
20221111,09:52,52.70,52.70,52.70,52.70,151,13250
20221111,09:56,32.55,32.55,32.55,32.55,50,13100
20221111,09:58,32.30,32.30,32.30,32.30,100,13100
20221111,10:00,32.35,32.35,32.35,32.35,100,12950
20221111,10:01,31.70,32.50,31.70,32.30,2950,12950
20221111,10:02,32.45,32.45,32.15,32.15,100,11350
20221111,10:03,32.00,32.40,32.00,32.15,250,11350
20221111,10:05,31.95,31.95,31.95,31.95,150,11100
20221111,10:09,31.65,31.65,31.65,31.65,250,11000
20221111,10:10,31.90,31.90,31.90,31.90,200,11000
20221111,10:12,31.75,31.75,31.75,31.75,50,11300
20221111,10:20,31.20,31.20,31.15,31.15,100,11350
20221111,10:22,31.15,31.15,31.15,31.15,100,11350
20221111,10:24,31.20,31.20,31.20,31.20,50,11450
20221111,10:28,31.10,31.10,31.10,31.10,500,11500
20221111,10:29,31.10,31.10,31.10,31.10,100,11500
20221111,10:30,31.10,31.10,31.10,31.10,50,12000
20221111,10:31,31.15,31.15,31.05,31.05,400,12000
20221111,10:32,31.05,31.05,31.05,31.05,50,12000
20221111,10:33,31.15,31.20,31.15,31.20,150,12150
20221111,10:35,31.20,31.20,31.20,31.20,100,12200
20221111,10:36,31.10,31.10,31.00,31.00,150,12200
20221111,10:38,31.00,31.00,31.00,31.00,50,12200
20221111,10:40,31.25,31.25,31.15,31.15,750,12250
20221111,10:44,31.00,31.00,31.00,31.00,50,12900
20221111,10:45,31.40,31.40,31.40,31.40,50,12900
20221111,10:50,30.95,30.95,30.95,30.95,50,12850
20221111,10:55,30.95,30.95,30.95,30.95,250,12850
20221111,11:01,30.60,30.60,30.60,30.60,50,12800
20221111,11:07,30.15,30.15,30.15,30.15,50,12750
20221111,11:09,30.15,30.15,30.15,30.15,50,12700
20221111,11:20,30.05,30.05,30.00,30.00,1150,13400
20221111,11:21,30.00,30.00,29.80,29.85,1500,13400
20221111,11:22,29.85,29.85,29.85,29.85,300,13400
20221111,12:00,29.00,29.00,29.00,29.00,200,15150
20221111,12:01,28.95,28.95,28.85,28.85,800,15150
20221111,12:02,28.80,28.80,28.80,28.80,50,15150
20221111,12:03,28.80,29.00,28.80,29.00,450,15900
20221111,12:04,29.00,29.00,29.00,29.00,350,15900
20221111,12:11,29.00,29.00,29.00,29.00,200,16700
20221111,12:15,29.00,29.00,29.00,29.00,500,16900
20221111,12:16,28.80,28.80,28.65,28.65,1750,16900
20221111,12:17,28.50,28.50,28.50,28.50,2200,16900
20221111,12:18,28.35,28.35,28.35,28.35,250,18700
20221111,12:20,28.30,28.30,28.20,28.20,300,18700
20221111,12:25,27.40,27.40,27.40,27.40,150,18950
20221111,12:37,27.25,27.25,27.25,27.25,50,19000
20221111,12:42,27.25,27.25,27.25,27.25,50,18950
20221111,12:44,27.70,27.70,27.70,27.70,550,18950
20221111,13:02,28.20,28.20,28.20,28.20,300,18450
20221111,13:05,28.25,28.35,28.25,28.35,400,18150
20221111,13:44,27.55,27.55,27.55,27.55,200,17800
20221111,13:51,27.45,27.45,27.35,27.35,200,18000
20221111,14:08,27.05,27.05,27.05,27.05,50,18200
20221111,14:10,26.95,26.95,26.95,26.95,50,18250
20221111,14:52,26.40,26.40,26.40,26.40,200,18250
20221111,15:12,26.35,26.35,26.35,26.35,150,18100
20221111,15:16,26.10,26.10,26.10,26.10,50,18200
20221111,15:20,25.05,25.05,25.05,25.05,50,18250
20221111,15:27,24.30,24.30,24.30,24.30,50,18250
20221111,15:28,24.20,24.20,24.20,24.20,50,18250
20221111,15:29,24.20,24.20,24.20,24.20,100,18250
20221114,09:25,25.70,25.70,25.70,25.70,51,18050
20221114,11:36,25.70,25.70,25.70,25.70,50,18000
20221114,12:55,24.50,24.50,24.50,24.50,150,17950
20221114,13:23,24.15,24.15,24.15,24.15,50,18100
20221114,15:16,23.20,23.20,23.20,23.20,100,18100
20221115,09:19,23.40,23.45,23.40,23.45,152,18200
20221115,12:25,23.75,23.75,23.75,23.75,150,18150
20221115,12:26,23.75,23.75,23.45,23.55,1000,18150
20221115,12:29,23.40,23.40,23.35,23.35,750,17200
20221115,12:33,23.30,23.30,23.30,23.30,450,16050
20221115,12:38,23.25,23.25,23.25,23.25,100,16000
20221115,12:50,23.15,23.15,23.15,23.15,500,15900
20221115,12:52,23.15,23.15,23.15,23.15,150,15400
20221115,12:53,23.15,23.15,23.00,23.00,2400,15400
20221115,12:57,23.15,23.15,23.10,23.10,200,12950
20221115,13:00,23.25,23.40,23.25,23.40,200,12850
20221115,13:01,23.30,23.30,23.30,23.30,100,12850
20221115,13:02,23.35,23.35,23.35,23.35,150,12850
20221115,13:03,23.35,23.40,23.35,23.40,1200,12850
20221115,13:07,23.15,23.15,23.15,23.15,450,11450
20221115,13:08,23.30,23.30,23.30,23.30,100,11450
20221115,14:16,22.90,22.90,22.90,22.90,150,11000
20221115,14:22,22.75,22.75,22.75,22.75,100,10850
20221115,14:24,22.20,22.20,22.20,22.20,50,10850
20221115,14:37,22.20,22.20,22.20,22.20,50,10850
20221115,15:01,21.35,21.35,21.35,21.35,50,10900
20221115,15:03,21.25,21.25,21.25,21.25,50,10900
20221115,15:05,21.15,21.15,21.15,21.15,50,10950
20221115,15:15,20.55,20.55,20.55,20.55,50,11000
20221115,15:21,20.10,20.10,20.10,20.10,50,11050
20221115,15:23,20.00,20.00,20.00,20.00,150,11100
20221115,15:25,19.40,19.40,19.40,19.40,100,11200
20221116,09:17,21.30,21.30,21.30,21.30,101,11200
20221116,09:30,22.00,22.00,22.00,22.00,100,11300
20221116,09:33,22.15,22.20,22.15,22.20,300,11200
20221116,09:37,22.55,22.55,22.55,22.55,2900,10900
20221116,09:38,22.35,22.40,22.30,22.30,1050,7350
20221116,09:46,22.45,22.45,22.45,22.45,50,7350
20221116,10:22,21.60,21.60,21.60,21.60,50,7350
20221116,10:23,21.55,21.55,21.55,21.55,250,7350
20221116,10:26,21.90,22.65,21.90,22.65,300,7350
20221116,10:27,21.90,21.90,21.90,21.90,250,7350
20221116,10:30,22.00,22.00,22.00,22.00,50,7250
20221116,10:31,21.85,21.95,21.85,21.90,300,7250
20221116,10:32,22.05,22.05,22.00,22.00,250,7250
20221116,10:33,22.15,22.15,22.15,22.15,200,7250
20221116,10:34,22.10,22.10,22.10,22.10,150,7250
20221116,10:49,21.75,21.75,21.75,21.75,50,7050
20221116,10:50,21.75,21.75,21.50,21.50,100,7050
20221116,10:51,21.60,21.60,21.60,21.60,250,7050
20221116,10:52,21.25,21.25,21.25,21.25,50,7050
20221116,10:54,21.25,21.30,21.25,21.30,350,6900
20221116,10:55,21.50,21.50,21.50,21.50,300,6900
20221116,11:00,21.55,21.55,21.30,21.30,250,6350
20221116,11:02,21.65,21.65,21.65,21.65,450,6350
20221116,11:03,21.75,21.75,21.75,21.75,50,6350
20221116,11:09,21.95,21.95,21.95,21.95,200,6350
20221116,11:12,22.05,22.05,22.05,22.05,50,6350
20221116,11:13,22.05,22.05,22.05,22.05,50,6350
20221116,11:14,22.15,22.15,22.15,22.15,50,6350
20221116,11:21,22.15,22.15,22.15,22.15,400,6350
20221116,11:37,22.65,22.65,22.65,22.65,50,6350
20221116,12:01,22.40,22.40,22.40,22.40,50,6300
20221116,12:10,22.60,22.60,22.60,22.60,100,6300
20221116,12:28,21.85,21.85,21.85,21.85,50,6350
20221116,14:00,22.85,22.85,22.85,22.85,50,6400
20221116,15:25,23.25,23.25,23.25,23.25,100,6400
20221117,09:16,22.95,23.45,22.55,22.55,1452,6300
20221117,09:17,22.40,22.40,21.80,21.80,250,6300
20221117,09:18,21.70,21.75,21.30,21.50,1000,7500
20221117,09:19,21.40,21.55,21.40,21.55,250,7500
20221117,09:20,21.50,21.90,21.45,21.90,250,7500
20221117,09:22,21.70,21.70,21.70,21.70,100,7900
20221117,09:23,21.60,21.60,21.60,21.60,200,7900
20221117,09:24,21.70,21.70,21.70,21.70,300,7900
20221117,09:43,21.55,21.55,21.55,21.55,50,8100
20221117,10:05,21.60,21.60,21.60,21.60,50,8100
20221117,10:06,21.45,21.45,21.45,21.45,50,8100
20221117,10:24,21.30,21.30,21.30,21.30,50,8100
20221117,10:39,21.50,21.50,21.50,21.50,50,8100
20221117,10:53,21.35,21.35,21.35,21.35,50,8050
20221117,10:54,21.40,21.40,21.40,21.40,50,8050
20221117,14:07,20.75,20.75,20.75,20.75,100,8100
20221117,14:35,20.75,20.75,20.75,20.75,100,8000
20221117,14:55,20.75,20.75,20.75,20.75,50,8000
20221117,15:01,20.90,20.90,20.90,20.90,100,8000
20221117,15:14,22.05,22.05,22.05,22.05,150,8000
20221117,15:15,22.00,22.00,22.00,22.00,150,8000
20221117,15:25,22.80,22.80,22.80,22.80,100,8000
20221118,09:16,21.25,21.25,21.25,21.25,101,7900
20221118,09:26,20.55,20.55,20.55,20.55,50,7900
20221118,09:35,20.50,20.50,20.50,20.50,50,7900
20221118,10:13,20.50,20.50,20.50,20.50,50,7900
20221118,10:33,21.55,21.55,21.55,21.55,50,7900
20221118,10:40,21.95,21.95,21.95,21.95,50,7900
20221118,10:41,21.95,21.95,21.95,21.95,50,7900
20221118,10:45,22.10,22.10,22.10,22.10,50,7900
20221118,10:57,22.10,22.10,22.10,22.10,50,7900
20221118,11:18,23.45,23.45,23.45,23.45,50,7900
20221118,11:19,23.60,23.60,23.60,23.60,50,7900
20221118,11:47,23.60,23.60,23.60,23.60,50,7950
20221118,11:50,22.50,22.50,22.50,22.50,50,7950
20221118,11:51,22.60,22.60,22.60,22.60,50,7950
20221118,11:55,22.30,22.30,22.30,22.30,50,7950
20221118,11:58,22.60,22.60,22.60,22.60,200,7950
20221118,12:46,22.50,22.50,22.50,22.50,50,8150
20221118,12:56,22.55,22.55,22.55,22.55,350,8150
20221118,12:57,22.70,22.70,22.70,22.70,150,7800
20221118,12:59,22.65,22.85,22.65,22.85,1100,7800
20221122,13:20,22.85,22.85,22.85,22.85,151,6700
20221122,15:05,14.30,14.30,14.30,14.30,50,6700
20221122,15:17,14.00,14.00,14.00,14.00,100,6750
20221122,15:24,13.05,13.05,13.05,13.05,50,6750
20221123,12:08,13.00,13.00,12.25,12.25,702,6800
20221123,12:09,12.20,12.20,12.15,12.15,200,7550
20221123,12:10,12.15,12.15,12.15,12.15,50,7550
20221123,12:11,12.15,12.15,11.75,11.75,150,7550
20221123,12:14,11.75,11.75,11.75,11.75,250,7700
20221123,13:12,11.75,11.75,11.75,11.75,50,7650
20221123,13:19,12.05,12.05,12.05,12.05,150,7700
20221123,13:20,11.90,11.90,11.90,11.90,50,7700
20221123,13:21,12.00,12.00,12.00,12.00,50,7700
20221123,13:47,12.05,12.05,12.05,12.05,50,7750
20221123,13:59,11.85,11.85,11.85,11.85,50,7750
20221125,09:18,8.75,8.80,8.75,8.80,152,7750
20221125,09:22,11.00,11.00,11.00,11.00,100,7850
20221125,09:23,11.00,11.00,11.00,11.00,50,7900
20221125,09:27,8.75,8.75,8.75,8.75,100,7850
20221125,09:30,7.95,7.95,7.95,7.95,50,7750
20221125,09:31,7.95,7.95,7.95,7.95,50,7750
20221125,09:40,8.70,8.70,8.70,8.70,50,7800
20221125,09:41,8.60,8.65,8.60,8.65,1500,7800
20221125,09:42,8.90,8.90,8.65,8.65,500,7800
20221125,09:43,8.60,8.60,8.60,8.60,50,7800
20221125,09:45,8.65,8.65,8.65,8.65,50,6300
20221125,09:46,8.55,8.55,8.55,8.55,200,6300
20221125,09:49,8.25,8.25,8.25,8.25,200,6300
20221125,09:53,8.10,8.10,8.10,8.10,200,6300
20221125,10:24,8.70,8.70,8.70,8.70,50,6300
20221125,10:37,8.60,8.60,8.60,8.60,50,6300
20221125,10:50,8.50,8.50,8.50,8.50,50,6300
20221125,15:09,8.30,8.30,8.30,8.30,50,6300
20221125,15:16,6.75,6.75,6.75,6.75,50,6300
20221128,10:11,8.55,8.55,8.55,8.55,51,6300
20221128,12:30,8.55,8.55,8.55,8.55,50,6300
20221128,12:41,9.20,9.20,9.20,9.20,50,6300
20221128,12:44,9.45,9.45,9.45,9.45,50,6300
20221128,13:09,9.45,9.45,9.45,9.45,50,6300
20221128,13:17,9.45,9.45,9.45,9.45,50,6300
20221128,13:22,9.60,9.60,9.60,9.60,50,6300
20221128,13:44,9.60,9.60,9.60,9.60,50,6300
20221128,14:02,9.35,9.35,9.35,9.35,50,6300
20221128,14:19,9.05,9.10,9.05,9.10,100,6300
20221128,14:34,9.60,9.60,9.60,9.60,50,6350
20221128,14:59,9.60,9.60,9.60,9.60,50,6350
20221128,15:02,9.15,9.15,8.80,8.90,5950,6350
20221128,15:03,9.00,9.10,9.00,9.10,300,12350
20221128,15:05,9.20,9.20,9.20,9.20,100,12350
20221128,15:06,9.00,9.00,9.00,9.00,300,12350
20221128,15:07,9.00,9.00,9.00,9.00,100,12500
20221128,15:11,9.05,9.05,9.05,9.05,200,12500
20221128,15:12,9.00,9.00,8.75,8.75,700,12900
20221128,15:13,8.80,8.80,8.80,8.80,50,12900
20221128,15:19,8.80,8.80,8.80,8.80,450,13050
20221128,15:20,8.85,8.85,8.85,8.85,50,13050
20221128,15:21,8.80,8.85,8.75,8.75,250,13650
20221128,15:25,8.55,8.55,8.55,8.55,50,13700
20221129,09:17,8.40,8.45,8.40,8.45,101,13700
20221129,09:24,8.70,8.70,8.70,8.70,50,13800
20221129,09:48,8.70,8.70,8.70,8.70,100,13750
20221129,09:50,8.70,8.70,8.70,8.70,50,13750
20221129,10:30,7.00,7.00,7.00,7.00,50,13900
20221129,11:09,7.00,7.00,7.00,7.00,50,13850
20221130,09:18,7.60,8.20,7.60,7.70,1851,13800
20221130,09:19,7.65,7.65,7.65,7.65,2000,13800
20221130,09:20,7.75,7.75,7.75,7.75,750,13800
20221130,09:22,7.85,7.85,7.85,7.85,100,10250
20221130,09:23,7.70,7.70,7.70,7.70,50,10250
20221130,09:26,7.70,7.70,7.70,7.70,200,10200
20221130,09:28,7.75,7.75,7.75,7.75,50,10150
20221130,09:31,7.80,7.80,7.80,7.80,150,10150
20221130,09:38,7.85,7.90,7.70,7.90,700,10550
20221130,09:43,7.90,7.90,7.90,7.90,50,10750
20221130,09:44,7.85,7.85,7.85,7.85,100,10700
20221130,09:45,7.90,7.90,7.90,7.90,100,10700
20221130,09:48,7.95,7.95,7.95,7.95,50,10650
20221130,09:49,8.00,8.00,8.00,8.00,50,10650
20221130,09:50,7.90,7.90,7.90,7.90,50,10650
20221130,09:51,8.20,8.20,8.20,8.20,100,10650
20221130,09:55,8.05,8.05,8.00,8.00,200,10650
20221130,10:02,7.70,7.70,7.70,7.70,100,10750
20221130,10:06,7.80,7.80,7.80,7.80,2000,10850
20221130,10:10,8.05,8.05,8.05,8.05,450,10850
20221130,10:20,8.10,8.10,8.10,8.10,3600,11300
20221130,10:23,8.00,8.00,7.95,7.95,150,11300
20221130,10:35,8.05,8.05,8.05,8.05,50,10950
20221130,10:36,8.10,8.10,8.10,8.10,100,10900
20221130,10:59,7.85,7.95,7.85,7.95,750,11000
20221130,11:28,8.00,8.00,8.00,8.00,50,11550
20221130,11:41,7.65,7.65,7.65,7.65,50,11550
20221130,11:47,7.95,7.95,7.95,7.95,50,11500
20221130,12:08,6.30,6.30,6.30,6.30,100,11500
20221130,12:13,6.30,6.30,6.30,6.30,50,11500
20221130,14:41,7.95,7.95,7.95,7.95,50,11500
20221130,15:00,7.25,7.25,7.25,7.25,50,11450
20221130,15:10,7.55,7.55,7.55,7.55,50,11450
20221130,15:27,5.45,5.45,5.45,5.45,50,11400
20221130,15:28,5.45,5.45,5.45,5.45,100,11450
20221201,09:19,6.15,6.15,6.15,6.15,151,11450
20221201,09:20,6.35,6.35,6.15,6.15,900,11450
20221201,09:21,6.20,6.20,6.20,6.20,50,10600
20221201,09:25,6.85,6.85,6.85,6.85,850,10550
20221201,09:31,7.40,7.40,7.40,7.40,50,9700
20221201,09:33,7.55,7.55,7.55,7.55,100,9700
20221201,09:34,7.25,7.25,7.20,7.20,750,9700
20221201,09:35,7.25,7.25,7.05,7.05,500,9100
20221201,14:31,5.90,5.90,5.90,5.90,50,9050
20221202,09:29,7.60,7.60,7.60,7.60,101,9100
20221202,09:48,6.85,6.85,6.85,6.85,50,9100
20221202,10:51,6.85,6.85,6.85,6.85,250,9100
20221202,10:52,7.65,7.65,6.60,6.60,300,9100
20221202,11:07,6.50,6.50,6.50,6.50,100,9100
20221202,11:27,6.50,6.55,6.50,6.55,200,9100
20221202,11:29,6.55,6.55,6.55,6.55,50,9100
20221202,11:35,6.55,6.55,6.55,6.55,100,9300
20221202,11:36,6.35,6.35,6.25,6.25,150,9300
20221202,15:23,4.90,4.90,4.90,4.90,50,9300
20221202,15:28,4.90,4.90,4.90,4.90,100,9300
20221205,09:17,5.10,5.10,5.10,5.10,101,9350
20221205,09:32,5.60,5.60,5.60,5.60,50,9350
20221205,09:48,5.85,5.85,5.85,5.85,150,9300
20221205,11:28,5.85,5.85,5.00,5.00,6600,9150
20221205,11:30,6.00,6.00,6.00,6.00,200,9150
20221205,11:32,6.00,6.00,6.00,6.00,200,9450
20221205,11:34,6.00,6.00,6.00,6.00,100,9550
20221205,11:38,5.95,5.95,5.95,5.95,200,9550
20221205,11:42,5.95,5.95,5.95,5.95,200,9550
20221205,12:00,5.85,5.85,5.85,5.85,200,9550
20221205,12:09,5.85,5.85,5.85,5.85,50,9550
20221205,12:10,5.85,5.85,5.85,5.85,450,9550
20221205,12:15,5.55,5.65,5.25,5.65,250,9850
20221205,12:16,5.60,5.60,5.60,5.60,50,9850
20221205,12:17,5.65,5.65,5.65,5.65,150,9850
20221205,12:19,5.65,5.65,5.65,5.65,200,10050
20221205,12:20,5.65,5.65,5.65,5.65,100,10050
20221205,12:23,5.55,5.55,5.55,5.55,100,10050
20221205,12:45,5.80,5.80,5.80,5.80,50,10050
20221205,12:48,5.75,5.75,5.75,5.75,50,10050
20221205,13:19,5.95,5.95,5.95,5.95,200,9950
20221205,13:27,5.80,5.80,5.80,5.80,50,9850
20221205,13:32,5.65,5.65,5.65,5.65,400,9850
20221205,13:37,5.80,5.80,5.75,5.75,150,9850
20221205,13:41,5.85,5.85,5.85,5.85,250,9950
20221205,13:42,5.85,5.85,5.85,5.85,100,9850
20221205,13:44,5.95,5.95,5.95,5.95,100,9850
20221205,13:57,5.85,5.85,5.85,5.85,50,9950
20221205,13:59,5.85,5.90,5.85,5.90,250,9950
20221205,14:01,5.85,5.85,5.85,5.85,50,9950
20221205,15:00,5.55,5.55,5.55,5.55,100,9850
20221205,15:01,5.55,5.55,5.40,5.40,250,9850
20221205,15:02,5.75,5.75,5.75,5.75,50,9850
20221205,15:05,5.70,5.70,5.70,5.70,100,9700
20221205,15:08,5.70,5.70,5.70,5.70,100,9600
20221205,15:13,5.75,5.75,5.75,5.75,100,9600
20221205,15:14,5.80,5.80,5.80,5.80,50,9600
20221205,15:15,5.85,5.85,5.85,5.85,300,9600
20221205,15:18,5.80,5.80,5.80,5.80,50,9450
20221205,15:19,5.85,5.85,5.85,5.85,250,9450
20221205,15:20,5.90,5.90,5.80,5.80,850,9450
20221205,15:21,5.80,5.80,5.80,5.80,200,9450
20221205,15:23,5.95,5.95,5.95,5.95,150,8900
20221205,15:28,5.90,5.90,5.90,5.90,50,8800
20221207,10:18,6.30,6.30,6.30,6.30,51,8800
20221207,10:26,5.45,5.45,5.45,5.45,50,8750
20221207,10:41,5.45,5.45,5.45,5.45,50,8750
20221207,10:53,6.60,6.60,6.60,6.60,50,8800
20221207,12:35,6.60,6.60,6.60,6.60,50,8800
20221207,14:14,4.25,5.25,4.25,5.25,100,8800
20221207,14:16,5.20,5.20,5.20,5.20,250,8800
20221207,14:17,5.20,5.20,5.20,5.20,300,8800
20221207,14:21,5.20,5.20,5.20,5.20,50,8250
20221207,14:23,5.30,5.30,5.30,5.30,350,8250
20221207,14:34,5.15,5.15,5.15,5.15,50,8000
20221207,14:35,5.15,5.15,5.15,5.15,50,8000
20221207,14:51,5.10,5.10,5.10,5.10,50,8000
20221207,14:53,5.10,5.10,5.10,5.10,50,8000
20221207,14:54,5.15,5.15,5.15,5.15,250,8000
20221207,15:03,5.20,5.20,5.20,5.20,50,8200
20221207,15:04,5.20,5.30,5.20,5.30,750,8200
20221207,15:13,5.45,5.45,5.45,5.45,50,7850
20221208,12:14,4.30,4.35,4.30,4.35,152,7850
20221208,12:15,4.35,4.35,4.35,4.35,50,7850
20221208,12:16,4.35,4.35,4.35,4.35,250,7850
20221208,12:17,4.35,4.35,4.35,4.35,250,7850
20221208,12:19,4.30,4.30,4.30,4.30,50,7850
20221208,12:21,4.35,4.35,4.35,4.35,50,7850
20221208,12:49,4.35,4.35,4.35,4.35,50,7850
20221208,14:21,3.80,3.80,3.80,3.80,50,7850
20221208,14:22,3.80,3.80,3.80,3.80,50,7800
20221208,14:23,3.85,3.85,3.85,3.85,100,7800
20221208,15:08,3.90,3.90,3.90,3.90,300,7800
20221208,15:09,3.95,3.95,3.95,3.95,250,7300
20221208,15:10,4.00,4.20,4.00,4.20,1050,7300
20221208,15:11,4.20,4.30,4.20,4.30,1150,7300
20221208,15:12,4.30,4.45,4.30,4.45,800,7300
20221208,15:13,4.50,4.60,4.50,4.60,850,4900
20221208,15:14,4.60,4.60,4.60,4.60,100,4900
20221208,15:17,4.60,4.60,4.50,4.55,550,4300
20221208,15:18,4.55,4.60,4.55,4.60,1000,4300
20221208,15:19,4.60,4.70,4.60,4.70,650,3850
20221208,15:20,4.70,4.75,4.65,4.75,450,3850
20221208,15:21,4.75,4.75,4.75,4.75,150,3850
20221208,15:29,4.75,4.75,4.50,4.50,150,3200
20221209,09:26,2.60,2.60,2.60,2.60,101,3300
20221209,09:31,3.65,3.65,3.65,3.65,50,3350
20221209,09:33,3.65,3.65,3.65,3.65,250,3400
20221209,09:35,3.60,3.60,3.60,3.60,550,4150
20221209,09:40,3.55,3.55,3.55,3.55,200,4200
20221209,10:00,2.70,2.70,2.70,2.70,50,4400
20221209,10:05,4.35,4.35,4.35,4.35,50,4350
20221209,11:25,4.35,4.35,4.35,4.35,100,4400
20221209,11:31,4.35,4.35,4.35,4.35,100,4300
20221209,12:53,5.90,5.90,5.00,5.00,2750,4200
20221209,12:54,5.00,5.25,5.00,5.25,1550,3850
20221209,12:55,5.10,5.10,4.90,4.90,300,3850
20221209,12:57,4.95,4.95,4.95,4.95,100,3850
20221209,13:04,4.75,4.75,4.75,4.75,100,4800
20221209,13:43,4.80,4.95,4.80,4.95,550,4700
20221209,13:44,4.95,4.95,4.95,4.95,150,4700
20221209,14:00,4.95,4.95,4.90,4.90,250,4600
20221209,14:15,5.35,5.35,5.30,5.30,400,4800
20221209,14:19,5.35,5.35,5.35,5.35,150,5100
20221209,14:20,5.40,5.40,5.40,5.40,50,5100
20221209,14:25,5.45,5.45,5.45,5.45,100,5300
20221209,14:29,5.05,5.05,5.05,5.05,50,5250
20221209,14:34,5.00,5.00,4.95,4.95,200,5300
20221209,14:35,4.95,4.95,4.95,4.95,150,5300
20221209,14:45,4.85,4.85,4.85,4.85,50,5200
20221209,14:56,4.55,4.55,4.55,4.55,150,5200
20221209,15:00,4.25,4.25,4.25,4.25,50,5150
20221209,15:16,3.80,3.80,3.80,3.80,50,5100
20221209,15:17,3.75,3.75,3.75,3.75,50,5100
20221209,15:21,3.85,3.85,3.85,3.85,100,5050
20221209,15:22,3.85,3.85,3.85,3.85,100,5050
20221209,15:25,3.90,3.90,3.90,3.90,50,5050
20221212,10:06,3.20,3.80,3.20,3.80,101,5050
20221212,10:07,3.80,3.80,3.80,3.80,50,5050
20221212,10:16,3.45,3.45,3.45,3.45,400,5100
20221212,10:52,5.30,5.30,5.30,5.30,200,4750
20221212,10:53,5.30,5.30,3.80,3.80,750,4750
20221212,14:18,3.95,3.95,3.95,3.95,250,4150
20221212,14:19,3.95,3.95,3.95,3.95,250,4150
20221212,14:22,4.00,4.00,4.00,4.00,50,4200
20221212,14:23,4.00,4.00,4.00,4.00,50,4200
20221212,14:25,4.05,4.05,4.05,4.05,50,4200
20221213,09:55,2.75,2.75,2.75,2.75,51,4250
20221213,09:59,4.15,4.15,3.65,3.65,500,4250
20221213,10:00,3.70,3.70,3.70,3.70,650,4250
20221213,10:26,3.80,3.80,3.80,3.80,50,3200
20221213,12:41,3.00,3.10,3.00,3.10,600,3150
20221213,12:42,3.15,3.15,3.15,3.15,550,3250
20221213,12:43,3.15,3.15,3.15,3.15,200,3250
20221213,15:23,3.10,3.10,3.10,3.10,350,3600
20221213,15:25,3.05,3.05,3.05,3.05,100,3550
20221213,15:27,3.65,3.65,3.65,3.65,1500,3550
20221214,09:29,2.15,2.15,2.15,2.15,401,2500
20221214,09:30,2.50,3.00,2.50,3.00,2400,2500
20221214,09:49,2.70,2.70,2.70,2.70,50,4350
20221214,10:40,2.90,2.90,2.90,2.90,50,4400
20221214,11:01,3.15,3.15,3.10,3.10,300,4350
20221214,11:02,3.10,3.10,3.05,3.05,250,3950
20221214,11:03,3.05,3.05,3.05,3.05,50,3950
20221214,11:04,3.05,3.05,3.05,3.05,100,3950
20221214,11:05,3.05,3.05,3.05,3.05,300,3650
20221214,11:07,3.15,3.15,3.15,3.15,700,3650
20221214,11:25,3.00,3.00,3.00,3.00,150,3800
20221214,12:32,3.35,3.35,3.35,3.35,50,3950
20221214,12:46,3.35,3.35,3.35,3.35,50,3900
20221214,12:47,3.05,3.05,3.05,3.05,50,3900
20221214,15:19,4.25,4.25,4.25,4.25,50,3800
20221214,15:24,4.95,4.95,4.95,4.95,150,3900
20221214,15:25,4.95,5.00,4.95,5.00,100,3900
20221214,15:26,5.00,5.00,5.00,5.00,50,3900
20221215,09:20,5.25,5.25,5.25,5.25,2001,3700
20221215,09:41,4.75,4.75,4.75,4.75,1500,5300
20221215,10:14,4.95,4.95,4.95,4.95,50,5650
20221215,10:29,2.75,4.05,2.75,4.05,2600,5050
20221215,10:30,4.05,4.05,4.05,4.05,150,5050
20221215,10:31,2.70,3.90,2.70,3.90,1350,5050
20221215,10:32,3.80,3.80,3.80,3.80,50,5050
20221215,10:33,3.90,3.90,3.85,3.85,450,5000
20221215,10:36,3.70,3.70,3.70,3.70,100,4550
20221215,11:48,3.30,3.30,3.30,3.30,50,4450
20221215,12:43,5.95,5.95,4.80,4.80,400,4400
20221215,12:44,4.75,4.75,4.75,4.75,50,4400
20221215,12:46,4.85,4.85,4.85,4.85,150,4350
20221215,12:47,4.50,4.50,4.45,4.45,300,4350
20221215,12:53,4.65,4.65,4.65,4.65,300,4150
20221215,12:54,4.30,4.30,4.25,4.25,450,4200
20221215,12:57,5.00,5.00,4.45,4.45,800,4200
20221215,14:39,5.65,5.65,4.60,4.85,350,4150
20221215,14:40,4.55,4.90,4.55,4.65,450,4150
20221215,14:41,4.70,4.75,4.60,4.65,650,4150
20221215,14:42,4.80,5.00,4.75,4.95,1600,4150
20221215,14:43,5.05,5.25,5.00,5.10,1350,3750
20221215,14:44,5.10,5.25,5.10,5.25,600,3750
20221215,14:45,5.35,5.35,5.10,5.10,300,3750
20221215,14:48,5.05,5.05,5.05,5.05,100,3750
20221215,14:49,5.05,5.15,5.05,5.15,400,3800
20221215,14:50,5.05,5.10,5.05,5.10,600,3800
20221215,14:51,5.15,5.15,5.15,5.15,100,3800
20221215,14:52,5.20,5.20,5.20,5.20,50,3750
20221215,14:53,4.85,4.85,4.85,4.85,50,3750
20221215,14:55,5.25,5.25,5.25,5.25,100,3750
20221215,14:56,5.00,5.00,5.00,5.00,50,3750
20221215,14:57,4.70,4.70,4.70,4.70,150,3750
20221215,14:59,5.10,5.10,5.10,5.10,50,3800
20221215,15:00,5.05,5.05,5.05,5.05,50,3800
20221215,15:02,4.70,4.75,4.65,4.70,950,3800
20221215,15:03,4.70,4.70,4.70,4.70,150,3800
20221215,15:07,4.70,4.70,4.70,4.70,200,3800
20221215,15:11,4.90,4.90,4.90,4.90,50,3750
20221215,15:12,4.95,4.95,4.95,4.95,350,3750
20221215,15:14,5.00,5.00,5.00,5.00,100,3750
20221215,15:18,4.80,4.80,4.80,4.80,150,3800
20221215,15:20,5.20,5.20,5.20,5.20,100,3750
20221215,15:21,5.15,5.15,5.10,5.10,150,3750
20221215,15:22,5.25,5.35,5.25,5.30,550,3750
20221215,15:23,5.25,5.25,5.25,5.25,250,3750
20221215,15:25,4.90,4.90,4.90,4.90,50,3800
20221215,15:26,4.95,4.95,4.95,4.95,50,3800
20221215,15:27,5.05,5.05,5.05,5.05,50,3800
20221215,15:28,5.25,5.25,5.25,5.25,50,3800
20221215,15:29,5.35,5.35,5.10,5.10,1050,3750
20221216,09:26,6.95,6.95,6.95,6.95,51,3700
20221216,09:53,5.30,5.30,5.30,5.30,50,3700
20221216,09:54,4.15,4.15,4.15,4.15,950,3750
20221216,09:55,4.15,4.15,4.15,4.15,150,3750
20221216,09:58,4.15,4.20,4.15,4.20,100,4150
20221216,10:43,4.40,4.40,4.35,4.35,400,4150
20221216,10:44,4.40,4.40,4.25,4.25,400,4150
20221216,10:45,4.35,4.35,4.20,4.20,150,3750
20221216,10:46,4.35,4.35,4.35,4.35,150,3750
20221216,10:47,4.35,4.35,4.30,4.35,600,3750
20221216,10:48,4.35,4.45,4.35,4.35,300,3750
20221216,10:51,4.40,4.40,4.40,4.40,100,4000
20221216,10:52,4.45,4.45,4.45,4.45,400,4000
20221216,10:53,4.45,4.45,4.45,4.45,100,4000
20221216,10:55,4.50,4.50,4.50,4.50,1050,4600
20221216,10:56,4.35,4.50,4.35,4.50,500,4600
20221216,10:57,4.50,4.50,4.50,4.50,350,5300
20221216,10:58,4.40,4.40,4.25,4.25,200,5300
20221216,10:59,4.30,4.35,4.30,4.35,1000,5300
20221216,11:00,4.40,4.40,4.40,4.40,50,6000
20221216,11:01,4.55,4.55,4.55,4.55,100,6000
20221216,11:02,4.60,4.60,4.60,4.60,50,6150
20221216,11:03,4.60,4.60,4.50,4.50,250,6150
20221216,11:12,4.50,4.50,4.50,4.50,50,6400
20221216,11:13,4.35,4.35,4.10,4.10,900,6400
20221216,11:14,4.10,4.25,4.05,4.15,1650,6400
20221216,11:15,4.25,4.25,4.25,4.25,250,6200
20221216,11:16,4.30,4.40,4.30,4.40,950,6200
20221216,11:17,4.45,4.45,4.35,4.45,500,7200
20221216,11:18,4.40,4.45,4.40,4.40,800,7200
20221216,11:19,4.40,4.45,4.40,4.45,100,7200
20221216,11:20,4.35,4.35,4.35,4.35,100,7650
20221216,11:21,4.40,4.40,4.35,4.40,250,7650
20221216,11:22,4.40,4.40,4.30,4.30,300,7650
20221216,11:23,4.25,4.25,4.25,4.25,200,7650
20221216,11:25,4.20,4.20,4.20,4.20,150,7750
20221216,11:26,4.15,4.25,4.15,4.25,100,7750
20221216,11:27,4.20,4.25,4.20,4.25,300,7750
20221216,11:28,4.20,4.20,4.20,4.20,200,7750
20221216,11:30,4.05,4.05,4.05,4.05,100,7950
20221216,11:31,4.00,4.00,3.95,3.95,150,7950
20221216,11:32,4.15,4.15,4.15,4.15,50,7950
20221216,11:34,4.10,4.10,4.10,4.10,50,7950
20221216,11:35,4.30,4.30,4.25,4.30,400,7950
20221216,11:36,4.30,4.45,4.30,4.45,150,8200
20221216,11:37,4.45,4.45,4.45,4.45,50,8200
20221216,11:39,4.25,4.25,4.20,4.20,100,8350
20221216,11:42,4.10,4.10,4.10,4.10,50,8350
20221216,11:43,3.90,3.90,3.90,3.90,100,8350
20221216,11:47,3.95,3.95,3.95,3.95,50,8350
20221216,11:48,4.00,4.00,4.00,4.00,100,8350
20221216,11:49,4.05,4.05,4.00,4.00,200,8350
20221216,11:50,4.10,4.10,4.10,4.10,50,8350
20221216,11:52,4.25,4.25,4.25,4.25,50,8350
20221216,11:55,4.30,4.30,4.15,4.15,100,8350
20221216,11:57,4.20,4.20,4.20,4.20,50,8450
20221216,12:02,4.35,4.35,4.35,4.35,450,8500
20221216,12:04,4.25,4.25,4.20,4.20,100,8650
20221216,12:05,4.20,4.20,4.15,4.15,800,8650
20221216,12:07,4.00,4.00,4.00,4.00,200,8700
20221216,12:08,3.90,3.95,3.90,3.95,200,8700
20221216,12:09,3.85,3.85,3.85,3.85,150,8750
20221216,12:12,3.95,3.95,3.95,3.95,300,8800
20221216,12:13,4.00,4.05,4.00,4.05,200,8800
20221216,12:17,3.90,3.90,3.90,3.90,200,8800
20221216,12:20,3.85,3.85,3.85,3.85,50,8600
20221216,12:29,3.90,3.90,3.90,3.90,50,8550
20221216,12:32,3.75,3.75,3.75,3.75,50,8500
20221216,12:34,3.75,3.75,3.75,3.75,50,8550
20221216,12:36,4.10,4.10,4.10,4.10,50,8500
20221216,12:38,3.90,3.90,3.90,3.90,150,8500
20221216,12:39,3.90,3.90,3.85,3.85,450,8450
20221216,12:40,3.85,3.90,3.85,3.90,650,8450
20221216,12:42,3.95,4.10,3.95,4.10,150,7850
20221216,12:52,4.25,4.25,4.25,4.25,50,7850
20221216,13:11,4.05,4.05,4.05,4.05,50,7850
20221216,13:15,4.20,4.20,4.10,4.10,100,7850
20221216,13:23,4.15,4.15,4.15,4.15,50,7900
20221216,13:24,4.15,4.15,4.15,4.15,100,7900
20221216,13:26,4.20,4.20,4.20,4.20,350,7900
20221216,13:41,4.20,4.20,4.20,4.20,50,8050
20221216,13:43,4.10,4.10,4.10,4.10,50,8100
20221216,13:44,4.10,4.10,4.10,4.10,50,8100
20221216,13:47,4.30,4.30,4.30,4.30,200,8200
20221216,13:50,4.05,4.10,4.05,4.10,500,8300
20221216,13:51,4.15,4.20,4.15,4.20,1250,8950
20221216,13:52,4.25,4.25,4.20,4.25,1650,8950
20221216,13:54,4.15,4.15,4.15,4.15,50,11100
20221216,13:56,4.10,4.10,4.10,4.10,50,11100
20221216,13:57,4.10,4.10,4.10,4.10,50,11150
20221216,13:58,4.10,4.10,4.10,4.10,50,11150
20221216,13:59,4.10,4.15,4.10,4.15,100,11150
20221216,14:00,4.20,4.20,4.05,4.05,250,11400
20221216,14:01,4.20,4.20,4.20,4.20,600,11400
20221216,14:02,4.10,4.20,4.10,4.20,150,11400
20221216,14:03,4.20,4.20,4.20,4.20,50,12050
20221216,14:05,4.20,4.20,4.15,4.20,250,12050
20221216,14:06,4.15,4.15,4.15,4.15,100,12050
20221216,14:07,3.80,3.80,3.80,3.80,100,12200
20221216,14:08,3.95,3.95,3.95,3.95,50,12200
20221216,14:09,4.10,4.10,4.10,4.10,50,12200
20221216,14:10,3.80,3.80,3.80,3.80,100,12200
20221216,14:14,4.15,4.20,4.15,4.20,200,12100
20221216,14:15,4.25,4.25,4.25,4.25,100,12250
20221216,14:16,4.20,4.20,4.20,4.20,50,12250
20221216,14:17,4.10,4.10,4.00,4.00,100,12250
20221216,14:18,4.00,4.00,4.00,4.00,100,12250
20221216,14:19,4.10,4.10,4.10,4.10,100,12350
20221216,14:20,4.15,4.20,4.15,4.20,150,12350
20221216,14:22,4.30,4.30,4.30,4.30,150,12450
20221216,14:23,4.30,4.30,4.30,4.30,100,12450
20221216,14:25,4.15,4.15,4.10,4.10,100,12700
20221216,14:27,4.25,4.25,4.25,4.25,50,12700
20221216,14:29,4.10,4.10,4.10,4.10,100,12700
20221216,14:30,3.95,3.95,3.90,3.90,300,12750
20221216,14:31,3.90,3.90,3.90,3.90,150,12750
20221216,14:32,3.95,4.25,3.95,4.25,400,12750
20221216,14:33,4.20,4.20,4.20,4.20,50,12350
20221216,14:34,4.15,4.15,4.15,4.15,50,12350
20221216,14:37,4.10,4.20,4.10,4.20,100,12350
20221216,14:38,4.20,4.20,4.20,4.20,200,12350
20221216,14:39,4.20,4.20,4.15,4.15,100,12350
20221216,14:41,4.25,4.25,4.25,4.25,50,12350
20221216,14:42,4.15,4.20,4.15,4.15,150,12350
20221216,14:51,4.40,4.55,4.40,4.55,250,12400
20221216,14:53,4.45,4.45,4.45,4.45,100,12400
20221216,14:54,4.40,4.45,4.40,4.45,100,12450
20221216,14:55,4.45,4.45,4.45,4.45,50,12450
20221216,14:57,3.85,3.85,3.85,3.85,100,12450
20221216,14:58,4.30,4.30,4.25,4.25,100,12450
20221216,15:00,3.70,3.75,3.70,3.75,400,12450
20221216,15:01,4.00,4.20,4.00,4.20,150,12450
20221216,15:02,4.25,4.35,4.25,4.30,150,12450
20221216,15:03,4.35,4.35,4.35,4.35,50,12050
20221216,15:04,4.45,4.45,4.40,4.45,250,12050
20221216,15:05,4.35,4.55,4.35,4.55,400,12050
20221216,15:06,4.50,4.50,4.30,4.30,100,12100
20221216,15:08,4.30,4.30,4.30,4.30,200,12100
20221216,15:11,4.25,4.30,4.25,4.30,200,11850
20221216,15:12,4.25,4.25,4.15,4.20,650,11500
20221216,15:13,4.15,4.15,4.15,4.15,50,11500
20221216,15:14,4.20,4.25,4.20,4.25,200,11500
20221216,15:15,4.10,4.10,4.10,4.10,150,11500
20221216,15:16,3.95,4.05,3.95,3.95,400,11150
20221216,15:17,3.90,3.90,3.80,3.80,800,11150
20221216,15:20,3.90,4.00,3.90,4.00,100,10200
20221216,15:21,3.90,3.90,3.90,3.90,200,10150
20221216,15:22,3.90,3.90,3.85,3.85,150,10150
20221216,15:24,3.95,3.95,3.95,3.95,100,10150
20221216,15:25,3.95,3.95,3.85,3.85,200,10000
20221216,15:26,3.85,3.85,3.85,3.85,50,10000
20221216,15:27,3.85,3.85,3.85,3.85,50,10000
20221216,15:28,3.85,3.85,3.85,3.85,50,9750
20221219,09:38,3.80,3.80,3.80,3.80,151,9750
20221219,10:21,4.85,4.85,4.85,4.85,450,9700
20221219,10:22,4.85,4.85,3.60,3.65,450,9700
20221219,10:31,3.70,3.75,3.70,3.70,300,10150
20221219,10:32,3.65,3.65,3.65,3.65,50,10150
20221219,11:03,3.65,3.65,3.65,3.65,100,10150
20221219,15:00,2.90,3.10,2.90,3.10,1250,10250
20221219,15:01,3.10,3.25,3.10,3.20,1350,10250
20221219,15:02,3.35,3.35,3.35,3.35,100,10250
20221219,15:27,3.30,3.30,3.30,3.30,50,10750
20221219,15:28,3.05,3.05,3.05,3.05,500,10750
20221220,09:18,3.50,3.50,3.50,3.50,101,10600
20221220,09:22,3.70,3.70,3.70,3.70,150,10700
20221220,09:37,4.20,4.25,4.20,4.25,4300,10600
20221220,09:38,4.25,4.25,3.75,3.75,600,10600
20221220,10:01,3.80,3.80,3.80,3.80,50,9350
20221220,10:02,3.85,4.00,3.85,4.00,700,9350
20221220,10:04,3.95,3.95,3.85,3.90,2050,9400
20221220,10:05,3.80,3.80,3.80,3.80,350,9400
20221220,10:06,3.40,3.40,3.40,3.40,150,10000
20221220,10:10,3.40,3.40,3.40,3.40,1900,10000
20221220,10:12,3.75,3.75,3.75,3.75,50,8650
20221220,10:23,3.55,3.55,3.55,3.55,100,8650
20221220,10:24,3.55,3.55,3.55,3.55,100,8650
20221220,10:30,3.55,3.55,3.55,3.55,50,8850
20221220,10:35,3.60,3.60,3.60,3.60,50,8800
20221220,10:37,3.65,3.65,3.65,3.65,100,8850
20221220,10:38,3.65,3.65,3.65,3.65,50,8850
20221220,10:41,3.65,3.65,3.65,3.65,100,8700
20221220,10:42,3.65,3.65,3.65,3.65,50,8800
20221220,10:44,3.60,3.60,3.55,3.60,300,8800
20221220,10:46,3.65,3.65,3.65,3.65,50,8750
20221220,10:47,3.60,3.60,3.60,3.60,50,8750
20221220,10:48,3.55,3.55,3.55,3.55,50,8750
20221220,10:50,3.60,3.60,3.60,3.60,200,8750
20221220,10:51,3.50,3.60,3.50,3.60,150,8900
20221220,10:53,3.75,3.75,3.60,3.75,150,8900
20221220,10:54,3.65,3.70,3.65,3.70,100,9000
20221220,10:56,3.70,3.70,3.70,3.70,50,9000
20221220,10:57,3.70,3.70,3.70,3.70,100,9100
20221220,11:01,3.75,3.80,3.75,3.80,200,9200
20221220,11:02,3.80,3.85,3.80,3.85,150,9200
20221220,11:09,3.80,3.80,3.80,3.80,50,9550
20221220,11:10,3.75,3.75,3.75,3.75,50,9550
20221220,11:11,3.65,3.65,3.65,3.65,150,9550
20221220,11:12,3.60,3.60,3.60,3.60,350,9450
20221220,11:14,3.70,3.70,3.70,3.70,50,9450
20221220,11:17,3.95,3.95,3.95,3.95,100,9150
20221220,11:28,3.95,3.95,3.95,3.95,450,9200
20221220,11:31,3.85,3.85,3.85,3.85,50,9650
20221220,11:32,3.75,3.80,3.75,3.80,150,9650
20221220,11:33,3.85,3.90,3.85,3.90,100,9750
20221220,11:55,3.85,3.85,3.85,3.85,50,9850
20221220,11:56,3.90,3.90,3.90,3.90,100,9850
20221220,12:07,3.85,3.85,3.85,3.85,200,9700
20221220,12:08,3.80,3.80,3.80,3.80,400,9700
20221220,12:09,3.75,3.75,3.75,3.75,50,9700
20221220,12:10,3.75,3.75,3.75,3.75,50,9050
20221220,12:11,3.75,3.80,3.75,3.80,100,9050
20221220,12:20,3.70,3.70,3.65,3.65,150,9000
20221220,12:21,3.45,3.45,3.40,3.40,200,8950
20221220,12:23,3.50,3.50,3.50,3.50,50,8950
20221220,12:25,3.45,3.45,3.30,3.30,200,8750
20221220,12:29,3.30,3.30,3.30,3.30,50,8650
20221220,12:31,3.40,3.40,3.40,3.40,50,8700
20221220,12:33,3.30,3.30,3.30,3.30,250,8650
20221220,12:35,3.35,3.35,3.35,3.35,50,8650
20221220,12:37,3.50,3.50,3.50,3.50,200,8350
20221220,12:38,3.45,3.45,3.45,3.45,100,8350
20221220,12:48,3.50,3.50,3.50,3.50,100,8550
20221220,12:52,3.60,3.60,3.60,3.60,100,8650
20221220,12:56,3.65,3.65,3.65,3.65,100,8750
20221220,12:59,3.55,3.55,3.55,3.55,50,8850
20221220,13:00,3.50,3.50,3.45,3.45,350,8750
20221220,13:01,3.45,3.45,3.45,3.45,50,8750
20221220,13:05,3.30,3.30,3.30,3.30,50,8450
20221220,13:26,3.65,3.65,3.65,3.65,100,8450
20221220,13:27,3.70,3.70,3.65,3.65,100,8450
20221220,13:29,3.70,3.70,3.70,3.70,100,8450
20221220,13:34,3.70,3.70,3.70,3.70,50,8550
20221220,13:35,3.70,3.80,3.70,3.80,200,8550
20221220,13:36,3.80,3.80,3.80,3.80,100,8550
20221220,13:41,3.55,3.55,3.55,3.55,100,8900
20221220,13:56,3.85,3.85,3.85,3.85,150,8800
20221220,13:57,3.75,3.75,3.75,3.75,50,8950
20221220,13:59,3.80,3.80,3.75,3.75,150,8950
20221220,14:06,3.75,3.75,3.75,3.75,150,8750
20221220,14:07,3.75,3.75,3.75,3.75,100,8750
20221220,14:08,3.65,3.65,3.60,3.60,300,8750
20221220,14:09,3.60,3.60,3.60,3.60,50,8200
20221220,14:10,3.55,3.55,3.50,3.50,100,8200
20221220,14:16,3.55,3.55,3.50,3.50,150,8050
20221220,14:18,3.40,3.40,3.40,3.40,100,8050
20221220,14:19,3.40,3.40,3.40,3.40,150,8050
20221220,14:21,3.30,3.30,3.25,3.25,650,8050
20221220,14:26,3.25,3.30,3.25,3.30,100,8250
20221220,14:30,3.30,3.30,3.25,3.25,250,8250
20221220,14:31,3.25,3.25,3.25,3.25,50,8250
20221220,14:43,3.25,3.25,3.25,3.25,200,8250
20221220,14:48,3.30,3.30,3.30,3.30,100,8250
20221220,14:50,3.35,3.35,3.35,3.35,50,8250
20221220,14:52,3.35,3.35,3.35,3.35,50,8250
20221220,14:53,3.40,3.40,3.40,3.40,50,8250
20221220,14:54,3.35,3.35,3.35,3.35,250,8250
20221220,14:55,3.25,3.30,3.20,3.20,450,8450
20221220,14:58,3.20,3.20,3.20,3.20,50,8200
20221220,14:59,3.20,3.20,3.15,3.15,150,8200
20221220,15:00,3.15,3.15,3.10,3.10,400,8400
20221220,15:07,3.10,3.10,3.10,3.10,200,8450
20221220,15:08,3.05,3.05,3.05,3.05,100,8450
20221220,15:09,2.95,2.95,2.95,2.95,100,8450
20221220,15:10,2.95,3.00,2.95,2.95,250,8750
20221220,15:12,3.10,3.10,3.10,3.10,200,9050
20221220,15:13,3.10,3.10,3.10,3.10,100,9050
20221220,15:15,3.05,3.05,3.05,3.05,50,9050
20221220,15:16,3.10,3.15,3.10,3.15,200,9350
20221220,15:28,2.90,2.90,2.85,2.85,600,9450
20221221,09:19,2.25,2.75,2.25,2.35,902,9500
20221221,09:20,2.35,2.35,2.35,2.35,500,9500
20221221,09:27,2.60,2.60,2.60,2.60,50,9400
20221221,09:38,2.45,2.45,2.35,2.35,500,9400
20221221,09:48,3.95,3.95,3.95,3.95,1000,9300
20221221,09:49,3.95,3.95,3.95,3.95,700,9300
20221221,09:50,2.75,2.75,2.75,2.75,50,9000
20221221,09:55,3.00,3.00,2.70,3.00,300,9000
20221221,09:56,3.00,3.00,2.70,2.70,150,9000
20221221,09:57,2.70,2.75,2.70,2.75,200,8700
20221221,09:58,3.10,3.15,2.90,3.15,700,8700
20221221,10:01,3.35,3.35,3.15,3.15,350,8300
20221221,10:07,3.10,3.10,3.10,3.10,250,8150
20221221,10:08,3.10,3.10,2.90,2.90,200,8150
20221221,10:09,2.90,2.90,2.90,2.90,300,8150
20221221,10:36,3.70,3.70,3.65,3.65,1200,8150
20221221,10:37,3.60,3.65,3.60,3.65,300,8150
20221221,10:38,3.65,3.65,3.65,3.65,250,8150
20221221,10:50,3.70,3.70,3.70,3.70,150,8150
20221221,12:09,4.05,4.05,4.05,4.05,50,8150
20221221,12:12,4.05,4.05,4.05,4.05,100,8150
20221221,12:15,3.85,4.00,3.85,4.00,900,8000
20221221,12:16,4.00,4.00,4.00,4.00,50,8000
20221221,12:20,4.05,4.10,4.05,4.05,450,7700
20221221,12:22,3.95,3.95,3.95,3.95,400,7450
20221221,12:25,3.75,3.75,3.75,3.75,50,7250
20221221,12:26,3.65,3.65,3.60,3.60,450,7250
20221221,12:32,4.00,4.05,4.00,4.05,350,7050
20221221,12:34,4.20,4.30,4.20,4.30,350,6900
20221221,12:35,4.35,4.35,4.35,4.35,200,6900
20221221,12:38,4.35,4.35,4.35,4.35,50,6650
20221221,12:40,4.35,4.35,4.35,4.35,50,6600
20221221,12:41,4.35,4.35,4.35,4.35,50,6600
20221221,12:42,4.35,4.40,4.35,4.40,150,6650
20221221,12:43,4.40,4.45,4.40,4.45,300,6650
20221221,12:47,4.50,4.50,4.50,4.50,250,6900
20221221,12:48,4.50,4.50,4.50,4.50,450,7150
20221221,12:49,4.50,4.50,4.50,4.50,100,7150
20221221,12:50,4.50,4.50,4.50,4.50,100,7150
20221221,12:55,4.75,4.75,4.75,4.75,100,7600
20221221,12:56,4.75,4.75,4.55,4.55,200,7600
20221221,12:57,4.65,4.65,4.65,4.65,100,7750
20221221,12:58,4.65,4.65,4.65,4.65,300,7750
20221221,12:59,4.70,4.70,4.70,4.70,400,7750
20221221,13:00,4.65,4.65,4.50,4.50,150,7850
20221221,13:06,4.20,4.20,4.15,4.15,1300,7800
20221221,13:07,4.20,4.20,4.20,4.20,300,7800
20221221,13:08,4.10,4.15,3.95,4.15,1500,7800
20221221,13:09,4.10,4.20,4.10,4.20,350,6450
20221221,13:10,4.25,4.25,4.05,4.05,550,6450
20221221,13:12,4.05,4.05,4.05,4.05,50,5950
20221221,13:15,4.35,4.35,4.35,4.35,100,5950
20221221,13:16,4.40,4.55,4.40,4.50,650,5950
20221221,13:17,4.55,4.60,4.55,4.60,150,5950
20221221,13:18,4.55,4.60,4.55,4.60,100,6150
20221221,13:24,4.40,4.40,4.30,4.30,250,6200
20221221,13:25,4.30,4.30,4.20,4.20,650,6200
20221221,13:26,4.45,4.45,4.45,4.45,50,6200
20221221,13:28,4.65,4.65,4.65,4.65,100,5700
20221221,13:30,4.55,4.55,4.55,4.55,100,5600
20221221,13:31,4.60,4.60,4.60,4.60,50,5600
20221221,13:32,4.60,4.60,4.55,4.55,150,5600
20221221,13:33,4.45,4.55,4.45,4.55,200,5350
20221221,13:35,4.55,4.60,4.55,4.60,150,5350
20221221,13:36,4.55,4.55,4.30,4.30,1350,5300
20221221,13:37,4.55,4.55,4.55,4.55,50,5300
20221221,13:38,4.50,4.50,4.50,4.50,50,5300
20221221,13:39,4.60,4.60,4.60,4.60,50,4900
20221221,13:40,4.65,4.75,4.65,4.75,400,4900
20221221,13:41,4.75,4.75,4.75,4.75,100,4900
20221221,13:43,4.55,4.55,4.55,4.55,100,4650
20221221,13:44,4.80,4.80,4.80,4.80,100,4650
20221221,13:47,4.80,4.80,4.80,4.80,100,4550
20221221,13:48,4.70,4.80,4.70,4.80,100,4550
20221221,13:51,4.85,5.20,4.85,5.20,550,4550
20221221,13:52,5.20,5.35,5.15,5.35,450,4550
20221221,13:53,5.50,5.50,5.50,5.50,600,4550
20221221,13:54,5.50,5.50,5.50,5.50,50,4650
20221221,13:55,5.60,5.85,5.60,5.85,450,4650
20221221,13:56,5.85,6.00,5.85,6.00,400,4650
20221221,13:57,6.50,7.10,6.50,7.10,750,4650
20221221,13:58,6.00,6.20,5.85,6.20,350,4650
20221221,14:00,7.00,7.00,6.75,6.75,150,5100
20221221,14:02,7.80,7.90,7.80,7.90,400,5100
20221221,14:03,8.00,8.15,8.00,8.15,600,5700
20221221,14:04,8.25,8.35,8.25,8.35,300,5700
20221221,14:05,8.35,8.35,7.30,7.30,850,5700
20221221,14:06,7.70,7.70,7.70,7.70,50,6300
20221221,14:07,7.50,7.50,7.50,7.50,150,6300
20221221,14:08,7.35,7.35,7.35,7.35,100,6300
20221221,14:10,5.45,5.55,5.30,5.30,1000,6000
20221221,14:11,5.10,5.15,4.95,5.15,200,6000
20221221,14:14,5.80,5.85,5.80,5.80,550,5200
20221221,14:15,5.85,6.15,5.85,6.10,2100,4800
20221221,14:16,6.15,6.25,6.15,6.15,700,4800
20221221,14:17,6.30,6.45,6.15,6.45,800,4800
20221221,14:18,6.55,6.95,6.50,6.85,1250,5800
20221221,14:19,6.70,6.85,6.65,6.70,600,5800
20221221,14:20,6.70,6.70,6.65,6.70,950,5800
20221221,14:21,6.35,6.35,6.15,6.15,150,5250
20221221,14:22,6.10,6.10,5.45,5.45,450,5250
20221221,14:23,5.50,5.50,5.50,5.50,50,5250
20221221,14:24,5.75,5.75,5.75,5.75,50,5250
20221221,14:25,5.60,5.60,5.10,5.10,600,5250
20221221,14:28,5.05,5.05,4.85,5.00,500,5550
20221221,14:29,4.95,5.15,4.90,5.15,250,5550
20221221,14:30,5.20,5.65,5.20,5.65,250,5700
20221221,14:31,5.85,6.00,5.85,5.95,250,5700
20221221,14:32,5.95,5.95,5.95,5.95,50,5700
20221221,14:34,5.50,5.50,5.30,5.30,250,5350
20221221,14:35,5.20,5.20,5.20,5.20,100,5350
20221221,14:36,5.05,5.05,4.95,4.95,100,5450
20221221,14:37,4.85,4.85,4.80,4.80,150,5450
20221221,14:38,4.70,4.70,4.50,4.50,200,5450
20221221,14:40,4.60,4.90,4.60,4.85,200,5600
20221221,14:41,5.10,5.10,5.10,5.10,150,5600
20221221,14:42,5.15,5.15,5.15,5.15,50,5400
20221221,14:45,5.00,5.00,5.00,5.00,50,5350
20221221,14:50,5.15,5.15,5.15,5.15,100,5400
20221221,14:51,4.65,4.65,4.65,4.65,500,5800
20221221,14:52,4.90,4.90,4.90,4.90,50,5800
20221221,14:53,4.95,4.95,4.95,4.95,50,5800
20221221,14:55,5.65,5.65,5.65,5.65,200,5750
20221221,14:56,5.65,5.65,5.55,5.65,300,5750
20221221,14:57,5.70,5.90,5.70,5.90,500,5750
20221221,14:58,5.65,5.65,5.55,5.55,150,5150
20221221,14:59,5.45,5.45,5.45,5.45,50,5150
20221221,15:00,4.55,5.40,4.55,5.40,250,5150
20221221,15:05,5.50,5.60,5.50,5.60,100,5300
20221221,15:06,5.55,5.75,5.55,5.75,150,5300
20221221,15:07,5.60,6.00,5.60,6.00,700,5100
20221221,15:08,5.40,5.40,5.35,5.35,100,5100
20221221,15:09,5.40,5.60,5.40,5.60,100,5100
20221221,15:10,5.00,5.00,5.00,5.00,250,4850
20221221,15:11,5.00,5.00,4.80,4.80,300,4850
20221221,15:12,4.45,4.50,4.45,4.50,150,5250
20221221,15:13,5.15,5.15,5.15,5.15,50,5250
20221221,15:14,5.25,5.45,5.25,5.45,200,5250
20221221,15:15,5.45,5.65,5.45,5.65,400,5000
20221221,15:19,5.40,5.40,5.25,5.25,250,4900
20221221,15:23,5.25,5.25,5.25,5.25,100,5050
20221221,15:24,5.45,5.45,5.45,5.45,50,5050
20221221,15:27,5.50,5.50,5.50,5.50,1500,5000
20221221,15:29,5.65,5.90,5.65,5.90,200,5000
20221222,09:17,4.25,4.40,4.20,4.20,502,6650
20221222,09:18,4.15,4.25,3.65,3.65,2200,6700
20221222,09:19,3.65,3.85,3.65,3.80,800,6700
20221222,09:20,4.05,4.10,3.95,4.10,350,6700
20221222,09:22,4.05,4.05,4.05,4.05,50,7400
20221222,09:23,4.00,4.00,4.00,4.00,50,7400
20221222,09:24,4.10,6.05,4.05,4.05,1850,7400
20221222,09:25,4.10,4.25,4.10,4.20,400,7400
20221222,09:26,4.15,4.30,4.15,4.30,950,8400
20221222,09:27,4.40,4.40,4.35,4.40,2150,8400
20221222,09:28,4.55,4.55,4.40,4.40,1250,8400
20221222,09:29,4.35,4.60,4.35,4.55,1000,10400
20221222,09:30,4.45,4.80,4.45,4.70,1000,10400
20221222,09:31,4.65,4.65,4.60,4.60,150,10400
20221222,09:32,4.30,4.40,4.30,4.30,250,10400
20221222,09:33,4.70,4.70,4.70,4.70,50,10250
20221222,09:36,4.75,5.00,4.75,4.95,800,10250
20221222,09:37,5.25,5.30,5.25,5.30,150,10250
20221222,09:38,5.30,5.45,5.25,5.45,1200,10250
20221222,09:39,5.65,5.65,5.55,5.55,250,11150
20221222,09:40,5.55,5.60,5.55,5.60,200,11150
20221222,09:41,5.60,5.65,5.60,5.65,350,11150
20221222,09:42,5.25,5.25,4.90,4.90,150,10900
20221222,09:43,4.95,5.15,4.95,5.15,300,10900
20221222,09:45,4.85,4.95,4.85,4.95,300,11000
20221222,09:46,4.95,5.30,4.95,5.30,600,11000
20221222,09:47,5.35,5.45,5.35,5.45,150,11000
20221222,09:48,4.85,4.85,4.60,4.60,450,11250
20221222,09:49,4.50,4.55,4.40,4.55,300,11250
20221222,09:50,4.65,4.80,4.60,4.80,400,11250
20221222,09:51,4.45,4.45,4.45,4.45,50,11450
20221222,09:54,4.75,4.75,4.55,4.55,100,11500
20221222,09:55,4.55,4.55,4.55,4.55,100,11500
20221222,09:56,4.50,4.50,4.50,4.50,50,11500
20221222,10:00,4.75,4.95,4.75,4.85,400,11650
20221222,10:01,4.95,5.10,4.95,5.10,300,11650
20221222,10:02,5.00,5.00,4.95,4.95,150,11650
20221222,10:03,5.10,5.30,5.10,5.30,400,11500
20221222,10:04,5.30,5.30,5.25,5.25,200,11500
20221222,10:05,5.25,5.25,5.05,5.05,200,11500
20221222,10:06,5.20,5.25,5.20,5.20,200,11500
20221222,10:07,4.95,4.95,4.95,4.95,50,11500
20221222,10:08,4.75,4.85,4.75,4.75,200,11500
20221222,10:09,4.90,4.90,4.85,4.85,100,11600
20221222,10:10,4.75,4.75,4.75,4.75,100,11600
20221222,10:11,4.95,4.95,4.95,4.95,50,11600
20221222,10:12,4.90,4.90,4.90,4.90,50,11500
20221222,10:13,4.95,5.00,4.90,4.90,250,11500
20221222,10:14,5.05,5.15,5.05,5.15,200,11500
20221222,10:15,5.25,5.35,5.20,5.35,600,11350
20221222,10:16,5.35,5.35,5.25,5.25,150,11350
20221222,10:19,5.30,5.30,5.20,5.20,700,11400
20221222,10:20,5.25,5.50,5.25,5.45,1050,11400
20221222,10:21,5.05,5.10,5.05,5.10,1000,12300
20221222,10:22,5.05,5.05,5.05,5.05,100,12300
20221222,10:25,5.20,5.20,5.20,5.20,100,12000
20221222,10:27,5.30,5.30,5.30,5.30,250,11950
20221222,10:28,5.30,5.30,5.30,5.30,250,11950
20221222,10:29,5.30,5.30,5.30,5.30,50,11950
20221222,10:30,5.00,5.00,5.00,5.00,850,12050
20221222,10:31,5.00,5.00,5.00,5.00,50,12050
20221222,10:32,5.35,5.40,5.35,5.40,150,12050
20221222,10:33,5.35,5.35,5.35,5.35,150,12100
20221222,10:34,5.60,5.60,5.55,5.55,250,12100
20221222,10:35,5.55,5.55,5.55,5.55,50,12100
20221222,10:36,5.70,5.70,5.70,5.70,50,12100
20221222,10:38,5.70,5.75,5.70,5.70,600,12100
20221222,10:39,5.65,5.65,5.65,5.65,150,12250
20221222,10:40,5.80,5.80,5.75,5.75,1950,12250
20221222,10:41,5.90,5.90,5.90,5.90,250,12250
20221222,10:42,5.85,5.85,5.85,5.85,50,13450
20221222,10:43,5.70,5.70,5.70,5.70,200,13450
20221222,10:44,5.65,5.65,5.65,5.65,100,13450
20221222,10:45,5.45,5.45,5.25,5.25,950,13450
20221222,10:46,5.20,5.25,5.20,5.25,500,13450
20221222,10:47,5.45,5.45,5.45,5.45,250,13450
20221222,10:48,5.60,5.60,5.60,5.60,350,12750
20221222,10:50,5.75,5.80,5.75,5.80,150,12750
20221222,10:51,5.90,5.90,5.85,5.85,150,13050
20221222,10:52,5.95,5.95,5.85,5.85,250,13050
20221222,10:53,5.85,5.85,5.80,5.80,1150,13050
20221222,10:54,5.50,5.50,5.50,5.50,50,12450
20221222,10:55,5.55,5.55,5.55,5.55,50,12450
20221222,10:57,5.65,5.65,5.65,5.65,250,12350
20221222,11:01,5.35,5.35,5.35,5.35,50,12100
20221222,11:02,5.50,5.50,5.50,5.50,300,12100
20221222,11:06,5.45,5.45,5.30,5.30,250,12100
20221222,11:10,5.70,5.70,5.70,5.70,150,11900
20221222,11:11,5.65,5.65,5.55,5.55,150,11900
20221222,11:12,5.25,5.25,5.25,5.25,100,11850
20221222,11:13,5.20,5.20,5.10,5.20,500,11850
20221222,11:14,5.25,5.25,5.25,5.25,100,11850
20221222,11:15,5.40,5.40,5.40,5.40,150,11400
20221222,11:16,5.35,5.35,5.20,5.25,700,11400
20221222,11:17,5.10,5.10,5.05,5.10,250,11400
20221222,11:18,5.25,5.35,5.25,5.35,100,11050
20221222,11:19,5.25,5.25,5.25,5.25,50,11050
20221222,11:20,5.20,5.20,5.20,5.20,100,11050
20221222,11:21,5.05,5.15,5.05,5.15,100,11000
20221222,11:25,5.30,5.30,5.30,5.30,200,10950
20221222,11:27,5.30,5.45,5.30,5.45,250,10950
20221222,11:28,5.50,5.55,5.50,5.55,400,10950
20221222,11:29,5.55,5.55,5.55,5.55,50,10950
20221222,11:30,5.65,5.65,5.65,5.65,50,11250
20221222,11:32,5.75,5.75,5.75,5.75,300,11250
20221222,11:33,5.95,5.95,5.95,5.95,100,11150
20221222,11:34,5.90,5.95,5.90,5.95,100,11150
20221222,11:35,5.90,5.90,5.90,5.90,150,11150
20221222,11:37,5.60,5.60,5.60,5.60,100,11300
20221222,11:38,5.55,5.55,5.45,5.45,450,11300
20221222,11:39,5.40,5.40,5.20,5.20,200,11300
20221222,11:40,5.35,5.35,5.35,5.35,50,11300
20221222,11:41,5.30,5.30,5.30,5.30,50,11300
20221222,11:42,5.45,5.45,5.45,5.45,50,11100
20221222,11:43,5.60,5.60,5.60,5.60,50,11100
20221222,11:44,5.60,5.80,5.60,5.80,250,11100
20221222,11:45,5.80,5.80,5.80,5.80,150,11100
20221222,11:46,5.80,6.05,5.80,6.05,400,11100
20221222,11:47,6.05,6.30,6.05,6.20,450,11100
20221222,11:48,6.30,6.30,6.25,6.25,100,11400
20221222,11:50,6.35,6.35,6.35,6.35,100,11400
20221222,11:51,6.40,6.40,6.40,6.40,100,11400
20221222,11:53,6.40,6.40,5.95,5.95,250,11400
20221222,11:54,5.95,5.95,5.95,5.95,750,11400
20221222,11:55,5.95,5.95,5.85,5.85,1250,11400
20221222,11:56,5.75,5.75,5.75,5.75,200,11400
20221222,11:57,5.85,5.85,5.85,5.85,200,11900
20221222,12:01,5.85,5.85,5.85,5.85,1200,11850
20221222,12:03,5.80,5.80,5.80,5.80,50,11850
20221222,12:04,5.70,5.70,5.70,5.70,100,10950
20221222,12:07,5.55,5.55,5.55,5.55,50,10950
20221222,12:09,5.50,5.50,5.45,5.45,100,11000
20221222,12:10,5.50,5.55,5.50,5.55,200,11000
20221222,12:15,5.60,5.60,5.60,5.60,50,10950
20221222,12:17,5.50,5.60,5.50,5.60,150,10950
20221222,12:18,5.50,5.55,5.10,5.30,1250,10850
20221222,12:19,5.55,5.55,5.45,5.55,500,10850
20221222,12:20,5.40,5.40,5.25,5.25,250,10850
20221222,12:21,5.40,5.40,5.40,5.40,50,10450
20221222,12:23,5.50,5.50,5.50,5.50,300,10450
20221222,12:24,5.50,5.55,5.50,5.55,350,10450
20221222,12:25,5.55,5.55,5.55,5.55,50,10850
20221222,12:26,5.55,5.55,5.45,5.45,2100,10850
20221222,12:27,5.50,5.60,5.50,5.60,100,10900
20221222,12:29,5.65,5.65,5.65,5.65,50,10900
20221222,12:30,5.60,5.60,5.55,5.55,100,10900
20221222,12:31,5.40,5.40,5.40,5.40,50,10750
20221222,12:35,5.40,5.40,5.40,5.40,50,10750
20221222,12:38,5.20,5.20,5.20,5.20,50,10750
20221222,12:41,5.25,5.25,5.25,5.25,50,10700
20221222,12:47,5.25,5.25,5.25,5.25,450,10700
20221222,12:49,5.35,5.35,5.35,5.35,200,11050
20221222,12:53,5.35,5.40,5.35,5.40,150,11200
20221222,12:55,5.35,5.35,5.20,5.20,1150,11150
20221222,12:56,5.30,5.30,5.30,5.30,1300,11150
20221222,12:59,5.20,5.30,5.20,5.30,250,11900
20221222,13:04,5.15,5.15,5.15,5.15,50,12000
20221222,13:06,5.05,5.05,5.05,5.05,200,12000
20221222,13:08,5.15,5.15,5.05,5.05,150,11850
20221222,13:09,5.15,5.15,5.05,5.05,300,12050
20221222,13:10,5.00,5.15,4.90,5.15,200,12050
20221222,13:11,5.15,5.15,5.05,5.05,600,12050
20221222,13:12,5.05,5.10,5.05,5.10,350,12050
20221222,13:13,5.35,5.35,5.25,5.25,150,12150
20221222,13:15,5.35,5.35,5.35,5.35,50,12150
20221222,13:18,5.20,5.20,5.20,5.20,50,12050
20221222,13:19,5.15,5.15,5.15,5.15,300,12000
20221222,13:20,5.20,5.20,5.20,5.20,50,12000
20221222,13:22,5.35,5.40,5.35,5.40,250,11850
20221222,13:23,5.45,5.45,5.45,5.45,2050,11850
20221222,13:25,5.45,5.45,5.45,5.45,50,11900
20221222,13:27,5.50,5.55,5.50,5.55,100,11950
20221222,13:29,5.45,5.45,5.25,5.25,1850,11950
20221222,13:30,5.20,5.20,5.20,5.20,100,11400
20221222,13:32,5.25,5.40,5.25,5.30,1100,11400
20221222,13:34,5.35,5.35,5.35,5.35,1300,11350
20221222,13:35,5.25,5.25,5.25,5.25,100,11350
20221222,13:36,5.15,5.25,5.10,5.10,200,11350
20221222,13:37,5.05,5.05,5.05,5.05,50,12600
20221222,13:38,5.10,5.10,5.05,5.05,150,12600
20221222,13:39,5.15,5.15,5.00,5.00,150,12600
20221222,13:43,5.10,5.10,4.95,4.95,350,12550
20221222,13:44,4.90,5.05,4.90,5.05,100,12550
20221222,13:46,5.00,5.05,5.00,5.05,150,12400
20221222,13:48,5.15,5.15,5.15,5.15,50,12250
20221222,13:49,4.90,4.95,4.90,4.90,700,12250
20221222,13:50,4.85,4.95,4.80,4.95,200,12250
20221222,13:51,4.90,4.90,4.65,4.70,250,12250
20221222,13:54,4.95,4.95,4.95,4.95,450,12000
20221222,13:56,5.05,5.05,5.05,5.05,100,12100
20221222,13:57,4.90,5.05,4.90,5.05,200,12100
20221222,13:58,5.15,5.15,5.00,5.00,150,12100
20221222,13:59,5.15,5.15,5.15,5.15,50,12100
20221222,14:00,5.15,5.15,5.05,5.10,400,12100
20221222,14:01,5.15,5.15,5.15,5.15,100,12250
20221222,14:02,4.90,4.90,4.90,4.90,50,12250
20221222,14:03,4.95,4.95,4.85,4.90,300,12400
20221222,14:04,4.85,4.85,4.60,4.60,1950,12400
20221222,14:05,4.60,4.65,4.55,4.65,800,12400
20221222,14:06,4.60,4.60,4.60,4.60,100,12400
20221222,14:07,4.70,4.70,4.65,4.65,300,14050
20221222,14:08,4.70,4.75,4.65,4.65,1550,14050
20221222,14:09,4.65,4.75,4.65,4.70,3300,17000
20221222,14:10,4.65,4.65,4.65,4.65,100,17000
20221222,14:11,4.65,4.65,4.55,4.55,200,17000
20221222,14:12,4.70,4.70,4.70,4.70,50,17000
20221222,14:13,4.65,4.65,4.65,4.65,300,17100
20221222,14:14,4.50,4.50,4.45,4.45,100,17100
20221222,14:15,4.45,4.45,4.25,4.25,450,17100
20221222,14:16,4.25,4.30,4.25,4.30,200,17450
20221222,14:17,4.35,4.35,4.35,4.35,250,17450
20221222,14:18,4.30,4.30,4.20,4.25,700,16750
20221222,14:19,4.20,4.20,4.20,4.20,150,16750
20221222,14:20,4.25,4.25,4.25,4.25,50,16750
20221222,14:21,4.00,4.05,4.00,4.05,200,16750
20221222,14:22,4.00,4.00,4.00,4.00,50,16750
20221222,14:23,3.95,3.95,3.95,3.95,250,16750
20221222,14:24,4.00,4.00,3.90,3.95,650,16250
20221222,14:25,4.05,4.15,4.05,4.15,400,16250
20221222,14:26,4.20,4.20,4.10,4.10,500,16250
20221222,14:27,4.20,4.20,4.20,4.20,50,16250
20221222,14:29,3.95,3.95,3.95,3.95,250,16200
20221222,14:30,4.05,4.05,3.90,3.90,1150,16250
20221222,14:31,3.90,3.90,3.75,3.75,1800,16250
20221222,14:32,3.75,3.75,3.75,3.75,1150,16250
20221222,14:33,3.70,3.70,3.70,3.70,450,16250
20221222,14:34,3.70,3.80,3.70,3.75,850,15550
20221222,14:35,3.70,3.75,3.65,3.70,800,15550
20221222,14:37,3.70,3.70,3.60,3.60,200,16600
20221222,14:38,3.55,3.55,3.55,3.55,50,16600
20221222,14:39,3.55,3.55,3.40,3.40,4000,16800
20221222,14:40,3.60,3.60,3.60,3.60,50,16800
20221222,14:41,3.60,3.60,3.50,3.55,500,16800
20221222,14:42,3.60,3.70,3.60,3.70,950,16800
20221222,14:43,3.75,3.75,3.75,3.75,100,19050
20221222,14:44,3.75,3.75,3.75,3.75,300,19050
20221222,14:45,3.70,3.70,3.70,3.70,200,19050
20221222,14:46,3.75,3.80,3.75,3.80,1100,19450
20221222,14:47,3.90,4.20,3.90,4.20,1500,19450
20221222,14:48,4.25,4.25,4.00,4.05,600,19450
20221222,14:49,4.15,4.25,4.15,4.25,500,19600
20221222,14:50,4.20,4.20,3.95,3.95,300,19600
20221222,14:51,3.75,3.75,3.75,3.75,450,19600
20221222,14:52,3.90,4.05,3.90,4.05,350,20200
20221222,14:53,4.00,4.00,4.00,4.00,50,20200
20221222,14:54,3.95,3.95,3.95,3.95,150,20200
20221222,14:55,4.00,4.15,4.00,4.15,2500,20250
20221222,14:56,4.30,4.40,4.25,4.40,1350,20250
20221222,14:57,4.45,4.60,4.45,4.60,2800,20250
20221222,14:58,4.25,4.35,4.25,4.25,1250,23200
20221222,14:59,4.30,4.30,4.20,4.25,600,23200
20221222,15:00,4.35,4.35,3.70,3.85,3550,23200
20221222,15:01,3.90,4.50,3.90,4.40,4100,23200
20221222,15:02,4.25,4.25,4.00,4.00,7900,23200
20221222,15:03,4.15,4.15,3.75,3.75,3300,23200
20221222,15:04,3.75,3.80,3.70,3.70,450,24800
20221222,15:05,3.70,3.80,3.70,3.75,5300,24800
20221222,15:06,3.75,3.75,2.10,3.50,8500,24800
20221222,15:07,3.60,3.60,3.55,3.55,1650,28400
20221222,15:08,3.60,3.60,3.50,3.50,2700,28400
20221222,15:09,3.50,3.50,3.35,3.35,800,28400
20221222,15:10,3.30,3.30,3.15,3.20,2650,31650
20221222,15:11,3.30,3.30,3.10,3.10,1400,31650
20221222,15:12,3.05,3.05,2.80,2.80,6400,31650
20221222,15:13,2.85,2.85,2.85,2.85,250,34150
20221222,15:14,2.80,2.80,2.80,2.80,350,34150
20221222,15:15,2.75,2.75,2.70,2.70,1450,34150
20221222,15:16,2.80,2.80,2.70,2.80,400,34250
20221222,15:17,2.80,2.80,2.80,2.80,4700,34250
20221222,15:18,2.80,2.80,2.70,2.70,400,34250
20221222,15:19,2.70,2.70,2.55,2.55,2750,33950
20221222,15:20,2.55,2.55,2.50,2.50,3350,33950
20221222,15:21,2.50,2.55,2.40,2.50,8500,33950
20221222,15:22,2.45,2.45,2.30,2.40,3950,36850
20221222,15:23,2.40,2.40,2.35,2.40,5200,36850
20221222,15:24,2.45,2.45,2.40,2.40,3400,36850
20221222,15:25,2.40,2.40,2.30,2.30,4750,38200
20221222,15:26,2.30,2.30,2.25,2.25,1650,38200
20221222,15:27,2.30,2.30,2.30,2.30,1350,38200
20221222,15:28,2.35,2.35,2.30,2.30,5550,37700
20221222,15:29,2.25,2.30,2.25,2.25,2900,37700
20221223,09:15,2.90,4.25,2.75,2.75,12002,36550
20221223,09:16,2.75,2.85,2.65,2.75,12300,36550
20221223,09:17,2.75,2.95,2.75,2.90,7350,45900
20221223,09:18,2.85,3.05,2.85,3.00,12050,45900
20221223,09:19,2.95,3.15,2.95,3.10,8600,45900
20221223,09:20,3.15,3.50,3.15,3.40,14700,53850
20221223,09:21,3.45,3.50,3.40,3.50,7250,53850
20221223,09:22,3.50,3.55,3.35,3.50,10500,53850
20221223,09:23,3.55,3.90,3.55,3.90,6800,57950
20221223,09:24,3.85,4.15,3.85,4.05,6200,57950
20221223,09:25,4.05,4.45,4.00,4.35,13100,57950
20221223,09:26,4.40,4.40,4.25,4.30,12800,60750
20221223,09:27,4.25,4.35,4.20,4.25,9750,60750
20221223,09:28,4.30,4.50,4.25,4.25,12000,60750
20221223,09:29,4.25,4.65,4.25,4.65,3900,60800
20221223,09:30,4.65,4.65,4.20,4.20,9200,60800
20221223,09:31,4.10,4.50,4.10,4.40,15800,60800
20221223,09:32,4.25,4.25,4.05,4.05,3250,64700
20221223,09:33,4.00,4.10,3.85,4.10,9200,64700
20221223,09:34,4.05,4.20,3.95,4.05,2200,64700
20221223,09:35,4.05,4.05,3.90,3.95,3800,66700
20221223,09:36,3.90,3.95,3.75,3.80,7750,66700
20221223,09:37,3.75,3.85,3.70,3.70,3350,66700
20221223,09:38,3.75,3.80,3.70,3.75,6150,68150
20221223,09:39,3.75,3.80,3.60,3.80,5500,68150
20221223,09:40,3.65,3.65,3.45,3.60,7150,68150
20221223,09:41,3.60,3.65,3.55,3.55,4450,64250
20221223,09:42,3.55,3.60,3.55,3.60,2300,64250
20221223,09:43,3.55,3.60,3.40,3.40,5700,64250
20221223,09:44,3.40,3.45,3.40,3.45,4000,62250
20221223,09:45,3.45,3.55,3.40,3.45,600,62250
20221223,09:46,3.45,3.45,3.45,3.45,400,62250
20221223,09:47,3.45,3.50,3.40,3.50,5000,57750
20221223,09:48,3.50,3.50,3.45,3.45,550,57750
20221223,09:49,3.50,3.50,3.35,3.40,6650,57750
20221223,09:50,3.45,3.50,3.40,3.45,4200,58100
20221223,09:51,3.45,3.50,3.40,3.40,9850,58100
20221223,09:52,3.40,3.45,3.40,3.40,1200,58100
20221223,09:53,3.45,3.45,3.30,3.40,6150,62500
20221223,09:54,3.40,3.40,3.35,3.35,2250,62500
20221223,09:55,3.40,3.45,3.35,3.40,1450,62500
20221223,09:56,3.40,3.45,3.40,3.45,1000,61300
20221223,09:57,3.40,3.45,3.30,3.35,3650,61300
20221223,09:58,3.35,3.40,3.30,3.40,1350,61300
20221223,09:59,3.35,3.40,3.35,3.40,1050,62500
20221223,10:00,3.45,3.45,3.40,3.45,3050,62500
20221223,10:01,3.45,3.55,3.45,3.50,2850,62500
20221223,10:02,3.50,3.50,3.45,3.50,1850,64500
20221223,10:03,3.45,3.55,3.45,3.50,2750,64500
20221223,10:04,3.55,3.65,3.55,3.60,1350,64500
20221223,10:05,3.55,3.60,3.50,3.60,4150,69300
20221223,10:06,3.55,3.60,3.55,3.55,900,69300
20221223,10:07,3.55,3.60,3.45,3.55,9450,69300
20221223,10:08,3.55,3.75,3.55,3.75,11050,72800
20221223,10:09,3.75,3.80,3.70,3.80,13250,72800
20221223,10:10,3.80,3.85,3.80,3.80,5550,72800
20221223,10:11,3.80,3.80,3.70,3.80,2800,81100
20221223,10:12,3.75,3.80,3.75,3.75,1500,81100
20221223,10:14,3.75,3.85,3.70,3.75,1500,81350
20221223,10:15,3.75,3.75,3.70,3.70,2000,81350
20221223,10:16,3.70,3.75,3.65,3.70,700,81350
20221223,10:17,3.70,3.70,3.60,3.65,600,81350
20221223,10:18,3.70,3.70,3.60,3.70,700,79900
20221223,10:19,3.65,3.70,3.65,3.70,1000,79900
20221223,10:20,3.75,3.75,3.70,3.75,2950,79850
20221223,10:21,3.75,3.80,3.70,3.70,900,79850
20221223,10:22,3.75,3.80,3.75,3.80,400,79850
20221223,10:23,3.80,3.80,3.75,3.75,650,81000
20221223,10:24,3.70,3.70,3.70,3.70,600,81000
20221223,10:25,3.60,3.60,3.45,3.50,1500,81000
20221223,10:26,3.45,3.55,3.45,3.50,3200,80100
20221223,10:27,3.50,3.50,3.45,3.50,950,80100
20221223,10:28,3.50,3.50,3.45,3.45,600,80100
20221223,10:29,3.50,3.55,3.50,3.55,350,82800
20221223,10:30,3.50,3.60,3.45,3.50,2850,82800
20221223,10:31,3.55,3.55,3.45,3.55,1400,82800
20221223,10:32,3.45,3.50,3.45,3.50,500,82800
20221223,10:33,3.50,3.50,3.45,3.45,2250,81300
20221223,10:34,3.45,3.50,3.45,3.45,1000,81300
20221223,10:35,3.45,3.45,3.40,3.45,1700,81300
20221223,10:36,3.45,3.50,3.45,3.50,1000,81250
20221223,10:37,3.45,3.55,3.45,3.55,4700,81250
20221223,10:38,3.55,3.60,3.50,3.60,3050,86500
20221223,10:39,3.60,3.65,3.55,3.55,1550,86500
20221223,10:40,3.60,3.60,3.55,3.60,500,86500
20221223,10:41,3.55,3.55,3.50,3.50,4000,88150
20221223,10:42,3.60,3.60,3.55,3.55,200,88150
20221223,10:43,3.55,3.55,3.55,3.55,50,88150
20221223,10:44,3.55,3.55,3.50,3.55,800,88200
20221223,10:45,3.50,3.50,3.45,3.50,800,88200
20221223,10:46,3.50,3.50,3.50,3.50,1500,88200
20221223,10:47,3.45,3.50,3.45,3.50,1150,88200
20221223,10:48,3.45,3.45,3.45,3.45,200,87050
20221223,10:49,3.45,3.45,3.45,3.45,50,87050
20221223,10:50,3.40,3.40,3.40,3.40,550,87150
20221223,10:51,3.40,3.40,3.40,3.40,450,87150
20221223,10:52,3.45,3.45,3.40,3.45,1250,87150
20221223,10:53,3.40,3.40,3.40,3.40,2100,88150
20221223,10:54,3.40,3.40,3.40,3.40,1200,88150
20221223,10:55,3.45,3.45,3.40,3.45,1000,88150
20221223,10:56,3.45,3.45,3.40,3.40,2400,88150
20221223,10:57,3.40,3.45,3.35,3.35,3800,87750
20221223,10:58,3.35,3.40,3.30,3.35,3000,87750
20221223,10:59,3.35,3.40,3.35,3.35,1450,89100
20221223,11:00,3.35,3.35,3.35,3.35,1300,89100
20221223,11:01,3.30,3.35,3.30,3.35,1950,89100
20221223,11:02,3.35,3.35,3.35,3.35,350,91750
20221223,11:03,3.35,3.45,3.35,3.40,2250,91750
20221223,11:04,3.35,3.40,3.35,3.40,300,91750
20221223,11:05,3.40,3.45,3.40,3.40,700,89850
20221223,11:06,3.40,3.45,3.40,3.45,900,89850
20221223,11:07,3.45,3.45,3.45,3.45,550,89850
20221223,11:08,3.45,3.45,3.45,3.45,250,89850
20221223,11:09,3.50,3.50,3.50,3.50,1150,90450
20221223,11:10,3.50,3.50,3.45,3.50,200,90450
20221223,11:11,3.50,3.50,3.45,3.45,300,90450
20221223,11:12,3.45,3.45,3.45,3.45,650,91900
20221223,11:13,3.50,3.55,3.45,3.55,1100,91900
20221223,11:14,3.50,3.50,3.50,3.50,250,91900
20221223,11:15,3.50,3.55,3.50,3.55,650,91350
20221223,11:17,3.45,3.45,3.45,3.45,50,91350
20221223,11:18,3.50,3.60,3.50,3.60,4350,91900
20221223,11:19,3.55,3.60,3.55,3.60,2050,91900
20221223,11:20,3.50,3.55,3.50,3.55,650,96850
20221223,11:21,3.55,3.55,3.55,3.55,950,96850
20221223,11:22,3.55,3.55,3.55,3.55,550,96850
20221223,11:23,3.55,3.55,3.55,3.55,100,96850
20221223,11:25,3.60,3.60,3.60,3.60,200,96000
20221223,11:26,3.55,3.55,3.55,3.55,250,96000
20221223,11:27,3.60,3.60,3.60,3.60,850,96150
20221223,11:28,3.60,3.65,3.60,3.65,250,96150
20221223,11:29,3.60,3.65,3.60,3.65,1800,96200
20221223,11:30,3.65,3.65,3.60,3.65,1100,96200
20221223,11:31,3.65,3.65,3.65,3.65,700,96200
20221223,11:32,3.65,3.75,3.65,3.70,4850,96900
20221223,11:33,3.75,3.75,3.70,3.75,850,96900
20221223,11:34,3.70,3.75,3.70,3.75,700,96900
20221223,11:35,3.70,3.70,3.65,3.70,1200,96900
20221223,11:36,3.70,3.70,3.70,3.70,1000,97500
20221223,11:37,3.60,3.60,3.60,3.60,700,97500
20221223,11:38,3.60,3.60,3.55,3.60,850,97350
20221223,11:40,3.50,3.50,3.50,3.50,600,97350
20221223,11:41,3.45,3.50,3.45,3.50,250,97350
20221223,11:42,3.50,3.50,3.50,3.50,1700,97450
20221223,11:43,3.55,3.65,3.55,3.60,2250,97450
20221223,11:44,3.55,3.60,3.55,3.55,3300,96200
20221223,11:45,3.55,3.55,3.50,3.55,1150,96200
20221223,11:46,3.55,3.60,3.50,3.50,800,96200
20221223,11:47,3.55,3.55,3.45,3.50,7900,91300
20221223,11:48,3.50,3.50,3.45,3.50,2600,91300
20221223,11:49,3.50,3.55,3.50,3.50,1050,91300
20221223,11:50,3.55,3.55,3.45,3.45,3000,91500
20221223,11:51,3.55,3.60,3.50,3.60,2300,91500
20221223,11:52,3.55,3.60,3.50,3.50,1200,91500
20221223,11:53,3.55,3.55,3.55,3.55,1400,92000
20221223,11:54,3.55,3.55,3.50,3.50,4600,92000
20221223,11:55,3.45,3.50,3.45,3.45,5600,92000
20221223,11:56,3.40,3.45,3.40,3.45,300,92000
20221223,11:57,3.45,3.45,3.45,3.45,1850,89400
20221223,11:58,3.45,3.50,3.45,3.45,1700,89400
20221223,11:59,3.45,3.65,3.45,3.65,12350,89400
20221223,12:00,3.65,3.65,3.65,3.65,700,92150
20221223,12:01,3.60,3.60,3.60,3.60,1450,92150
20221223,12:02,3.65,3.65,3.60,3.60,1000,92150
20221223,12:03,3.55,3.55,3.55,3.55,450,91450
20221223,12:04,3.60,3.60,3.60,3.60,2800,91450
20221223,12:05,3.60,3.60,3.55,3.55,1700,91450
20221223,12:06,3.55,3.60,3.55,3.55,500,93350
20221223,12:07,3.55,3.55,3.40,3.40,800,93350
20221223,12:08,3.45,3.45,3.40,3.40,2050,93350
20221223,12:09,3.40,3.40,3.40,3.40,400,93400
20221223,12:10,3.35,3.35,3.35,3.35,4550,93400
20221223,12:11,3.40,3.40,3.35,3.35,950,93400
20221223,12:12,3.35,3.35,3.35,3.35,200,95150
20221223,12:13,3.35,3.40,3.30,3.35,950,95150
20221223,12:14,3.35,3.40,3.35,3.40,350,95150
20221223,12:15,3.40,3.40,3.35,3.40,950,95250
20221223,12:16,3.40,3.45,3.40,3.45,2850,95250
20221223,12:17,3.45,3.45,3.40,3.40,650,95250
20221223,12:18,3.40,3.40,3.30,3.30,1450,93800
20221223,12:19,3.35,3.35,3.30,3.30,1000,93800
20221223,12:20,3.40,3.40,3.35,3.35,1500,93800
20221223,12:21,3.40,3.40,3.35,3.40,550,94200
20221223,12:22,3.35,3.35,3.35,3.35,200,94200
20221223,12:24,3.35,3.35,3.30,3.30,3250,94250
20221223,12:25,3.30,3.40,3.30,3.40,1450,94250
20221223,12:26,3.40,3.50,3.40,3.45,1300,94250
20221223,12:28,3.40,3.45,3.40,3.40,1300,95450
20221223,12:30,3.40,3.40,3.40,3.40,1950,95200
20221223,12:31,3.45,3.45,3.40,3.40,1350,95200
20221223,12:32,3.40,3.40,3.35,3.40,2000,95200
20221223,12:33,3.40,3.40,3.40,3.40,1150,94200
20221223,12:34,3.40,3.40,3.40,3.40,850,94200
20221223,12:35,3.40,3.45,3.40,3.40,250,94200
20221223,12:36,3.40,3.45,3.40,3.45,400,95100
20221223,12:37,3.45,3.45,3.45,3.45,1550,95100
20221223,12:38,3.45,3.45,3.40,3.40,100,95100
20221223,12:40,3.40,3.40,3.40,3.40,100,95100
20221223,12:41,3.40,3.40,3.40,3.40,200,95100
20221223,12:44,3.35,3.35,3.35,3.35,700,93950
20221223,12:46,3.35,3.35,3.35,3.35,50,93450
20221223,12:48,3.35,3.35,3.35,3.35,300,93100
20221223,12:49,3.35,3.40,3.35,3.40,350,93100
20221223,12:50,3.35,3.35,3.35,3.35,200,93100
20221223,12:51,3.35,3.35,3.35,3.35,700,93650
20221223,12:52,3.30,3.35,3.30,3.35,550,93650
20221223,12:53,3.35,3.40,3.35,3.40,3050,93650
20221223,12:54,3.35,3.35,3.35,3.35,2100,95950
20221223,12:55,3.35,3.40,3.35,3.40,450,95950
20221223,12:57,3.40,3.40,3.40,3.40,50,95900
20221223,12:58,3.35,3.35,3.35,3.35,200,95900
20221223,12:59,3.35,3.35,3.35,3.35,1000,95900
20221223,13:00,3.35,3.35,3.35,3.35,50,95900
20221223,13:01,3.35,3.35,3.35,3.35,4850,95900
20221223,13:02,3.35,3.35,3.35,3.35,2600,95900
20221223,13:03,3.35,3.35,3.30,3.35,1850,98300
20221223,13:04,3.35,3.40,3.35,3.35,2050,98300
20221223,13:05,3.35,3.40,3.35,3.35,2000,98300
20221223,13:06,3.35,3.40,3.30,3.35,1200,102550
20221223,13:07,3.35,3.35,3.30,3.35,1250,102550
20221223,13:08,3.35,3.40,3.35,3.40,900,102550
20221223,13:09,3.35,3.35,3.35,3.35,250,102950
20221223,13:10,3.40,3.40,3.35,3.35,1100,102950
20221223,13:11,3.35,3.35,3.30,3.35,1000,102950
20221223,13:12,3.35,3.35,3.30,3.30,200,103000
20221223,13:13,3.35,3.40,3.35,3.40,1100,103000
20221223,13:14,3.40,3.40,3.35,3.40,750,103000
20221223,13:15,3.35,3.35,3.30,3.35,1250,104400
20221223,13:16,3.35,3.35,3.35,3.35,1000,104400
20221223,13:17,3.30,3.35,3.30,3.35,950,104400
20221223,13:19,3.35,3.35,3.35,3.35,3100,105200
20221223,13:20,3.35,3.40,3.35,3.35,2650,105200
20221223,13:21,3.35,3.40,3.35,3.35,3150,111900
20221223,13:22,3.40,3.40,3.40,3.40,50,111900
20221223,13:24,3.35,3.35,3.35,3.35,50,111900
20221223,13:25,3.35,3.35,3.35,3.35,450,112650
20221223,13:26,3.35,3.35,3.35,3.35,700,112650
20221223,13:27,3.35,3.35,3.35,3.35,350,112050
20221223,13:28,3.30,3.35,3.30,3.35,650,112050
20221223,13:29,3.25,3.25,3.25,3.25,1800,112050
20221223,13:30,3.35,3.35,3.30,3.30,950,111050
20221223,13:31,3.35,3.35,3.30,3.30,2400,111050
20221223,13:32,3.35,3.35,3.30,3.30,850,111050
20221223,13:33,3.35,3.35,3.35,3.35,250,110950
20221223,13:34,3.35,3.35,3.30,3.35,300,110950
20221223,13:35,3.35,3.40,3.35,3.40,600,110950
20221223,13:36,3.35,3.35,3.35,3.35,250,111250
20221223,13:37,3.40,3.40,3.40,3.40,900,111250
20221223,13:38,3.40,3.45,3.40,3.45,7750,111250
20221223,13:39,3.45,3.45,3.40,3.40,2600,117600
20221223,13:40,3.35,3.40,3.35,3.35,1100,117600
20221223,13:41,3.40,3.40,3.40,3.40,650,117600
20221223,13:42,3.40,3.40,3.40,3.40,50,117600
20221223,13:43,3.45,3.45,3.45,3.45,100,118450
20221223,13:44,3.45,3.50,3.40,3.50,1150,118450
20221223,13:45,3.45,3.50,3.40,3.40,850,117850
20221223,13:47,3.40,3.40,3.35,3.35,750,117850
20221223,13:48,3.35,3.40,3.35,3.40,2100,117000
20221223,13:49,3.40,3.45,3.40,3.40,1900,117000
20221223,13:50,3.45,3.45,3.45,3.45,250,117000
20221223,13:51,3.45,3.45,3.40,3.40,150,116200
20221223,13:52,3.40,3.50,3.40,3.50,650,116200
20221223,13:53,3.50,3.50,3.45,3.50,1400,116200
20221223,13:54,3.50,3.55,3.50,3.55,350,116000
20221223,13:55,3.45,3.50,3.45,3.50,450,116000
20221223,13:56,3.50,3.50,3.50,3.50,150,116000
20221223,13:57,3.50,3.50,3.50,3.50,250,116650
20221223,13:59,3.50,3.50,3.50,3.50,350,116650
20221223,14:00,3.55,3.55,3.50,3.50,1150,115350
20221223,14:01,3.60,3.65,3.60,3.65,3200,115350
20221223,14:02,3.65,3.85,3.65,3.80,6000,115350
20221223,14:03,3.80,3.80,3.75,3.80,450,116800
20221223,14:04,3.80,3.80,3.80,3.80,100,116800
20221223,14:05,3.75,3.80,3.70,3.75,3400,116800
20221223,14:06,3.75,3.75,3.50,3.60,3600,113800
20221223,14:07,3.60,3.60,3.60,3.60,100,113800
20221223,14:09,3.60,3.65,3.60,3.65,400,113550
20221223,14:10,3.65,3.65,3.60,3.65,450,113550
20221223,14:11,3.65,3.65,3.65,3.65,100,113550
20221223,14:12,3.65,3.70,3.65,3.65,4700,111600
20221223,14:13,3.65,3.75,3.60,3.75,1050,111600
20221223,14:14,3.65,3.75,3.65,3.75,3350,111600
20221223,14:15,3.75,3.80,3.75,3.75,400,111900
20221223,14:16,3.80,3.85,3.80,3.80,850,111900
20221223,14:17,3.75,3.85,3.75,3.85,300,111900
20221223,14:18,3.85,3.85,3.75,3.75,150,112500
20221223,14:19,3.75,3.80,3.75,3.75,800,112500
20221223,14:20,3.85,3.85,3.80,3.80,550,112500
20221223,14:21,3.80,3.80,3.80,3.80,350,112650
20221223,14:22,3.80,3.80,3.80,3.80,100,112650
20221223,14:23,3.85,3.85,3.80,3.80,500,112650
20221223,14:24,3.80,3.80,3.80,3.80,500,112650
20221223,14:25,3.80,3.85,3.75,3.85,1000,112900
20221223,14:26,3.75,3.80,3.70,3.75,3100,112900
20221223,14:27,3.60,3.70,3.55,3.55,1350,113050
20221223,14:28,3.60,3.60,3.55,3.55,1250,113050
20221223,14:29,3.55,3.60,3.55,3.60,1100,113050
20221223,14:30,3.60,3.70,3.60,3.70,2050,112500
20221223,14:31,3.60,3.65,3.55,3.65,1550,112500
20221223,14:32,3.60,3.60,3.60,3.60,100,112500
20221223,14:33,3.65,3.65,3.60,3.60,1250,112450
20221223,14:34,3.65,3.65,3.60,3.65,1950,112450
20221223,14:35,3.60,3.65,3.60,3.60,450,112450
20221223,14:36,3.60,3.60,3.60,3.60,250,114150
20221223,14:37,3.55,3.55,3.55,3.55,100,114150
20221223,14:38,3.60,3.60,3.60,3.60,300,114150
20221223,14:39,3.65,3.65,3.60,3.60,400,114650
20221223,14:40,3.60,3.65,3.60,3.65,350,114650
20221223,14:41,3.70,3.70,3.65,3.65,2200,114650
20221223,14:42,3.65,3.70,3.60,3.70,2750,114900
20221223,14:43,3.60,3.65,3.60,3.65,400,114900
20221223,14:44,3.70,3.70,3.65,3.65,550,114900
20221223,14:45,3.65,3.65,3.65,3.65,500,114200
20221223,14:46,3.65,3.70,3.65,3.65,3200,114200
20221223,14:48,3.65,3.65,3.65,3.65,100,114200
20221223,14:49,3.65,3.65,3.65,3.65,50,115700
20221223,14:50,3.65,3.65,3.65,3.65,650,115700
20221223,14:51,3.75,3.75,3.60,3.60,3450,115550
20221223,14:52,3.65,3.65,3.65,3.65,1050,115550
20221223,14:53,3.70,3.75,3.70,3.75,2000,115550
20221223,14:55,3.80,3.80,3.75,3.75,400,114350
20221223,14:56,3.75,3.75,3.75,3.75,850,114350
20221223,14:57,3.80,3.80,3.75,3.75,1950,114400
20221223,14:58,3.75,3.80,3.75,3.80,700,114400
20221223,14:59,3.80,3.90,3.80,3.90,6600,114400
20221223,15:00,3.90,4.00,3.85,3.95,4150,116450
20221223,15:01,3.95,4.00,3.85,3.90,2100,116450
20221223,15:02,4.00,4.00,3.80,3.80,8550,116450
20221223,15:03,3.85,3.85,3.80,3.80,1550,114850
20221223,15:04,3.80,3.85,3.70,3.75,12200,114850
20221223,15:05,3.80,3.85,3.70,3.80,6550,114850
20221223,15:06,3.85,4.15,3.80,4.00,12550,116550
20221223,15:07,4.15,4.30,4.05,4.25,16800,116550
20221223,15:08,4.25,4.30,4.15,4.20,5150,116550
20221223,15:09,4.25,4.25,4.20,4.25,4700,118850
20221223,15:10,4.20,4.20,4.00,4.20,11400,118850
20221223,15:11,4.15,4.15,3.95,4.10,8400,118850
20221223,15:12,4.05,4.05,3.85,3.95,6750,115350
20221223,15:13,3.85,4.00,3.80,3.95,14550,115350
20221223,15:14,3.85,4.00,3.85,4.00,12900,115350
20221223,15:15,3.95,3.95,3.70,3.75,27200,117100
20221223,15:16,3.70,3.75,3.65,3.70,3900,117100
20221223,15:17,3.70,3.75,3.70,3.75,2100,117100
20221223,15:18,3.80,3.80,3.75,3.75,1550,111600
20221223,15:19,3.75,3.80,3.70,3.80,1700,111600
20221223,15:20,3.75,3.90,3.70,3.85,13300,111600
20221223,15:21,3.85,3.85,3.70,3.85,30100,116150
20221223,15:22,3.85,3.85,3.60,3.60,18750,116150
20221223,15:23,3.65,3.70,3.65,3.65,1300,116150
20221223,15:24,3.75,3.80,3.70,3.75,9100,135850
20221223,15:25,3.75,3.80,3.60,3.60,7750,135850
20221223,15:26,3.60,3.65,3.55,3.60,3550,135850
20221223,15:27,3.65,3.75,3.60,3.75,7150,131400
20221223,15:28,3.75,3.75,3.60,3.70,8800,131400
20221223,15:29,3.60,3.70,3.30,3.30,27550,131400
20221226,09:15,3.45,3.55,2.70,2.80,12252,127550
20221226,09:16,2.80,3.55,2.75,3.55,13250,127550
20221226,09:17,3.50,3.60,3.45,3.50,17000,142000
20221226,09:18,3.50,3.65,3.50,3.60,24300,142000
20221226,09:19,3.60,3.60,3.35,3.35,14800,142000
20221226,09:20,3.35,3.45,3.10,3.20,24900,156200
20221226,09:21,3.15,3.35,3.05,3.20,28600,156200
20221226,09:22,3.10,3.10,3.00,3.05,9650,156200
20221226,09:23,3.05,3.05,2.95,3.05,5350,172250
20221226,09:24,3.00,3.05,3.00,3.00,5650,172250
20221226,09:25,3.05,3.05,2.90,2.90,9150,172250
20221226,09:26,2.95,3.00,2.90,2.90,11250,180250
20221226,09:27,2.95,2.95,2.80,2.85,13250,180250
20221226,09:28,2.85,2.90,2.80,2.85,25950,180250
20221226,09:29,2.85,2.85,2.75,2.85,13250,187600
20221226,09:30,2.80,2.85,2.75,2.80,9650,187600
20221226,09:31,2.85,2.90,2.80,2.90,12400,187600
20221226,09:32,2.90,2.90,2.90,2.90,9600,191750
20221226,09:33,2.90,2.90,2.85,2.90,4900,191750
20221226,09:34,2.90,2.90,2.85,2.85,2000,191750
20221226,09:35,2.85,2.85,2.55,2.55,15300,187300
20221226,09:36,2.55,2.55,2.50,2.55,4600,187300
20221226,09:37,2.55,2.55,2.45,2.55,11200,187300
20221226,09:38,2.55,2.55,2.50,2.50,1800,184700
20221226,09:39,2.55,2.55,2.50,2.50,10400,184700
20221226,09:40,2.50,2.50,2.45,2.50,2150,184700
20221226,09:41,2.55,2.55,2.50,2.50,500,181750
20221226,09:42,2.50,2.50,2.45,2.45,2800,181750
20221226,09:43,2.45,2.45,2.40,2.40,5000,181750
20221226,09:44,2.40,2.45,2.40,2.40,6750,175200
20221226,09:45,2.40,2.45,2.40,2.45,9850,175200
20221226,09:46,2.45,2.45,2.40,2.40,5450,175200
20221226,09:47,2.45,2.50,2.40,2.45,14400,167950
20221226,09:48,2.45,2.50,2.40,2.45,6550,167950
20221226,09:49,2.45,2.50,2.40,2.45,6200,167950
20221226,09:50,2.40,2.45,2.30,2.30,19550,155250
20221226,09:51,2.30,2.30,2.25,2.25,8900,155250
20221226,09:52,2.25,2.30,2.25,2.30,7650,155250
20221226,09:53,2.25,2.30,2.25,2.30,6650,153450
20221226,09:55,2.30,2.30,2.30,2.30,9950,153450
20221226,09:56,2.30,2.35,2.30,2.35,450,152100
20221226,09:57,2.35,2.35,2.35,2.35,6500,152100
20221226,09:58,2.40,2.40,2.40,2.40,11950,152100
20221226,09:59,2.35,2.40,2.35,2.40,400,152100
20221226,10:00,2.40,2.40,2.40,2.40,1000,156000
20221226,10:01,2.40,2.40,2.35,2.35,4700,156000
20221226,10:02,2.35,2.40,2.30,2.35,10850,153600
20221226,10:03,2.30,2.40,2.30,2.35,2750,153600
20221226,10:04,2.35,2.35,2.35,2.35,500,153600
20221226,10:05,2.40,2.40,2.35,2.40,2750,162750
20221226,10:06,2.40,2.40,2.35,2.35,15900,162750
20221226,10:07,2.35,2.35,2.30,2.30,8150,162750
20221226,10:08,2.35,2.40,2.35,2.35,2550,149800
20221226,10:09,2.35,2.40,2.35,2.35,500,149800
20221226,10:10,2.35,2.40,2.35,2.35,2850,149800
20221226,10:11,2.35,2.35,2.30,2.35,5800,153250
20221226,10:12,2.35,2.40,2.35,2.40,1050,153250
20221226,10:14,2.35,2.40,2.35,2.35,1900,153500
20221226,10:15,2.35,2.35,2.35,2.35,650,153500
20221226,10:16,2.35,2.35,2.35,2.35,900,153500
20221226,10:17,2.35,2.35,2.35,2.35,800,152250
20221226,10:18,2.35,2.35,2.35,2.35,350,152250
20221226,10:19,2.35,2.35,2.30,2.35,3350,152250
20221226,10:20,2.35,2.35,2.30,2.35,2050,153650
20221226,10:21,2.30,2.35,2.30,2.35,5050,153650
20221226,10:22,2.35,2.40,2.35,2.35,2900,153650
20221226,10:23,2.40,2.40,2.35,2.35,550,155000
20221226,10:24,2.35,2.35,2.35,2.35,2650,155000
20221226,10:25,2.35,2.35,2.25,2.25,5900,155000
20221226,10:26,2.25,2.25,2.25,2.25,2150,147550
20221226,10:27,2.25,2.25,2.25,2.25,650,147550
20221226,10:28,2.25,2.25,2.25,2.25,150,147550
20221226,10:30,2.25,2.25,2.25,2.25,50,149800
20221226,10:31,2.30,2.30,2.30,2.30,300,149800
20221226,10:32,2.20,2.25,2.20,2.25,10050,154550
20221226,10:33,2.25,2.25,2.20,2.25,2250,154550
20221226,10:34,2.25,2.25,2.25,2.25,2050,154550
20221226,10:35,2.25,2.25,2.25,2.25,1600,155550
20221226,10:36,2.25,2.30,2.25,2.25,2550,155550
20221226,10:37,2.25,2.25,2.20,2.20,500,155550
20221226,10:38,2.20,2.20,2.20,2.20,6850,155550
20221226,10:39,2.20,2.20,2.15,2.15,4100,156200
20221226,10:40,2.15,2.20,2.15,2.20,700,156200
20221226,10:41,2.20,2.20,2.20,2.20,2500,159550
20221226,10:42,2.20,2.20,2.15,2.15,400,159550
20221226,10:43,2.20,2.20,2.20,2.20,1000,159550
20221226,10:44,2.20,2.20,2.20,2.20,6650,157000
20221226,10:45,2.20,2.20,2.20,2.20,2350,157000
20221226,10:50,2.15,2.15,2.10,2.10,3700,153050
20221226,10:51,2.15,2.15,2.15,2.15,1800,153050
20221226,10:52,2.15,2.15,2.15,2.15,4650,153050
20221226,10:53,2.15,2.15,2.15,2.15,4850,156000
20221226,10:54,2.15,2.20,2.15,2.15,4050,156000
20221226,10:55,2.15,2.20,2.15,2.20,1900,156000
20221226,10:56,2.20,2.20,2.20,2.20,3100,157450
20221226,10:57,2.20,2.20,2.20,2.20,50,157450
20221226,10:58,2.20,2.20,2.15,2.15,2750,157450
20221226,10:59,2.15,2.20,2.15,2.15,1600,157450
20221226,11:00,2.15,2.20,2.15,2.15,4250,159450
20221226,11:01,2.20,2.20,2.20,2.20,3650,159450
20221226,11:02,2.20,2.20,2.20,2.20,500,159450
20221226,11:03,2.20,2.20,2.15,2.15,750,160600
20221226,11:04,2.15,2.15,2.15,2.15,250,160600
20221226,11:05,2.15,2.20,2.15,2.20,1500,159100
20221226,11:06,2.20,2.20,2.20,2.20,3200,159100
20221226,11:07,2.20,2.20,2.20,2.20,1500,159100
20221226,11:08,2.15,2.20,2.15,2.20,1150,159100
20221226,11:09,2.20,2.25,2.20,2.20,3250,163200
20221226,11:10,2.20,2.20,2.20,2.20,800,163200
20221226,11:11,2.20,2.20,2.15,2.15,2850,161200
20221226,11:12,2.20,2.20,2.20,2.20,400,161200
20221226,11:13,2.15,2.15,2.15,2.15,200,161200
20221226,11:15,2.20,2.20,2.20,2.20,750,160250
20221226,11:16,2.20,2.25,2.20,2.20,1550,160250
20221226,11:17,2.20,2.20,2.20,2.20,1650,160250
20221226,11:18,2.20,2.20,2.20,2.20,300,160350
20221226,11:19,2.20,2.20,2.20,2.20,750,160350
20221226,11:20,2.20,2.20,2.20,2.20,750,160350
20221226,11:21,2.25,2.25,2.25,2.25,1000,159700
20221226,11:22,2.25,2.25,2.20,2.25,5700,159700
20221226,11:23,2.25,2.30,2.25,2.25,1350,159600
20221226,11:24,2.25,2.25,2.25,2.25,500,159600
20221226,11:25,2.25,2.25,2.25,2.25,500,159600
20221226,11:26,2.25,2.25,2.25,2.25,50,159600
20221226,11:27,2.25,2.25,2.25,2.25,1550,157500
20221226,11:28,2.30,2.30,2.30,2.30,1500,157500
20221226,11:29,2.25,2.30,2.25,2.30,4250,157500
20221226,11:30,2.30,2.35,2.30,2.35,1500,155500
20221226,11:32,2.30,2.30,2.30,2.30,650,155500
20221226,11:33,2.35,2.35,2.30,2.35,800,156800
20221226,11:35,2.30,2.30,2.30,2.30,1100,156800
20221226,11:36,2.30,2.35,2.30,2.30,1800,156800
20221226,11:37,2.30,2.30,2.30,2.30,1550,156800
20221226,11:38,2.30,2.35,2.30,2.35,2000,157550
20221226,11:39,2.35,2.35,2.30,2.30,3100,157550
20221226,11:40,2.30,2.35,2.30,2.30,5500,157550
20221226,11:41,2.35,2.35,2.35,2.35,800,157550
20221226,11:42,2.35,2.35,2.30,2.35,1600,159900
20221226,11:43,2.35,2.35,2.30,2.30,1900,159900
20221226,11:44,2.30,2.30,2.30,2.30,200,159900
20221226,11:45,2.30,2.30,2.30,2.30,800,160500
20221226,11:46,2.35,2.35,2.30,2.30,1000,160500
20221226,11:47,2.30,2.30,2.30,2.30,1300,160500
20221226,11:48,2.30,2.30,2.30,2.30,1450,159550
20221226,11:49,2.30,2.30,2.30,2.30,250,159550
20221226,11:50,2.30,2.35,2.30,2.30,750,159550
20221226,11:51,2.30,2.30,2.25,2.25,2100,157650
20221226,11:52,2.30,2.30,2.25,2.25,950,157650
20221226,11:53,2.25,2.30,2.20,2.20,1450,157650
20221226,11:54,2.20,2.20,2.20,2.20,5750,154650
20221226,11:55,2.20,2.20,2.20,2.20,250,154650
20221226,11:56,2.20,2.20,2.20,2.20,900,154650
20221226,11:57,2.20,2.20,2.20,2.20,250,151400
20221226,11:58,2.25,2.25,2.25,2.25,100,151400
20221226,11:59,2.25,2.25,2.25,2.25,50,151400
20221226,12:01,2.20,2.20,2.20,2.20,550,151800
20221226,12:02,2.20,2.20,2.20,2.20,100,151800
20221226,12:03,2.20,2.20,2.20,2.20,250,152000
20221226,12:04,2.20,2.20,2.20,2.20,300,152000
20221226,12:05,2.20,2.20,2.20,2.20,3650,152000
20221226,12:06,2.20,2.20,2.20,2.20,650,151250
20221226,12:07,2.20,2.20,2.20,2.20,600,151250
20221226,12:08,2.20,2.25,2.20,2.20,1250,151250
20221226,12:09,2.20,2.20,2.15,2.15,3250,151100
20221226,12:10,2.15,2.15,2.15,2.15,750,151100
20221226,12:11,2.15,2.15,2.15,2.15,50,151100
20221226,12:13,2.15,2.15,2.15,2.15,500,151000
20221226,12:14,2.15,2.15,2.15,2.15,1050,151000
20221226,12:15,2.20,2.20,2.20,2.20,200,151000
20221226,12:16,2.15,2.15,2.15,2.15,500,150950
20221226,12:18,2.15,2.15,2.15,2.15,1600,150600
20221226,12:19,2.20,2.20,2.15,2.15,4450,150600
20221226,12:20,2.15,2.20,2.15,2.20,1800,150600
20221226,12:21,2.20,2.20,2.15,2.15,2500,153850
20221226,12:23,2.20,2.20,2.20,2.20,550,153850
20221226,12:24,2.20,2.20,2.20,2.20,50,153850
20221226,12:26,2.15,2.15,2.10,2.10,950,153550
20221226,12:27,2.10,2.10,2.10,2.10,10350,154150
20221226,12:28,2.10,2.10,2.10,2.10,500,154150
20221226,12:29,2.10,2.10,2.10,2.10,850,154150
20221226,12:30,2.10,2.10,2.10,2.10,950,159350
20221226,12:31,2.15,2.15,2.10,2.10,850,159350
20221226,12:32,2.10,2.10,2.05,2.05,7650,159350
20221226,12:33,2.10,2.10,2.05,2.05,3100,163200
20221226,12:34,2.10,2.10,2.10,2.10,200,163200
20221226,12:35,2.10,2.10,2.10,2.10,100,163200
20221226,12:36,2.05,2.05,2.05,2.05,500,162250
20221226,12:37,2.05,2.10,2.05,2.05,2150,162250
20221226,12:38,2.05,2.05,2.00,2.00,3600,162250
20221226,12:39,2.00,2.05,1.95,1.95,4750,160500
20221226,12:40,2.00,2.00,1.95,1.95,1200,160500
20221226,12:41,1.95,1.95,1.95,1.95,800,160500
20221226,12:42,1.95,1.95,1.95,1.95,850,159800
20221226,12:43,1.95,1.95,1.95,1.95,200,159800
20221226,12:47,1.95,1.95,1.95,1.95,250,159800
20221226,12:49,1.95,1.95,1.95,1.95,250,159650
20221226,12:50,1.95,1.95,1.95,1.95,1100,159650
20221226,12:51,1.95,1.95,1.95,1.95,1200,159650
20221226,12:52,1.95,1.95,1.95,1.95,800,158600
20221226,12:54,1.95,1.95,1.90,1.90,2350,159250
20221226,12:55,1.90,1.95,1.90,1.90,3500,159250
20221226,12:56,1.90,1.95,1.90,1.90,1000,159250
20221226,12:57,1.90,1.90,1.90,1.90,250,159250
20221226,12:58,1.90,1.90,1.90,1.90,750,159250
20221226,12:59,1.95,1.95,1.90,1.95,4100,159250
20221226,13:00,1.95,1.95,1.90,1.90,2950,160750
20221226,13:01,1.90,1.90,1.90,1.90,500,160750
20221226,13:02,1.95,1.95,1.90,1.90,2050,160750
20221226,13:03,1.90,1.90,1.90,1.90,1450,158350
20221226,13:04,1.90,1.90,1.85,1.90,2800,158350
20221226,13:05,1.90,1.90,1.90,1.90,50,158350
20221226,13:07,1.85,1.90,1.85,1.90,250,158750
20221226,13:08,1.90,1.90,1.85,1.90,1100,158750
20221226,13:09,1.90,1.90,1.90,1.90,200,158900
20221226,13:10,1.90,1.90,1.90,1.90,200,158900
20221226,13:11,1.90,1.90,1.90,1.90,1100,158900
20221226,13:12,1.85,1.90,1.85,1.90,550,159100
20221226,13:14,1.85,1.90,1.85,1.90,950,159100
20221226,13:15,1.85,1.90,1.85,1.85,1800,158900
20221226,13:18,1.90,1.90,1.90,1.90,200,158650
20221226,13:23,1.85,1.85,1.85,1.85,50,158850
20221226,13:25,1.90,1.90,1.90,1.90,500,158850
20221226,13:26,1.90,1.90,1.90,1.90,1300,158850
20221226,13:27,1.90,1.90,1.90,1.90,450,158550
20221226,13:28,1.90,1.90,1.90,1.90,50,158550
20221226,13:30,1.90,1.90,1.90,1.90,1250,158450
20221226,13:31,1.90,1.90,1.90,1.90,300,158450
20221226,13:32,1.90,1.90,1.85,1.90,4150,158450
20221226,13:33,1.90,1.90,1.85,1.85,1650,157750
20221226,13:34,1.85,1.90,1.85,1.90,1350,157750
20221226,13:35,1.90,1.90,1.90,1.90,500,157750
20221226,13:36,1.90,1.90,1.90,1.90,150,157950
20221226,13:37,1.90,1.90,1.90,1.90,200,157950
20221226,13:38,1.90,1.90,1.85,1.85,2000,157950
20221226,13:39,1.85,1.85,1.85,1.85,2950,157950
20221226,13:41,1.90,1.90,1.85,1.90,1200,158950
20221226,13:42,1.90,1.95,1.90,1.95,3400,158600
20221226,13:43,2.00,2.00,2.00,2.00,5000,158600
20221226,13:44,2.05,2.10,2.00,2.10,2000,158600
20221226,13:45,2.05,2.05,2.05,2.05,700,159300
20221226,13:46,2.10,2.10,2.05,2.05,1550,159300
20221226,13:47,2.05,2.10,2.05,2.10,1900,159300
20221226,13:48,2.05,2.10,2.05,2.10,1400,160150
20221226,13:49,2.10,2.10,2.05,2.05,3250,160150
20221226,13:50,2.10,2.10,2.00,2.05,6550,160150
20221226,13:51,2.05,2.15,2.05,2.15,13050,171150
20221226,13:52,2.15,2.15,2.15,2.15,800,171150
20221226,13:53,2.15,2.15,2.15,2.15,600,171150
20221226,13:55,2.15,2.15,2.15,2.15,750,171500
20221226,13:56,2.10,2.10,2.10,2.10,350,171500
20221226,13:57,2.10,2.10,2.10,2.10,450,171100
20221226,13:58,2.10,2.10,2.10,2.10,500,171100
20221226,14:00,2.10,2.10,2.10,2.10,1300,170450
20221226,14:01,2.10,2.10,2.05,2.05,350,170450
20221226,14:02,2.05,2.10,2.05,2.05,3250,170450
20221226,14:03,2.05,2.05,2.00,2.00,4300,168450
20221226,14:04,2.00,2.00,2.00,2.00,2600,168450
20221226,14:05,2.00,2.05,1.95,2.00,3500,168450
20221226,14:06,2.00,2.00,2.00,2.00,3350,165600
20221226,14:07,2.00,2.05,2.00,2.00,1750,165600
20221226,14:08,2.00,2.05,2.00,2.00,2350,165600
20221226,14:09,2.05,2.05,2.00,2.00,400,165150
20221226,14:10,2.00,2.00,2.00,2.00,150,165150
20221226,14:11,2.05,2.05,2.00,2.00,1500,165150
20221226,14:12,2.00,2.00,2.00,2.00,1850,163100
20221226,14:14,2.00,2.00,1.95,1.95,3100,163100
20221226,14:15,2.00,2.00,2.00,2.00,50,163100
20221226,14:17,2.00,2.00,1.95,1.95,1750,161650
20221226,14:18,2.00,2.00,2.00,2.00,50,161600
20221226,14:20,1.95,1.95,1.95,1.95,200,161600
20221226,14:21,2.00,2.00,1.95,2.00,2200,161200
20221226,14:22,2.00,2.00,2.00,2.00,300,161200
20221226,14:23,1.95,1.95,1.95,1.95,100,161200
20221226,14:24,1.95,1.95,1.95,1.95,600,163100
20221226,14:26,1.95,2.00,1.95,1.95,1150,163100
20221226,14:27,1.95,1.95,1.95,1.95,1250,162000
20221226,14:28,1.95,1.95,1.95,1.95,250,162000
20221226,14:29,1.95,1.95,1.95,1.95,150,162000
20221226,14:30,1.95,2.00,1.95,1.95,3150,162300
20221226,14:31,1.95,1.95,1.90,1.90,2650,162300
20221226,14:32,1.90,1.90,1.90,1.90,800,162300
20221226,14:33,1.85,1.90,1.85,1.90,950,162100
20221226,14:34,1.90,1.95,1.90,1.95,1150,162100
20221226,14:35,1.90,1.95,1.85,1.90,10700,162100
20221226,14:36,1.90,1.95,1.90,1.95,1700,162100
20221226,14:37,1.95,1.95,1.90,1.90,650,162200
20221226,14:38,1.95,1.95,1.95,1.95,250,162200
20221226,14:39,1.90,1.90,1.90,1.90,2250,162000
20221226,14:40,1.90,1.95,1.85,1.95,1800,162000
20221226,14:41,1.90,1.95,1.90,1.90,1050,162000
20221226,14:42,1.95,1.95,1.90,1.95,1600,162000
20221226,14:43,1.95,1.95,1.95,1.95,2100,160500
20221226,14:44,1.95,2.00,1.95,2.00,3050,160500
20221226,14:45,1.90,1.90,1.90,1.90,1650,159600
20221226,14:46,1.90,1.90,1.90,1.90,1800,159600
20221226,14:47,1.90,1.95,1.90,1.95,300,159600
20221226,14:48,1.95,2.00,1.95,2.00,3750,159900
20221226,14:49,1.95,1.95,1.90,1.95,6500,159900
20221226,14:50,2.00,2.05,2.00,2.05,2250,159900
20221226,14:51,2.10,2.10,2.05,2.05,1150,160950
20221226,14:52,2.10,2.15,2.10,2.10,1150,160950
20221226,14:53,2.10,2.10,2.10,2.10,150,160950
20221226,14:54,2.10,2.10,2.10,2.10,250,160950
20221226,14:55,2.10,2.20,2.10,2.20,7450,160750
20221226,14:56,2.20,2.30,2.15,2.25,8800,160750
20221226,14:57,2.25,2.35,2.25,2.25,3850,167400
20221226,14:58,2.25,2.25,2.15,2.15,7050,167400
20221226,14:59,2.20,2.20,2.15,2.20,4450,167400
20221226,15:00,2.20,2.25,2.20,2.20,2250,167400
20221226,15:02,2.20,2.25,2.15,2.20,3750,176700
20221226,15:03,2.20,2.20,2.15,2.20,3250,175800
20221226,15:04,2.20,2.20,2.15,2.20,1500,175800
20221226,15:05,2.20,2.20,2.15,2.15,3900,175800
20221226,15:06,2.15,2.15,2.10,2.10,300,175800
20221226,15:07,2.10,2.10,2.10,2.10,900,176950
20221226,15:08,2.05,2.05,1.95,1.95,1350,176950
20221226,15:09,2.00,2.00,1.95,1.95,3150,177000
20221226,15:10,1.95,2.00,1.95,2.00,4050,177000
20221226,15:11,2.00,2.00,1.80,1.90,6400,177000
20221226,15:12,1.85,1.85,1.75,1.80,9500,176200
20221226,15:13,1.80,1.80,1.75,1.80,7150,176200
20221226,15:14,1.80,1.80,1.60,1.70,8450,176200
20221226,15:15,1.70,1.70,1.65,1.65,13350,180450
20221226,15:16,1.65,1.70,1.65,1.65,8050,180450
20221226,15:17,1.70,1.70,1.55,1.60,24550,180450
20221226,15:18,1.65,1.65,1.60,1.60,3750,180450
20221226,15:19,1.60,1.65,1.60,1.65,4300,177550
20221226,15:20,1.65,1.65,1.60,1.65,7550,177550
20221226,15:21,1.60,1.70,1.60,1.70,11900,169300
20221226,15:22,1.70,1.75,1.65,1.65,5050,169300
20221226,15:23,1.65,1.65,1.55,1.55,15300,169300
20221226,15:24,1.55,1.70,1.55,1.70,5800,158450
20221226,15:25,1.65,1.65,1.60,1.60,8000,158450
20221226,15:26,1.55,1.55,1.50,1.50,2450,158450
20221226,15:27,1.55,1.65,1.50,1.65,6800,144100
20221226,15:28,1.60,1.65,1.60,1.60,9200,144100
20221226,15:29,1.70,2.50,1.65,2.50,9950,144100
20221227,09:15,1.55,2.25,1.30,1.80,5651,142200
20221227,09:16,1.75,1.95,1.70,1.80,9700,142200
20221227,09:17,1.80,1.85,1.70,1.70,4850,142800
20221227,09:18,1.70,1.70,1.70,1.70,1350,142800
20221227,09:19,1.70,1.70,1.65,1.65,4950,142800
20221227,09:20,1.65,1.80,1.65,1.80,5150,143750
20221227,09:21,1.75,1.85,1.75,1.75,8900,143750
20221227,09:22,1.75,1.80,1.75,1.75,3800,143750
20221227,09:23,1.75,1.80,1.75,1.80,750,137700
20221227,09:24,1.80,1.80,1.80,1.80,350,137700
20221227,09:25,1.80,1.80,1.80,1.80,100,137700
20221227,09:26,1.85,1.85,1.80,1.85,1000,137700
20221227,09:27,1.85,1.85,1.85,1.85,700,137200
20221227,09:28,1.85,1.85,1.80,1.80,2400,137200
20221227,09:29,1.75,1.80,1.75,1.80,450,137200
20221227,09:30,1.75,1.80,1.70,1.70,3500,138750
20221227,09:31,1.70,1.75,1.70,1.70,5800,138750
20221227,09:32,1.70,1.75,1.65,1.70,8200,136000
20221227,09:33,1.75,1.75,1.65,1.65,6250,136000
20221227,09:34,1.70,1.75,1.65,1.70,2250,136000
20221227,09:35,1.70,1.75,1.65,1.65,8400,136000
20221227,09:36,1.70,1.75,1.60,1.70,7850,135500
20221227,09:37,1.75,1.75,1.75,1.75,1350,135500
20221227,09:38,1.75,1.80,1.60,1.60,9800,134950
20221227,09:39,1.55,1.70,1.55,1.65,4600,134950
20221227,09:40,1.65,1.65,1.55,1.65,6100,134950
20221227,09:41,1.60,1.60,1.55,1.55,1300,132350
20221227,09:42,1.50,1.60,1.50,1.55,2350,132350
20221227,09:43,1.60,1.60,1.55,1.60,2000,132350
20221227,09:44,1.60,1.60,1.55,1.55,4950,131900
20221227,09:45,1.55,1.55,1.55,1.55,750,131900
20221227,09:46,1.60,1.60,1.60,1.60,5600,131900
20221227,09:47,1.60,1.60,1.60,1.60,50,131900
20221227,09:48,1.60,1.60,1.55,1.55,2850,131950
20221227,09:49,1.60,1.65,1.60,1.60,550,131950
20221227,09:50,1.60,1.60,1.60,1.60,2750,131950
20221227,09:51,1.55,1.60,1.55,1.60,800,131300
20221227,09:52,1.55,1.55,1.55,1.55,4900,131300
20221227,09:55,1.60,1.60,1.60,1.60,1200,129650
20221227,09:56,1.60,1.60,1.60,1.60,550,129650
20221227,09:57,1.60,1.60,1.60,1.60,250,129950
20221227,09:58,1.60,1.65,1.60,1.65,750,129950
20221227,09:59,1.60,1.60,1.55,1.55,900,130350
20221227,10:00,1.55,1.55,1.55,1.55,4400,130350
20221227,10:01,1.55,1.55,1.55,1.55,1500,130350
20221227,10:02,1.55,1.55,1.55,1.55,1000,126600
20221227,10:03,1.55,1.55,1.55,1.55,50,126600
20221227,10:04,1.55,1.55,1.55,1.55,200,126600
20221227,10:05,1.55,1.60,1.55,1.60,100,127000
20221227,10:06,1.60,1.60,1.55,1.55,2000,127000
20221227,10:07,1.55,1.55,1.55,1.55,350,127000
20221227,10:08,1.60,1.60,1.55,1.55,800,127450
20221227,10:09,1.55,1.55,1.55,1.55,150,127450
20221227,10:10,1.60,1.60,1.55,1.55,850,127450
20221227,10:11,1.55,1.55,1.50,1.50,1350,127450
20221227,10:12,1.55,1.60,1.55,1.60,1450,128050
20221227,10:13,1.60,1.65,1.60,1.65,1100,128050
20221227,10:15,1.60,1.60,1.60,1.60,450,128450
20221227,10:17,1.60,1.60,1.60,1.60,250,128450
20221227,10:18,1.60,1.60,1.55,1.55,3200,128350
20221227,10:19,1.60,1.65,1.60,1.65,2050,128350
20221227,10:20,1.60,1.60,1.60,1.60,50,128350
20221227,10:21,1.55,1.55,1.55,1.55,1800,128150
20221227,10:22,1.60,1.60,1.60,1.60,200,128150
20221227,10:24,1.55,1.55,1.55,1.55,1550,127850
20221227,10:25,1.50,1.55,1.50,1.55,2050,127850
20221227,10:26,1.50,1.50,1.50,1.50,1500,127600
20221227,10:27,1.50,1.50,1.50,1.50,750,127600
20221227,10:28,1.50,1.50,1.50,1.50,50,127600
20221227,10:29,1.50,1.50,1.50,1.50,1200,127600
20221227,10:30,1.45,1.55,1.45,1.55,1100,127300
20221227,10:31,1.55,1.55,1.55,1.55,1050,127300
20221227,10:32,1.50,1.55,1.50,1.50,1500,127300
20221227,10:33,1.50,1.50,1.45,1.45,1200,127450
20221227,10:34,1.50,1.50,1.50,1.50,1900,127450
20221227,10:35,1.55,1.55,1.55,1.55,1150,127450
20221227,10:36,1.55,1.55,1.55,1.55,1650,128250
20221227,10:37,1.55,1.55,1.50,1.50,2600,128250
20221227,10:38,1.50,1.55,1.50,1.50,1500,130250
20221227,10:39,1.55,1.55,1.50,1.50,1100,130250
20221227,10:40,1.55,1.55,1.50,1.55,1100,130250
20221227,10:41,1.55,1.55,1.55,1.55,1150,130250
20221227,10:42,1.55,1.55,1.50,1.50,650,131850
20221227,10:43,1.55,1.55,1.50,1.50,3100,131850
20221227,10:44,1.50,1.55,1.50,1.50,2200,131850
20221227,10:45,1.55,1.55,1.55,1.55,750,131950
20221227,10:46,1.55,1.55,1.55,1.55,800,131950
20221227,10:47,1.55,1.55,1.50,1.55,2000,131950
20221227,10:48,1.50,1.55,1.50,1.50,1800,132600
20221227,10:49,1.50,1.55,1.50,1.50,1750,132600
20221227,10:50,1.55,1.55,1.50,1.50,3900,132600
20221227,10:51,1.55,1.55,1.50,1.50,800,133900
20221227,10:52,1.50,1.50,1.50,1.50,1700,133900
20221227,10:54,1.45,1.45,1.40,1.45,3400,133100
20221227,10:55,1.45,1.45,1.45,1.45,5350,133100
20221227,10:56,1.45,1.45,1.45,1.45,450,133100
20221227,10:57,1.45,1.45,1.45,1.45,100,130500
20221227,11:00,1.50,1.50,1.50,1.50,400,130500
20221227,11:01,1.50,1.50,1.50,1.50,1300,130500
20221227,11:02,1.50,1.50,1.50,1.50,700,130500
20221227,11:03,1.50,1.50,1.45,1.50,2800,130450
20221227,11:04,1.50,1.50,1.50,1.50,1850,130450
20221227,11:05,1.50,1.50,1.45,1.45,1500,130100
20221227,11:06,1.45,1.45,1.45,1.45,1150,130100
20221227,11:07,1.45,1.50,1.45,1.50,600,130100
20221227,11:08,1.45,1.45,1.45,1.45,900,130100
20221227,11:09,1.45,1.45,1.45,1.45,1650,128700
20221227,11:10,1.45,1.45,1.45,1.45,50,128700
20221227,11:11,1.45,1.45,1.45,1.45,100,128700
20221227,11:13,1.45,1.45,1.45,1.45,50,128450
20221227,11:14,1.45,1.50,1.40,1.45,2650,128450
20221227,11:15,1.50,1.50,1.45,1.45,4400,128200
20221227,11:16,1.50,1.50,1.50,1.50,1400,128200
20221227,11:17,1.50,1.50,1.45,1.50,1000,128200
20221227,11:18,1.50,1.50,1.45,1.45,1750,128250
20221227,11:19,1.45,1.50,1.45,1.45,1550,128250
20221227,11:20,1.45,1.50,1.45,1.50,100,128250
20221227,11:21,1.45,1.45,1.45,1.45,50,128250
20221227,11:22,1.45,1.45,1.45,1.45,50,130150
20221227,11:24,1.40,1.40,1.40,1.40,550,130150
20221227,11:29,1.45,1.45,1.45,1.45,50,130100
20221227,11:39,1.45,1.45,1.45,1.45,300,130150
20221227,11:41,1.45,1.45,1.45,1.45,950,130150
20221227,11:42,1.45,1.45,1.45,1.45,650,130100
20221227,11:43,1.45,1.45,1.45,1.45,50,130100
20221227,11:44,1.45,1.45,1.45,1.45,50,130100
20221227,11:51,1.45,1.45,1.45,1.45,200,130250
20221227,11:52,1.45,1.45,1.45,1.45,50,130250
20221227,11:55,1.45,1.45,1.45,1.45,50,130250
20221227,11:58,1.45,1.45,1.45,1.45,100,130250
20221227,12:03,1.45,1.45,1.40,1.40,800,130450
20221227,12:04,1.40,1.40,1.40,1.40,50,130450
20221227,12:11,1.45,1.45,1.45,1.45,100,130250
20221227,12:15,1.45,1.45,1.45,1.45,50,130250
20221227,12:17,1.50,1.50,1.45,1.45,5150,130250
20221227,12:18,1.45,1.45,1.45,1.45,850,130500
20221227,12:19,1.45,1.45,1.45,1.45,200,130500
20221227,12:21,1.45,1.45,1.45,1.45,50,130300
20221227,12:22,1.45,1.45,1.45,1.45,600,130300
20221227,12:23,1.45,1.45,1.45,1.45,400,130300
20221227,12:24,1.50,1.50,1.50,1.50,250,130050
20221227,12:31,1.45,1.45,1.45,1.45,50,130050
20221227,12:32,1.50,1.50,1.50,1.50,50,129800
20221227,12:39,1.45,1.45,1.45,1.45,300,129800
20221227,12:41,1.45,1.45,1.45,1.45,100,129800
20221227,12:42,1.45,1.45,1.45,1.45,200,129950
20221227,12:43,1.45,1.45,1.45,1.45,50,129950
20221227,12:50,1.45,1.50,1.45,1.50,150,129950
20221227,12:51,1.45,1.50,1.45,1.50,100,129750
20221227,12:52,1.45,1.45,1.45,1.45,50,129750
20221227,12:54,1.45,1.45,1.45,1.45,400,129800
20221227,12:56,1.45,1.45,1.45,1.45,100,129800
20221227,12:57,1.45,1.45,1.45,1.45,100,130300
20221227,12:58,1.45,1.45,1.45,1.45,1100,130300
20221227,13:02,1.45,1.45,1.45,1.45,900,130250
20221227,13:03,1.45,1.45,1.45,1.45,50,130250
20221227,13:04,1.40,1.40,1.40,1.40,100,130050
20221227,13:05,1.40,1.40,1.40,1.40,150,130050
20221227,13:06,1.40,1.40,1.40,1.40,300,129850
20221227,13:07,1.40,1.40,1.40,1.40,200,129850
20221227,13:13,1.40,1.45,1.40,1.45,1000,129850
20221227,13:15,1.40,1.45,1.40,1.45,2200,130050
20221227,13:16,1.45,1.45,1.45,1.45,50,130050
20221227,13:17,1.45,1.45,1.45,1.45,150,130050
20221227,13:22,1.45,1.45,1.45,1.45,50,130050
20221227,13:23,1.50,1.50,1.45,1.45,150,130200
20221227,13:24,1.50,1.50,1.50,1.50,1100,130100
20221227,13:25,1.50,1.50,1.50,1.50,1150,130100
20221227,13:26,1.50,1.50,1.50,1.50,1050,130100
20221227,13:27,1.50,1.50,1.45,1.45,250,130100
20221227,13:28,1.50,1.50,1.50,1.50,50,131100
20221227,13:32,1.50,1.50,1.50,1.50,450,131100
20221227,13:33,1.50,1.50,1.50,1.50,1550,130650
20221227,13:34,1.50,1.50,1.50,1.50,400,130650
20221227,13:35,1.45,1.45,1.45,1.45,200,130650
20221227,13:38,1.50,1.50,1.50,1.50,50,131050
20221227,13:39,1.50,1.50,1.50,1.50,200,131100
20221227,13:40,1.45,1.45,1.45,1.45,50,131100
20221227,13:41,1.45,1.45,1.45,1.45,50,131100
20221227,13:42,1.50,1.50,1.50,1.50,100,131100
20221227,13:43,1.50,1.50,1.50,1.50,100,131200
20221227,13:44,1.50,1.50,1.50,1.50,50,131200
20221227,13:45,1.50,1.50,1.45,1.45,1000,131350
20221227,13:47,1.45,1.45,1.45,1.45,150,131350
20221227,13:48,1.45,1.45,1.45,1.45,100,131350
20221227,13:49,1.45,1.45,1.45,1.45,550,131400
20221227,13:50,1.50,1.50,1.50,1.50,3300,131400
20221227,13:51,1.55,1.55,1.55,1.55,1000,131400
20221227,13:54,1.55,1.60,1.55,1.60,600,133000
20221227,13:55,1.65,1.65,1.60,1.65,600,133000
20221227,13:56,1.60,1.60,1.60,1.60,150,133000
20221227,13:57,1.55,1.60,1.55,1.60,6850,132950
20221227,13:59,1.55,1.55,1.55,1.55,750,132950
20221227,14:00,1.55,1.55,1.55,1.55,1400,129950
20221227,14:03,1.55,1.55,1.55,1.55,250,129950
20221227,14:04,1.50,1.50,1.50,1.50,100,129700
20221227,14:05,1.55,1.60,1.55,1.60,600,129700
20221227,14:06,1.50,1.50,1.50,1.50,200,129600
20221227,14:11,1.55,1.55,1.55,1.55,2650,129600
20221227,14:12,1.60,1.60,1.60,1.60,1800,129600
20221227,14:17,1.60,1.60,1.60,1.60,100,129650
20221227,14:18,1.70,1.70,1.70,1.70,150,129650
20221227,14:20,1.60,1.60,1.60,1.60,250,129600
20221227,14:22,1.65,1.65,1.65,1.65,150,129600
20221227,14:23,1.65,1.65,1.65,1.65,50,129600
20221227,14:24,1.65,1.65,1.65,1.65,150,129600
20221227,14:25,1.55,1.60,1.55,1.60,850,129600
20221227,14:26,1.60,1.60,1.55,1.60,700,129600
20221227,14:27,1.60,1.60,1.60,1.60,50,129600
20221227,14:28,1.60,1.60,1.60,1.60,100,128950
20221227,14:29,1.55,1.55,1.55,1.55,250,128950
20221227,14:30,1.50,1.50,1.50,1.50,950,128950
20221227,14:33,1.55,1.55,1.55,1.55,50,129100
20221227,14:34,1.60,1.60,1.55,1.55,2150,129050
20221227,14:36,1.50,1.50,1.50,1.50,200,127900
20221227,14:37,1.50,1.50,1.50,1.50,400,127900
20221227,14:39,1.55,1.55,1.55,1.55,600,127900
20221227,14:40,1.55,1.55,1.55,1.55,50,127400
20221227,14:41,1.50,1.50,1.50,1.50,150,127400
20221227,14:44,1.55,1.55,1.55,1.55,1000,127350
20221227,14:45,1.50,1.50,1.50,1.50,600,127350
20221227,14:47,1.55,1.55,1.55,1.55,500,127750
20221227,14:48,1.55,1.55,1.55,1.55,50,127750
20221227,14:49,1.50,1.50,1.50,1.50,250,127800
20221227,14:50,1.55,1.55,1.55,1.55,150,127800
20221227,14:51,1.50,1.50,1.50,1.50,750,127800
20221227,14:52,1.50,1.50,1.50,1.50,150,127600
20221227,14:53,1.55,1.55,1.55,1.55,1000,127600
20221227,14:54,1.50,1.50,1.50,1.50,50,127200
20221227,14:56,1.55,1.55,1.50,1.50,550,127200
20221227,14:58,1.50,1.50,1.50,1.50,700,127500
20221227,14:59,1.50,1.50,1.50,1.50,50,127500
20221227,15:00,1.50,1.50,1.50,1.50,100,127500
20221227,15:01,1.50,1.50,1.50,1.50,1250,127700
20221227,15:02,1.55,1.55,1.50,1.55,1200,127700
20221227,15:03,1.55,1.55,1.50,1.50,1550,129700
20221227,15:04,1.50,1.55,1.50,1.55,750,129700
20221227,15:05,1.55,1.55,1.55,1.55,50,129700
20221227,15:06,1.55,1.55,1.55,1.55,150,129700
20221227,15:07,1.50,1.55,1.50,1.55,450,129600
20221227,15:08,1.55,1.55,1.50,1.55,3100,129600
20221227,15:09,1.55,1.55,1.55,1.55,900,131200
20221227,15:10,1.55,1.60,1.55,1.60,2350,131200
20221227,15:11,1.55,1.60,1.50,1.60,10200,131200
20221227,15:12,1.55,1.60,1.50,1.60,11050,128150
20221227,15:13,1.55,1.55,1.50,1.55,6400,128150
20221227,15:14,1.55,1.55,1.50,1.50,14500,128150
20221227,15:15,1.50,1.60,1.45,1.60,8150,129500
20221227,15:16,1.55,1.60,1.55,1.60,2400,129500
20221227,15:17,1.60,1.65,1.60,1.65,5600,129500
20221227,15:18,1.75,1.75,1.75,1.75,2850,136900
20221227,15:19,1.85,1.85,1.75,1.80,750,136900
20221227,15:20,1.80,1.80,1.75,1.80,300,136900
20221227,15:21,1.80,1.80,1.75,1.75,3300,133650
20221227,15:22,1.75,1.75,1.75,1.75,50,133650
20221227,15:23,1.80,1.80,1.80,1.80,400,133650
20221227,15:24,1.80,1.85,1.75,1.75,4600,132000
20221227,15:25,1.75,1.80,1.65,1.65,2950,132000
20221227,15:26,1.70,1.70,1.65,1.70,650,132000
20221227,15:27,1.65,1.70,1.65,1.65,1900,130500
20221227,15:28,1.65,1.65,1.55,1.60,3700,130500
20221227,15:29,1.55,1.70,1.45,1.55,11350,130500
20221228,09:15,1.15,1.45,1.15,1.45,1151,119000
20221228,09:16,1.35,1.50,1.35,1.50,3500,119000
20221228,09:17,1.50,1.55,1.50,1.50,1200,118950
20221228,09:18,1.45,1.45,1.45,1.45,1500,118950
20221228,09:19,1.50,1.55,1.45,1.45,3950,118950
20221228,09:20,1.50,1.50,1.45,1.45,650,118950
20221228,09:21,1.40,1.45,1.40,1.40,3750,116850
20221228,09:22,1.40,1.50,1.40,1.50,2000,116850
20221228,09:23,1.45,1.45,1.40,1.40,5250,116850
20221228,09:24,1.45,1.45,1.45,1.45,100,117500
20221228,09:25,1.45,1.50,1.45,1.50,2450,117500
20221228,09:26,1.45,1.50,1.45,1.50,600,117500
20221228,09:27,1.50,1.50,1.45,1.45,2700,117800
20221228,09:28,1.50,1.50,1.50,1.50,1700,117800
20221228,09:29,1.50,1.55,1.50,1.50,250,117800
20221228,09:30,1.50,1.50,1.45,1.45,1000,116400
20221228,09:32,1.45,1.45,1.45,1.45,450,115700
20221228,09:33,1.40,1.45,1.40,1.45,300,115700
20221228,09:34,1.45,1.45,1.40,1.40,150,115700
20221228,09:35,1.45,1.45,1.45,1.45,300,115350
20221228,09:36,1.40,1.40,1.40,1.40,850,115350
20221228,09:38,1.40,1.40,1.40,1.40,2400,114800
20221228,09:39,1.40,1.40,1.40,1.40,2400,114800
20221228,09:40,1.40,1.40,1.40,1.40,200,114800
20221228,09:41,1.35,1.35,1.35,1.35,250,114800
20221228,09:42,1.40,1.40,1.35,1.35,750,115400
20221228,09:44,1.35,1.35,1.35,1.35,2450,115350
20221228,09:45,1.40,1.40,1.40,1.40,400,115350
20221228,09:49,1.40,1.40,1.35,1.35,2050,115350
20221228,09:50,1.35,1.35,1.35,1.35,150,115750
20221228,09:51,1.35,1.35,1.35,1.35,100,115750
20221228,09:52,1.35,1.35,1.35,1.35,50,115750
20221228,09:53,1.35,1.35,1.35,1.35,250,115500
20221228,09:54,1.35,1.35,1.35,1.35,300,115500
20221228,09:55,1.35,1.35,1.30,1.30,100,115500
20221228,09:57,1.30,1.30,1.30,1.30,1000,115600
20221228,09:58,1.35,1.35,1.35,1.35,500,115600
20221228,10:01,1.30,1.30,1.30,1.30,1050,115150
20221228,10:02,1.30,1.35,1.30,1.30,900,115150
20221228,10:07,1.30,1.30,1.30,1.30,1650,115300
20221228,10:08,1.30,1.35,1.30,1.30,2500,115600
20221228,10:09,1.30,1.30,1.30,1.30,300,115600
20221228,10:10,1.30,1.30,1.30,1.30,50,115600
20221228,10:12,1.30,1.30,1.25,1.25,4900,115550
20221228,10:13,1.25,1.25,1.25,1.25,250,115550
20221228,10:15,1.25,1.30,1.25,1.30,100,114450
20221228,10:16,1.30,1.30,1.30,1.30,2250,114450
20221228,10:17,1.30,1.30,1.30,1.30,850,114450
20221228,10:19,1.35,1.35,1.30,1.35,1050,114950
20221228,10:20,1.35,1.40,1.30,1.40,800,114950
20221228,10:22,1.35,1.35,1.35,1.35,3550,114600
20221228,10:23,1.35,1.35,1.35,1.35,1050,114600
20221228,10:24,1.35,1.35,1.35,1.35,150,113150
20221228,10:26,1.35,1.35,1.35,1.35,100,113150
20221228,10:27,1.35,1.35,1.35,1.35,250,113250
20221228,10:28,1.35,1.35,1.35,1.35,50,113250
20221228,10:29,1.35,1.35,1.35,1.35,50,113250
20221228,10:30,1.35,1.35,1.35,1.35,150,113450
20221228,10:31,1.35,1.35,1.35,1.35,150,113450
20221228,10:34,1.40,1.40,1.40,1.40,200,113450
20221228,10:38,1.40,1.40,1.40,1.40,50,113550
20221228,10:42,1.40,1.40,1.40,1.40,500,113550
20221228,10:45,1.35,1.35,1.35,1.35,50,113250
20221228,10:46,1.35,1.40,1.35,1.40,2050,113250
20221228,10:47,1.35,1.35,1.35,1.35,500,113250
20221228,10:49,1.35,1.35,1.35,1.35,50,111300
20221228,10:51,1.35,1.35,1.35,1.35,400,111350
20221228,10:54,1.35,1.35,1.35,1.35,850,111300
20221228,10:55,1.35,1.35,1.30,1.30,1900,111300
20221228,10:57,1.30,1.30,1.30,1.30,450,110850
20221228,10:58,1.30,1.30,1.30,1.30,600,110850
20221228,11:00,1.30,1.30,1.30,1.30,750,110550
20221228,11:01,1.30,1.30,1.30,1.30,850,110550
20221228,11:02,1.30,1.30,1.30,1.30,750,109000
20221228,11:04,1.30,1.30,1.30,1.30,100,109000
20221228,11:08,1.25,1.30,1.25,1.30,150,109000
20221228,11:09,1.30,1.30,1.30,1.30,200,108950
20221228,11:10,1.25,1.25,1.25,1.25,1650,108950
20221228,11:15,1.25,1.25,1.20,1.25,1450,108500
20221228,11:16,1.20,1.20,1.20,1.20,200,108500
20221228,11:17,1.20,1.20,1.20,1.20,150,108500
20221228,11:19,1.25,1.25,1.25,1.25,350,108400
20221228,11:20,1.20,1.20,1.20,1.20,300,108400
20221228,11:22,1.20,1.20,1.20,1.20,100,108100
20221228,11:23,1.20,1.20,1.20,1.20,250,108100
20221228,11:29,1.20,1.20,1.20,1.20,200,108050
20221228,11:32,1.20,1.20,1.20,1.20,100,108050
20221228,11:36,1.15,1.15,1.15,1.15,50,107950
20221228,11:38,1.15,1.15,1.15,1.15,350,107950
20221228,11:40,1.15,1.15,1.15,1.15,50,107950
20221228,11:44,1.15,1.15,1.15,1.15,50,107900
20221228,11:45,1.15,1.15,1.15,1.15,300,107850
20221228,11:50,1.15,1.25,1.15,1.25,4900,107750
20221228,11:51,1.25,1.25,1.20,1.20,2200,108650
20221228,11:52,1.20,1.20,1.20,1.20,150,108650
20221228,11:53,1.20,1.25,1.20,1.25,100,108650
20221228,11:55,1.20,1.20,1.20,1.20,50,109200
20221228,11:56,1.20,1.20,1.20,1.20,250,109200
20221228,11:57,1.25,1.25,1.20,1.20,1750,108950
20221228,11:59,1.20,1.20,1.20,1.20,1000,108950
20221228,12:00,1.15,1.20,1.15,1.20,1050,108400
20221228,12:03,1.25,1.25,1.25,1.25,2500,108050
20221228,12:08,1.25,1.25,1.25,1.25,2000,106700
20221228,12:09,1.25,1.25,1.25,1.25,400,108500
20221228,12:14,1.20,1.20,1.20,1.20,500,108700
20221228,12:15,1.20,1.20,1.20,1.20,2300,108200
20221228,12:16,1.20,1.20,1.20,1.20,400,108200
20221228,12:17,1.20,1.20,1.20,1.20,100,108200
20221228,12:18,1.20,1.20,1.20,1.20,100,108200
20221228,12:22,1.20,1.20,1.20,1.20,300,105850
20221228,12:23,1.20,1.20,1.20,1.20,3050,105850
20221228,12:24,1.20,1.20,1.20,1.20,550,104900
20221228,12:29,1.20,1.20,1.20,1.20,350,105250
20221228,12:31,1.20,1.20,1.20,1.20,950,104900
20221228,12:33,1.20,1.25,1.20,1.25,200,104400
20221228,12:34,1.20,1.20,1.20,1.20,150,104400
20221228,12:36,1.20,1.20,1.20,1.20,500,104400
20221228,12:38,1.20,1.20,1.20,1.20,600,104400
20221228,12:41,1.20,1.20,1.20,1.20,250,103950
20221228,12:42,1.20,1.20,1.20,1.20,250,103950
20221228,12:49,1.20,1.20,1.20,1.20,250,103950
20221228,12:50,1.20,1.20,1.20,1.20,1350,103950
20221228,12:53,1.20,1.20,1.20,1.20,150,104300
20221228,12:54,1.15,1.15,1.15,1.15,350,104300
20221228,12:56,1.20,1.20,1.20,1.20,750,104300
20221228,12:58,1.20,1.20,1.20,1.20,250,104300
20221228,13:01,1.15,1.20,1.15,1.20,1450,104650
20221228,13:03,1.20,1.20,1.20,1.20,550,104450
20221228,13:04,1.15,1.15,1.15,1.15,50,104450
20221228,13:09,1.15,1.15,1.15,1.15,900,104750
20221228,13:12,1.15,1.15,1.15,1.15,100,104750
20221228,13:13,1.20,1.20,1.20,1.20,350,104200
20221228,13:14,1.20,1.20,1.20,1.20,250,104200
20221228,13:17,1.20,1.20,1.15,1.20,900,104500
20221228,13:18,1.25,1.25,1.25,1.25,200,104500
20221228,13:20,1.20,1.20,1.20,1.20,100,105050
20221228,13:21,1.20,1.20,1.20,1.20,3500,104950
20221228,13:22,1.20,1.20,1.20,1.20,50,104950
20221228,13:24,1.20,1.20,1.20,1.20,100,104950
20221228,13:26,1.15,1.15,1.15,1.15,250,103000
20221228,13:30,1.15,1.15,1.15,1.15,50,102800
20221228,13:31,1.20,1.20,1.20,1.20,1000,102800
20221228,13:35,1.15,1.15,1.15,1.15,750,103150
20221228,13:36,1.15,1.15,1.15,1.15,1300,103150
20221228,13:38,1.15,1.15,1.15,1.15,200,102950
20221228,13:41,1.15,1.15,1.15,1.15,850,102900
20221228,13:42,1.10,1.10,1.10,1.10,50,102900
20221228,13:43,1.10,1.15,1.10,1.15,650,102950
20221228,13:44,1.15,1.15,1.15,1.15,400,102950
20221228,13:45,1.15,1.15,1.15,1.15,250,102950
20221228,13:46,1.15,1.20,1.15,1.20,9000,103400
20221228,13:47,1.20,1.20,1.20,1.20,50,103400
20221228,13:48,1.20,1.20,1.20,1.20,1600,101550
20221228,13:49,1.20,1.20,1.20,1.20,2000,101550
20221228,13:50,1.25,1.25,1.25,1.25,250,101550
20221228,13:51,1.25,1.25,1.25,1.25,500,101550
20221228,13:53,1.25,1.30,1.25,1.30,5100,99200
20221228,13:54,1.30,1.30,1.25,1.30,3900,99750
20221228,13:55,1.25,1.25,1.25,1.25,100,99750
20221228,13:56,1.30,1.30,1.30,1.30,150,99750
20221228,14:02,1.25,1.25,1.25,1.25,550,99700
20221228,14:03,1.25,1.25,1.25,1.25,1050,99700
20221228,14:04,1.25,1.25,1.25,1.25,1450,99600
20221228,14:05,1.25,1.25,1.25,1.25,350,99600
20221228,14:06,1.25,1.25,1.25,1.25,300,99600
20221228,14:07,1.25,1.25,1.25,1.25,650,98300
20221228,14:08,1.25,1.25,1.25,1.25,2500,98300
20221228,14:09,1.25,1.25,1.25,1.25,2000,98300
20221228,14:10,1.25,1.30,1.25,1.25,2150,97150
20221228,14:11,1.25,1.25,1.25,1.25,1050,97150
20221228,14:12,1.25,1.25,1.25,1.25,1150,97650
20221228,14:13,1.20,1.20,1.20,1.20,300,97650
20221228,14:14,1.25,1.25,1.25,1.25,200,97650
20221228,14:15,1.25,1.25,1.25,1.25,500,96500
20221228,14:20,1.20,1.25,1.20,1.20,4100,96450
20221228,14:22,1.20,1.20,1.20,1.20,450,95500
20221228,14:23,1.20,1.20,1.20,1.20,50,95500
20221228,14:24,1.15,1.15,1.15,1.15,50,95500
20221228,14:26,1.15,1.15,1.10,1.10,5400,95500
20221228,14:27,1.05,1.15,1.05,1.10,9200,95500
20221228,14:28,1.05,1.10,1.05,1.10,7250,95250
20221228,14:29,1.15,1.15,1.15,1.15,1050,95250
20221228,14:34,1.15,1.15,1.15,1.15,1000,95250
20221228,14:35,1.15,1.15,1.15,1.15,250,95300
20221228,14:37,1.15,1.15,1.15,1.15,1000,94300
20221228,14:41,1.15,1.15,1.15,1.15,700,94300
20221228,14:43,1.10,1.10,1.10,1.10,50,94300
20221228,14:45,1.10,1.10,1.10,1.10,250,94200
20221228,14:46,1.15,1.15,1.15,1.15,500,94200
20221228,14:52,1.05,1.10,1.05,1.10,8250,93650
20221228,14:53,1.10,1.10,1.05,1.05,7100,93650
20221228,14:54,1.05,1.10,1.05,1.10,1350,93650
20221228,14:57,1.05,1.10,1.00,1.00,3300,93500
20221228,14:58,1.00,1.00,1.00,1.00,850,93500
20221228,14:59,1.00,1.10,1.00,1.05,350,93500
20221228,15:00,1.05,1.05,1.00,1.00,850,93500
20221228,15:01,1.00,1.00,1.00,1.00,450,92900
20221228,15:02,1.00,1.00,1.00,1.00,350,92900
20221228,15:03,1.00,1.00,1.00,1.00,150,92900
20221228,15:05,1.05,1.05,1.00,1.00,1050,93050
20221228,15:06,1.05,1.05,1.00,1.00,350,93050
20221228,15:07,1.00,1.00,1.00,1.00,350,93050
20221228,15:08,1.00,1.00,1.00,1.00,100,93050
20221228,15:11,1.00,1.00,1.00,1.00,1150,93050
20221228,15:12,1.00,1.00,1.00,1.00,50,93050
20221228,15:15,1.00,1.00,1.00,1.00,750,93050
20221228,15:16,1.05,1.05,1.00,1.00,1500,93300
20221228,15:17,1.05,1.05,1.00,1.00,3050,93300
20221228,15:19,1.00,1.05,1.00,1.00,1700,89700
20221228,15:20,1.00,1.00,0.95,0.95,3600,89700
20221228,15:21,0.95,0.95,0.95,0.95,100,89700
20221228,15:22,0.90,0.90,0.90,0.90,2050,87600
20221228,15:23,0.90,0.90,0.90,0.90,350,87600
20221228,15:25,0.90,0.90,0.90,0.90,1100,85850
20221228,15:26,0.90,1.00,0.90,0.90,750,85850
20221228,15:27,0.90,0.90,0.85,0.85,5200,81500
20221228,15:28,1.00,1.00,1.00,1.00,600,81500
20221228,15:29,0.95,1.00,0.75,0.75,1200,81500
20221229,09:15,0.65,0.95,0.60,0.65,2151,81450
20221229,09:16,0.60,0.60,0.55,0.55,750,81450
20221229,09:18,0.55,0.65,0.55,0.60,2550,80200
20221229,09:19,0.60,0.65,0.55,0.60,5850,80200
20221229,09:20,0.60,0.60,0.60,0.60,3050,80200
20221229,09:21,0.60,0.60,0.50,0.60,5350,79450
20221229,09:22,0.60,0.65,0.60,0.65,6700,79450
20221229,09:23,0.65,0.65,0.60,0.65,6250,81000
20221229,09:24,0.65,0.70,0.65,0.70,6050,81000
20221229,09:25,0.70,0.70,0.55,0.60,6000,81000
20221229,09:26,0.60,0.60,0.55,0.55,3100,81000
20221229,09:27,0.60,0.60,0.60,0.60,2000,82850
20221229,09:28,0.60,0.70,0.60,0.60,2300,82850
20221229,09:29,0.50,0.50,0.50,0.50,200,82850
20221229,09:30,0.50,0.50,0.50,0.50,750,86450
20221229,09:31,0.50,0.50,0.50,0.50,200,86450
20221229,09:32,0.50,0.60,0.50,0.60,3250,85350
20221229,09:33,0.55,0.60,0.55,0.55,3700,85350
20221229,09:34,0.55,0.55,0.55,0.55,600,85350
20221229,09:35,0.55,0.55,0.55,0.55,250,85350
20221229,09:36,0.60,0.60,0.50,0.50,1000,83700
20221229,09:37,0.55,0.55,0.50,0.50,500,83700
20221229,09:38,0.50,0.50,0.45,0.45,2750,84450
20221229,09:39,0.55,0.55,0.50,0.50,3800,84450
20221229,09:40,0.50,0.50,0.35,0.35,1100,84450
20221229,09:41,0.35,0.35,0.35,0.35,200,84450
20221229,09:42,0.45,0.45,0.45,0.45,50,84450
20221229,09:47,0.45,0.45,0.45,0.45,250,87200
20221229,09:48,0.45,0.45,0.45,0.45,250,86950
20221229,09:51,0.45,0.45,0.45,0.45,2800,86700
20221229,09:53,0.50,0.50,0.45,0.45,4400,86700
20221229,09:54,0.50,0.50,0.45,0.50,3300,83500
20221229,09:55,0.45,0.50,0.45,0.50,250,83500
20221229,09:56,0.40,0.40,0.40,0.40,50,83500
20221229,09:57,0.40,0.45,0.30,0.30,7800,83450
20221229,09:58,0.35,0.35,0.35,0.35,550,83450
20221229,09:59,0.40,0.50,0.40,0.40,3800,83450
20221229,10:00,0.40,0.40,0.40,0.40,2500,77950
20221229,10:01,0.40,0.40,0.40,0.40,300,77950
20221229,10:02,0.40,0.40,0.35,0.35,350,76700
20221229,10:03,0.35,0.35,0.35,0.35,50,76700
20221229,10:05,0.30,0.30,0.30,0.30,2150,76700
20221229,10:06,0.30,0.45,0.30,0.45,900,75150
20221229,10:07,0.35,0.35,0.35,0.35,250,75150
20221229,10:09,0.30,0.30,0.25,0.25,250,74850
20221229,10:11,0.25,0.25,0.25,0.25,100,74850
20221229,10:12,0.25,0.25,0.25,0.25,100,74600
20221229,10:16,0.35,0.40,0.35,0.40,100,74550
20221229,10:19,0.30,0.45,0.30,0.45,1000,74600
20221229,10:20,0.45,0.45,0.45,0.45,1000,74600
20221229,10:23,0.30,0.30,0.30,0.30,150,76550
20221229,10:24,0.30,0.30,0.30,0.30,1650,76400
20221229,10:26,0.40,0.40,0.40,0.40,1000,76400
20221229,10:28,0.40,0.40,0.40,0.40,550,77100
20221229,10:29,0.30,0.30,0.30,0.30,100,77100
20221229,10:32,0.30,0.30,0.30,0.30,50,77550
20221229,10:36,0.30,0.30,0.30,0.30,50,77550
20221229,10:37,0.30,0.30,0.30,0.30,700,77500
20221229,10:39,0.30,0.30,0.30,0.30,700,76750
20221229,10:40,0.40,0.40,0.40,0.40,400,76750
20221229,10:41,0.30,0.30,0.30,0.30,250,76750
20221229,10:42,0.40,0.40,0.30,0.30,1700,76450
20221229,10:47,0.30,0.30,0.30,0.30,250,76450
20221229,10:52,0.30,0.30,0.30,0.30,50,78050
20221229,11:06,0.40,0.40,0.40,0.40,1000,77950
20221229,11:09,0.45,0.45,0.45,0.45,200,77850
20221229,11:13,0.30,0.30,0.30,0.30,250,77850
20221229,11:17,0.30,0.30,0.30,0.30,100,77800
20221229,11:20,0.30,0.30,0.30,0.30,200,77800
20221229,11:25,0.30,0.30,0.30,0.30,1000,77700
20221229,11:26,0.30,0.30,0.30,0.30,200,77500
20221229,11:27,0.30,0.30,0.30,0.30,200,76500
20221229,11:31,0.40,0.40,0.40,0.40,200,76300
20221229,11:32,0.30,0.30,0.30,0.30,50,76300
20221229,11:33,0.30,0.30,0.30,0.30,350,76450
20221229,11:34,0.30,0.30,0.30,0.30,100,76450
20221229,11:37,0.30,0.35,0.30,0.35,1850,76400
20221229,11:40,0.30,0.30,0.30,0.30,700,76400
20221229,11:41,0.30,0.30,0.30,0.30,250,78150
20221229,11:43,0.30,0.30,0.30,0.30,750,77250
20221229,11:44,0.30,0.30,0.25,0.25,4500,77250
20221229,11:45,0.25,0.30,0.25,0.30,1050,71250
20221229,11:49,0.25,0.25,0.25,0.25,250,71250
20221229,11:51,0.25,0.25,0.20,0.20,1700,71150
20221229,11:53,0.20,0.20,0.20,0.20,1550,69300
20221229,11:54,0.20,0.20,0.20,0.20,300,69300
20221229,11:55,0.20,0.30,0.20,0.20,550,67750
20221229,11:56,0.20,0.20,0.20,0.20,250,67750
20221229,11:57,0.20,0.20,0.20,0.20,250,67750
20221229,11:58,0.20,0.20,0.20,0.20,550,66700
20221229,11:59,0.20,0.20,0.20,0.20,1150,66700
20221229,12:04,0.20,0.20,0.20,0.20,700,65000
20221229,12:05,0.30,0.30,0.30,0.30,50,65000
20221229,12:06,0.30,0.30,0.30,0.30,200,65000
20221229,12:15,0.25,0.25,0.25,0.25,150,64500
20221229,12:16,0.25,0.25,0.25,0.25,100,64500
20221229,12:22,0.15,0.15,0.15,0.15,100,64500
20221229,12:24,0.20,0.20,0.20,0.20,350,64500
20221229,12:27,0.15,0.15,0.15,0.15,700,64200
20221229,12:28,0.15,0.15,0.15,0.15,100,64200
20221229,12:29,0.15,0.15,0.15,0.15,250,64200
20221229,12:32,0.15,0.15,0.15,0.15,700,64200
20221229,12:35,0.15,0.15,0.15,0.15,350,63150
20221229,12:36,0.15,0.15,0.10,0.10,600,62150
20221229,12:37,0.10,0.10,0.10,0.10,50,62150
20221229,12:38,0.10,0.10,0.10,0.10,300,62150
20221229,12:41,0.10,0.10,0.10,0.10,50,61700
20221229,12:42,0.10,0.10,0.10,0.10,50,61700
20221229,12:43,0.10,0.10,0.10,0.10,250,61700
20221229,12:46,0.15,0.15,0.15,0.15,500,61450
20221229,12:51,0.20,0.20,0.20,0.20,50,61450
20221229,12:52,0.15,0.15,0.15,0.15,250,60950
20221229,12:54,0.10,0.15,0.10,0.10,300,60950
20221229,12:57,0.15,0.15,0.15,0.15,750,60600
20221229,12:58,0.15,0.15,0.15,0.15,250,60600
20221229,12:59,0.10,0.10,0.10,0.10,1150,60600
20221229,13:01,0.10,0.10,0.10,0.10,250,60600
20221229,13:03,0.15,0.15,0.15,0.15,200,59700
20221229,13:04,0.10,0.15,0.10,0.15,2900,59500
20221229,13:05,0.15,0.15,0.10,0.10,300,59500
20221229,13:06,0.10,0.10,0.10,0.10,300,59500
20221229,13:12,0.15,0.15,0.15,0.15,1400,57500
20221229,13:16,0.10,0.10,0.10,0.10,1800,57350
20221229,13:18,0.10,0.10,0.10,0.10,250,56200
20221229,13:19,0.15,0.15,0.15,0.15,500,56200
20221229,13:22,0.10,0.10,0.10,0.10,250,56200
20221229,13:23,0.15,0.15,0.15,0.15,300,55450
20221229,13:28,0.15,0.15,0.15,0.15,900,54900
20221229,13:29,0.10,0.10,0.10,0.10,700,54900
20221229,13:37,0.15,0.15,0.15,0.15,150,53900
20221229,13:38,0.10,0.10,0.10,0.10,100,53900
20221229,13:39,0.10,0.10,0.10,0.10,2050,53900
20221229,13:43,0.10,0.20,0.10,0.20,250,52300
20221229,13:44,0.10,0.10,0.10,0.10,250,52300
20221229,13:45,0.10,0.10,0.05,0.05,1800,52300
20221229,13:46,0.05,0.15,0.05,0.15,2300,51300
20221229,13:47,0.15,0.15,0.15,0.15,200,51300
20221229,13:48,0.20,0.20,0.20,0.20,400,51300
20221229,13:50,0.10,0.15,0.10,0.15,200,49550
20221229,13:51,0.15,0.15,0.10,0.15,1850,49550
20221229,13:57,0.15,0.15,0.15,0.15,150,49650
20221229,13:59,0.15,0.15,0.10,0.10,2400,49750
20221229,14:00,0.15,0.15,0.15,0.15,200,49750
20221229,14:04,0.10,0.10,0.10,0.10,700,49450
20221229,14:05,0.10,0.10,0.10,0.10,700,49450
20221229,14:06,0.10,0.10,0.10,0.10,250,49450
20221229,14:07,0.10,0.10,0.10,0.10,700,49450
20221229,14:09,0.15,0.15,0.15,0.15,200,49450
20221229,14:12,0.10,0.10,0.10,0.10,1750,48100
20221229,14:13,0.10,0.15,0.10,0.10,1100,48100
20221229,14:14,0.10,0.10,0.10,0.10,1000,48100
20221229,14:15,0.10,0.15,0.10,0.10,750,44600
20221229,14:19,0.10,0.10,0.10,0.10,150,44350
20221229,14:20,0.10,0.10,0.10,0.10,250,44350
20221229,14:21,0.10,0.10,0.05,0.05,1750,44350
20221229,14:23,0.10,0.10,0.05,0.05,550,42450
20221229,14:24,0.05,0.05,0.05,0.05,750,42450
20221229,14:25,0.10,0.10,0.05,0.05,1350,41200
20221229,14:26,0.05,0.05,0.05,0.05,2050,41200
20221229,14:29,0.10,0.10,0.10,0.10,650,41200
20221229,14:32,0.05,0.05,0.05,0.05,150,37900
20221229,14:34,0.10,0.10,0.05,0.05,100,37750
20221229,14:36,0.05,0.05,0.05,0.05,1600,37750
20221229,14:37,0.05,0.05,0.05,0.05,50,36050
20221229,14:42,0.05,0.05,0.05,0.05,2500,36000
20221229,14:44,0.10,0.10,0.10,0.10,50,33500
20221229,14:45,0.05,0.05,0.05,0.05,100,33500
20221229,14:48,0.05,0.05,0.05,0.05,100,33500
20221229,14:53,0.05,0.10,0.05,0.10,1350,33300
20221229,14:54,0.10,0.15,0.10,0.15,150,33300
20221229,15:00,0.10,0.10,0.10,0.10,100,33300
20221229,15:01,0.05,0.05,0.05,0.05,1050,32100
20221229,15:02,0.05,0.05,0.05,0.05,150,32100
20221229,15:04,0.05,0.05,0.05,0.05,750,32100
20221229,15:09,0.20,0.20,0.20,0.20,1700,32100
20221229,15:10,0.05,0.05,0.05,0.05,450,30200
20221229,15:14,0.05,0.05,0.05,0.05,350,28600
20221229,15:16,0.05,0.05,0.05,0.05,1050,28600
20221229,15:19,0.05,0.05,0.05,0.05,250,28600
