20210602,09:17,286.40,286.40,286.40,286.40,26,25
20210618,09:23,20.20,20.20,20.10,20.10,227,25
20210618,09:25,20.95,20.95,20.95,20.95,25,25
20210618,09:27,40.95,40.95,40.95,40.95,100,300
20210618,09:28,40.95,40.95,40.95,40.95,100,300
20210618,09:29,44.70,44.70,44.70,44.70,175,375
20210618,09:32,27.90,27.90,27.90,27.90,100,375
20210618,09:34,25.45,25.45,25.45,25.45,50,550
20210618,09:35,26.55,27.10,26.55,27.10,375,550
20210618,09:36,27.95,29.10,27.95,29.10,400,975
20210618,09:39,27.80,27.80,27.80,27.80,100,1175
20210618,09:40,28.00,30.05,27.85,30.05,675,1175
20210618,09:42,31.15,31.15,31.15,31.15,825,1250
20210618,09:43,32.05,32.35,32.05,32.35,100,1250
20210618,09:44,33.80,33.80,33.80,33.80,425,1825
20210618,09:45,36.10,36.10,32.50,32.50,250,1825
20210618,09:46,34.35,34.95,31.10,31.10,175,1825
20210618,09:47,33.00,33.00,32.75,32.75,125,1825
20210618,09:49,36.85,36.85,33.00,33.00,250,1475
20210618,09:50,34.05,34.05,34.05,34.05,25,1475
20210618,09:53,36.80,40.90,36.80,40.40,400,1775
20210618,09:54,36.05,37.75,36.05,37.45,325,1775
20210618,09:55,39.35,39.55,38.95,39.55,100,1775
20210618,09:56,40.30,40.95,39.80,39.80,175,1725
20210618,09:57,40.20,42.15,40.20,40.80,1225,1725
20210618,09:58,39.40,44.90,37.25,44.10,650,1725
20210618,09:59,41.60,58.35,41.60,45.10,1050,2250
20210618,10:00,46.50,46.50,43.30,44.65,700,2250
20210618,10:01,44.45,44.45,42.50,42.50,125,2250
20210618,10:02,42.55,43.70,41.05,41.05,650,1725
20210618,10:04,40.05,40.05,40.05,40.05,200,1725
20210618,10:05,39.90,39.90,39.90,39.90,425,1725
20210618,10:06,39.55,39.55,39.55,39.55,125,2300
20210618,10:07,38.20,38.20,38.20,38.20,600,2300
20210618,10:08,40.90,40.90,40.35,40.40,75,2450
20210618,10:09,40.25,40.25,40.25,40.25,50,2450
20210618,10:10,41.45,41.45,41.45,41.45,200,2450
20210618,10:11,42.80,42.80,42.80,42.80,125,2450
20210618,10:12,39.75,39.75,38.20,39.40,125,2725
20210618,10:13,38.95,39.30,38.95,39.30,250,2725
20210618,10:15,38.15,40.40,38.15,40.40,175,2775
20210618,10:19,38.85,38.85,38.85,38.85,75,2825
20210618,10:20,41.45,41.45,40.00,40.00,550,2825
20210618,10:21,40.00,40.00,40.00,40.00,225,2975
20210618,10:24,39.60,41.95,39.60,41.95,75,3125
20210618,10:25,40.70,42.20,40.20,41.85,400,3125
20210618,10:26,42.25,42.45,41.00,41.00,425,3125
20210618,10:28,43.10,47.35,43.10,47.20,300,3925
20210618,10:29,47.25,54.65,47.25,52.15,425,4275
20210618,10:30,51.05,51.05,42.00,49.45,800,4275
20210618,10:31,48.60,54.25,48.00,54.25,150,4275
20210618,10:32,53.95,54.95,50.50,50.50,375,4150
20210618,10:33,49.65,49.95,48.00,48.00,200,4150
20210618,10:34,48.45,48.50,48.30,48.30,75,4150
20210618,10:35,46.50,46.50,46.50,46.50,350,4150
20210618,10:36,46.40,46.40,46.40,46.40,50,3850
20210618,10:37,48.90,48.90,48.90,48.90,125,3850
20210618,10:38,50.40,50.40,50.40,50.40,200,3850
20210618,10:39,49.00,50.75,49.00,50.75,350,4350
20210618,10:40,50.45,50.45,50.45,50.45,25,4350
20210618,10:41,43.90,43.90,43.90,43.90,275,4350
20210618,10:42,45.10,45.10,45.10,45.10,25,4075
20210618,10:43,45.10,45.10,45.10,45.10,775,4075
20210618,10:44,45.10,45.10,45.10,45.10,700,4075
20210618,10:45,44.60,44.65,42.95,43.15,2325,5050
20210618,10:46,43.20,43.20,43.20,43.20,575,5050
20210618,10:47,43.60,43.60,43.60,43.60,25,5050
20210618,10:48,46.45,46.45,46.45,46.45,25,7100
20210618,10:49,49.15,49.15,49.15,49.15,50,7100
20210618,10:50,52.90,52.90,52.90,52.90,475,7100
20210618,10:51,47.80,47.80,47.80,47.80,225,7200
20210618,10:52,54.25,54.25,54.25,54.25,225,7200
20210618,10:54,52.50,52.50,52.50,52.50,450,7200
20210618,10:55,66.65,66.65,54.75,58.10,1425,7175
20210618,10:56,58.35,66.05,58.35,63.55,875,7850
20210618,10:58,76.25,76.25,76.25,76.25,850,7850
20210618,10:59,88.15,105.20,88.15,100.50,1425,8075
20210618,11:00,101.25,101.25,86.35,86.55,350,8075
20210618,11:01,85.50,85.50,70.15,78.30,700,8075
20210618,11:02,78.70,78.70,70.20,70.70,400,8050
20210618,11:03,70.30,73.10,69.40,71.00,1100,8050
20210618,11:04,73.35,80.35,73.35,75.85,750,8050
20210618,11:05,71.35,73.30,68.70,69.45,500,8625
20210618,11:06,68.80,68.80,66.45,66.45,100,8625
20210618,11:07,65.45,68.90,64.70,68.85,175,8625
20210618,11:08,69.50,70.15,68.15,68.55,300,8575
20210618,11:09,68.60,68.60,67.45,67.45,250,8575
20210618,11:10,66.60,69.90,66.05,69.90,125,8575
20210618,11:11,70.40,70.40,66.65,67.05,350,8600
20210618,11:12,65.50,65.50,65.50,65.50,1025,8600
20210618,11:13,65.00,65.00,65.00,65.00,175,8600
20210618,11:15,63.70,63.70,63.70,63.70,25,8175
20210618,11:16,61.20,61.20,61.20,61.20,300,8175
20210618,11:17,63.55,63.55,63.55,63.55,325,8175
20210618,11:18,60.25,61.05,59.60,60.45,2075,8425
20210618,11:20,59.90,59.90,59.90,59.90,375,8425
20210618,11:21,59.45,59.45,59.45,59.45,825,8400
20210618,11:22,61.95,61.95,61.95,61.95,675,8400
20210618,11:23,56.45,56.45,56.45,56.45,750,8400
20210618,11:24,56.05,56.05,56.05,56.05,100,7975
20210618,11:26,58.40,58.40,58.40,58.40,475,7975
20210618,11:27,58.55,58.55,58.55,58.55,75,7975
20210618,11:28,57.75,57.75,57.75,57.75,50,8025
20210618,11:29,55.90,55.90,55.90,55.90,150,8025
20210618,11:30,57.80,57.80,57.80,57.80,375,7925
20210618,11:31,60.95,60.95,60.95,60.95,575,7925
20210618,11:32,63.40,63.40,63.40,63.40,275,7925
20210618,11:34,63.45,63.45,61.75,61.80,950,8000
20210618,11:36,63.60,63.60,63.60,63.60,25,7800
20210618,11:37,62.00,62.00,62.00,62.00,200,7800
20210618,11:38,63.05,63.05,63.05,63.05,725,7800
20210618,11:39,63.45,64.40,63.45,64.40,250,7625
20210618,11:41,65.80,65.80,65.80,65.80,75,7625
20210618,11:43,62.00,62.00,62.00,62.00,400,7550
20210618,11:44,61.30,61.30,61.30,61.30,325,7550
20210618,11:45,61.65,61.65,61.65,61.65,275,7825
20210618,11:46,59.50,59.50,59.50,59.50,250,7825
20210618,11:48,61.30,61.30,61.30,61.30,325,8000
20210618,11:49,59.15,59.15,59.15,59.15,100,8000
20210618,11:50,58.05,58.05,58.05,58.05,225,8000
20210618,11:51,57.10,57.10,57.10,57.10,75,8000
20210618,11:52,57.70,57.70,57.70,57.70,125,7925
20210618,11:53,55.90,55.90,55.90,55.90,450,7925
20210618,11:54,55.25,55.25,55.25,55.25,150,7925
20210618,11:55,55.05,55.05,55.05,55.05,125,7925
20210618,11:56,54.75,54.75,54.75,54.75,500,7925
20210618,11:58,52.15,52.15,52.15,52.15,225,8075
20210618,11:59,51.65,51.65,51.65,51.65,175,8075
20210618,12:00,51.10,51.10,51.10,51.10,75,7900
20210618,12:02,48.80,48.80,48.80,48.80,500,7900
20210618,12:03,47.30,47.30,45.75,46.35,825,8325
20210618,12:04,47.00,47.05,47.00,47.05,175,8325
20210618,12:05,47.15,47.15,47.15,47.15,75,8325
20210618,12:07,46.35,46.35,46.35,46.35,200,8350
20210618,12:08,46.90,46.90,46.90,46.90,100,8350
20210618,12:10,53.05,53.05,53.05,53.05,100,8425
20210618,12:11,57.00,57.00,57.00,57.00,250,8425
20210618,12:12,56.65,56.65,56.65,56.65,125,8150
20210618,12:14,52.95,52.95,52.95,52.95,150,8150
20210618,12:15,51.65,51.65,51.65,51.65,100,8025
20210618,12:16,50.35,50.35,50.35,50.35,75,8025
20210618,12:20,49.65,49.65,49.65,49.65,50,8075
20210618,12:21,50.00,50.00,50.00,50.00,50,8075
20210618,12:22,49.95,49.95,49.95,49.95,50,7850
20210618,12:23,49.20,49.20,49.20,49.20,25,7850
20210618,12:24,49.50,49.50,49.50,49.50,100,7850
20210618,12:25,47.90,48.90,47.90,48.90,100,7950
20210618,12:26,50.45,50.45,50.45,50.45,150,7950
20210618,12:27,50.55,50.55,50.55,50.55,125,7950
20210618,12:28,48.65,48.65,48.65,48.65,50,8250
20210618,12:32,40.40,40.40,40.40,40.40,75,8200
20210618,12:33,45.50,45.50,45.50,45.50,150,8150
20210618,12:35,43.00,43.00,43.00,43.00,750,8150
20210618,12:37,43.80,43.80,43.80,43.80,100,8550
20210618,12:40,45.00,45.00,45.00,45.00,25,8625
20210618,12:42,42.40,42.40,42.40,42.40,125,8625
20210618,12:43,41.90,41.90,41.90,41.90,125,8425
20210618,12:44,43.10,43.10,43.10,43.10,50,8425
20210618,12:45,43.10,43.10,43.10,43.10,50,8425
20210618,12:48,43.15,43.15,43.15,43.15,25,8000
20210618,12:49,43.40,43.40,43.40,43.40,125,8000
20210618,12:50,43.75,43.75,43.75,43.75,200,8000
20210618,12:51,43.00,43.00,43.00,43.00,50,7900
20210618,12:52,43.55,43.55,43.55,43.55,75,7900
20210618,12:53,43.85,43.85,43.85,43.85,50,7900
20210618,12:54,46.60,46.60,46.60,46.60,125,7900
20210618,12:55,46.25,46.25,46.25,46.25,500,7950
20210618,12:56,47.50,49.95,47.50,49.95,1350,7950
20210618,12:57,49.90,49.90,48.95,48.95,400,8075
20210618,12:58,48.60,48.60,48.60,48.60,50,8075
20210618,12:59,47.10,47.10,47.10,47.10,25,8075
20210618,13:02,46.85,46.85,46.85,46.85,25,8450
20210618,13:03,48.00,49.95,48.00,49.95,150,8475
20210618,13:04,50.15,50.15,50.15,50.15,50,8475
20210618,13:05,50.55,50.55,50.00,50.00,125,8475
20210618,13:06,49.30,49.30,49.30,49.30,25,8550
20210618,13:07,49.20,49.20,49.20,49.20,50,8550
20210618,13:10,50.25,50.25,50.25,50.25,50,8575
20210618,13:13,45.30,45.30,45.30,45.30,950,8625
20210618,13:15,50.60,50.60,50.60,50.60,425,8625
20210618,13:16,48.60,48.60,48.60,48.60,100,8400
20210618,13:17,46.35,46.35,46.35,46.35,25,8400
20210618,13:20,45.85,45.85,45.85,45.85,25,8425
20210618,13:21,46.10,46.10,46.10,46.10,100,8425
20210618,13:22,45.70,45.85,44.80,44.80,400,8500
20210618,13:23,45.10,45.10,45.10,45.10,25,8500
20210618,13:24,45.90,45.90,45.90,45.90,100,8525
20210618,13:25,46.65,46.65,46.65,46.65,50,8525
20210618,13:26,47.60,47.60,47.60,47.60,175,8525
20210618,13:27,48.15,48.15,48.15,48.15,50,8525
20210618,13:28,48.80,49.55,48.80,49.55,350,8600
20210618,13:29,50.85,50.85,50.85,50.85,50,8600
20210618,13:30,50.25,50.25,50.25,50.25,150,8600
20210618,13:31,49.40,49.40,49.40,49.40,75,8500
20210618,13:32,53.50,53.50,53.50,53.50,100,8500
20210618,13:33,52.90,52.90,51.90,51.90,350,8500
20210618,13:34,51.00,51.00,51.00,51.00,25,8500
20210618,13:35,49.20,49.20,49.10,49.10,50,8700
20210618,13:36,50.30,50.30,50.30,50.30,25,8700
20210618,13:37,49.90,49.90,49.90,49.90,25,8750
20210618,13:41,48.05,48.05,48.05,48.05,50,8775
20210618,13:42,49.15,49.15,49.15,49.15,125,8775
20210618,13:43,48.45,48.45,48.45,48.45,50,8725
20210618,13:44,47.30,47.30,46.35,46.35,575,8725
20210618,13:46,44.30,44.30,44.30,44.30,225,8925
20210618,13:47,45.25,45.25,45.25,45.25,75,8925
20210618,13:48,42.80,42.80,42.50,42.50,75,8975
20210618,13:49,43.15,43.15,43.15,43.15,25,8975
20210618,13:54,45.05,45.05,45.05,45.05,25,9000
20210618,13:57,41.20,41.50,41.20,41.50,375,8925
20210618,13:58,41.80,41.80,41.80,41.80,200,8925
20210618,13:59,40.35,40.35,40.35,40.35,450,8925
20210618,14:00,40.60,41.05,40.60,41.05,100,8925
20210618,14:01,40.50,40.50,40.50,40.50,25,8725
20210618,14:02,39.25,39.25,39.25,39.25,125,8725
20210618,14:04,38.80,38.80,38.50,38.50,275,8625
20210618,14:11,39.90,39.90,39.90,39.90,25,8550
20210618,14:14,39.90,39.90,39.90,39.90,25,8575
20210618,14:18,39.75,39.75,39.75,39.75,75,8575
20210618,14:19,39.95,39.95,39.95,39.95,25,8650
20210618,14:22,40.95,40.95,40.95,40.95,50,8675
20210618,14:23,40.65,40.65,40.65,40.65,100,8675
20210618,14:25,40.20,40.20,40.20,40.20,75,8775
20210618,14:26,40.55,40.55,40.55,40.55,25,8775
20210618,14:29,37.50,37.50,37.50,37.50,25,8825
20210618,14:31,36.00,36.00,36.00,36.00,425,8825
20210618,14:32,36.10,36.10,36.10,36.10,400,9175
20210618,14:33,35.10,35.10,35.10,35.10,425,9175
20210618,14:34,35.00,35.00,35.00,35.00,150,9100
20210618,14:35,34.90,34.90,34.90,34.90,25,9100
20210618,14:37,34.30,34.30,34.30,34.30,25,9100
20210618,14:38,35.00,35.00,35.00,35.00,75,9125
20210618,14:41,34.25,34.25,34.25,34.25,50,9150
20210618,14:42,32.80,32.80,32.80,32.80,250,9150
20210618,14:43,31.75,31.75,31.75,31.75,75,9375
20210618,14:44,31.00,31.00,31.00,31.00,200,9375
20210618,14:45,29.95,29.95,29.95,29.95,150,9375
20210618,14:46,29.85,29.85,29.85,29.85,200,9500
20210618,14:47,30.25,30.25,30.25,30.25,125,9500
20210618,14:48,32.00,32.00,32.00,32.00,400,9500
20210618,14:49,32.55,32.55,32.55,32.55,175,9900
20210618,14:50,32.65,32.65,32.65,32.65,75,9900
20210618,14:51,31.70,31.70,31.70,31.70,50,9900
20210618,14:55,30.85,30.85,30.85,30.85,75,9875
20210618,14:56,30.75,31.50,30.75,31.50,175,9875
20210618,14:58,32.95,32.95,32.95,32.95,200,10100
20210618,14:59,31.75,31.75,31.75,31.75,150,10100
20210618,15:00,30.40,30.40,30.40,30.40,100,10100
20210618,15:01,31.40,31.40,31.40,31.40,800,10200
20210618,15:03,32.00,32.00,32.00,32.00,475,10200
20210618,15:04,31.25,31.25,31.25,31.25,125,9650
20210618,15:05,30.70,30.70,30.70,30.70,100,9650
20210618,15:07,29.75,29.75,29.75,29.75,275,9775
20210618,15:09,28.30,28.30,28.30,28.30,50,9775
20210618,15:10,31.25,31.25,31.25,31.25,750,9775
20210618,15:11,28.45,28.45,28.45,28.45,825,9775
20210618,15:12,27.40,27.40,27.40,27.40,75,9775
20210618,15:13,27.00,27.10,27.00,27.10,750,10225
20210618,15:14,27.05,27.05,27.05,27.05,150,10225
20210618,15:15,26.85,26.85,26.85,26.85,50,10225
20210618,15:16,27.10,27.10,27.10,27.10,25,10050
20210618,15:17,26.00,26.00,26.00,26.00,875,10050
20210618,15:18,26.05,26.05,26.00,26.00,400,10050
20210618,15:19,25.65,25.65,25.65,25.65,525,10350
20210618,15:20,25.85,25.85,25.85,25.85,75,10350
20210618,15:22,26.80,26.80,26.15,26.15,1450,10650
20210618,15:23,26.40,26.40,26.40,26.40,400,10650
20210618,15:24,26.85,26.85,26.85,26.85,2275,10650
20210618,15:25,26.40,26.40,26.40,26.40,125,10650
20210618,15:26,26.45,26.45,26.45,26.45,2875,10575
20210618,15:27,31.00,31.00,27.30,27.55,375,10575
20210618,15:28,28.40,28.40,28.40,28.40,75,9975
20210618,15:29,33.90,33.90,33.90,33.90,350,9975
20210621,09:17,48.70,65.40,43.20,65.40,352,8100
20210621,09:19,74.70,74.70,74.70,74.70,1900,8200
20210621,09:20,58.20,58.20,58.20,58.20,2500,9900
20210621,09:22,52.50,52.50,52.50,52.50,550,9900
20210621,09:24,48.60,48.60,48.60,48.60,300,9550
20210621,09:25,42.50,42.50,42.50,42.50,225,9550
20210621,09:27,46.15,46.15,46.15,46.15,1150,9325
20210621,09:28,46.00,46.00,46.00,46.00,225,9325
20210621,09:29,46.50,46.50,46.50,46.50,150,10425
20210621,09:31,46.60,46.60,46.60,46.60,125,10425
20210621,09:32,41.75,41.75,41.75,41.75,750,10325
20210621,09:34,44.55,44.55,44.55,44.55,250,10325
20210621,09:35,43.75,43.75,43.75,43.75,250,10325
20210621,09:36,44.60,44.60,44.60,44.60,100,10500
20210621,09:37,44.35,44.35,44.35,44.35,50,10500
20210621,09:39,42.10,42.10,42.10,42.10,25,9850
20210621,09:40,42.50,42.50,42.50,42.50,300,9850
20210621,09:41,43.25,43.25,43.25,43.25,450,9850
20210621,09:43,42.00,42.00,42.00,42.00,425,9850
20210621,09:44,42.10,42.10,42.10,42.10,150,9850
20210621,09:45,44.10,44.10,44.10,44.10,100,10650
20210621,09:49,44.20,44.20,44.20,44.20,825,10700
20210621,09:50,44.45,44.45,44.45,44.45,100,10700
20210621,09:53,48.00,48.00,48.00,48.00,125,10875
20210621,09:54,49.80,49.80,49.80,49.80,1150,10850
20210621,09:55,49.55,49.55,49.55,49.55,200,10850
20210621,09:57,46.45,46.45,46.45,46.45,25,11350
20210621,09:58,46.30,46.30,46.30,46.30,200,11350
20210621,09:59,45.20,45.20,45.20,45.20,250,11350
20210621,10:00,44.15,44.15,44.15,44.15,25,11225
20210621,10:01,42.25,42.25,42.25,42.25,100,11225
20210621,10:02,39.25,39.25,39.25,39.25,425,11075
20210621,10:03,39.95,39.95,39.95,39.95,50,11075
20210621,10:04,40.50,40.50,40.50,40.50,125,11075
20210621,10:05,40.00,40.00,40.00,40.00,75,11075
20210621,10:06,40.00,40.00,40.00,40.00,75,11100
20210621,10:07,40.25,40.25,40.25,40.25,25,11100
20210621,10:08,39.90,39.90,39.90,39.90,50,11100
20210621,10:09,39.25,39.25,39.25,39.25,25,11075
20210621,10:10,38.80,38.80,38.80,38.80,25,11075
20210621,10:11,37.05,37.05,37.05,37.05,25,11075
20210621,10:12,36.80,36.80,36.80,36.80,400,11075
20210621,10:13,38.05,38.05,38.05,38.05,275,11075
20210621,10:14,38.65,38.65,38.65,38.65,125,11075
20210621,10:15,38.15,38.40,38.15,38.40,525,11400
20210621,10:18,38.40,38.40,38.40,38.40,150,11650
20210621,10:19,38.30,38.30,38.30,38.30,75,11650
20210621,10:20,37.95,37.95,37.95,37.95,150,11650
20210621,10:21,37.75,37.75,37.75,37.75,125,11925
20210621,10:22,38.80,38.80,38.80,38.80,50,11925
20210621,10:25,37.40,37.40,37.40,37.40,50,11925
20210621,10:26,39.00,39.00,39.00,39.00,250,11925
20210621,10:27,37.05,37.05,37.05,37.05,50,11925
20210621,10:28,37.50,37.50,37.50,37.50,250,12025
20210621,10:29,36.90,36.90,36.90,36.90,50,12025
20210621,10:30,34.95,34.95,34.95,34.95,250,12200
20210621,10:33,33.60,33.60,33.60,33.60,375,12200
20210621,10:34,33.50,36.00,33.50,36.00,825,12125
20210621,10:35,36.00,36.25,36.00,36.00,300,12425
20210621,10:36,36.75,36.75,36.40,36.40,100,12425
20210621,10:37,37.65,37.65,37.65,37.65,150,12425
20210621,10:38,36.70,36.70,36.70,36.70,75,12425
20210621,10:39,36.70,36.70,36.70,36.70,150,12800
20210621,10:41,36.75,36.75,36.75,36.75,300,12800
20210621,10:42,35.50,35.50,35.50,35.50,300,13000
20210621,10:43,36.35,36.35,36.35,36.35,50,13000
20210621,10:45,35.50,35.50,35.50,35.50,50,13300
20210621,10:46,35.80,35.80,35.80,35.80,300,13300
20210621,10:47,35.60,35.60,35.60,35.60,75,13300
20210621,10:48,36.10,36.10,36.10,36.10,50,13425
20210621,10:49,36.60,36.60,36.60,36.60,75,13425
20210621,10:50,35.85,35.85,35.85,35.85,525,13425
20210621,10:51,35.75,35.75,35.75,35.75,125,13425
20210621,10:53,35.45,36.25,35.45,36.25,100,13725
20210621,10:55,35.85,36.45,35.85,36.45,1125,13800
20210621,10:56,36.00,36.00,36.00,36.00,275,13800
20210621,10:57,37.40,37.40,37.40,37.40,200,14975
20210621,10:58,36.15,36.75,36.15,36.75,550,14975
20210621,10:59,36.10,36.10,36.10,36.10,75,14975
20210621,11:00,38.20,38.20,38.20,38.20,25,15525
20210621,11:01,38.25,38.25,38.25,38.25,100,15525
20210621,11:03,38.00,38.00,38.00,38.00,25,15475
20210621,11:04,36.10,36.10,36.10,36.10,75,15475
20210621,11:06,36.05,36.05,36.05,36.05,75,15525
20210621,11:07,37.35,37.35,37.35,37.35,50,15525
20210621,11:08,37.40,37.40,37.40,37.40,125,15525
20210621,11:09,37.10,37.10,37.10,37.10,125,15475
20210621,11:10,38.05,38.05,37.15,37.15,225,15475
20210621,11:12,38.10,38.10,38.10,38.10,100,15475
20210621,11:13,37.10,37.10,37.10,37.10,50,15475
20210621,11:14,38.15,38.15,38.15,38.15,25,15475
20210621,11:15,38.30,38.30,38.30,38.30,75,15475
20210621,11:16,38.65,38.65,38.65,38.65,25,15475
20210621,11:18,38.10,38.10,38.10,38.10,100,15550
20210621,11:19,37.10,37.65,37.10,37.65,325,15550
20210621,11:21,38.80,38.80,38.80,38.80,600,15700
20210621,11:22,39.15,39.50,39.15,39.50,175,15700
20210621,11:23,38.95,38.95,38.95,38.95,50,15700
20210621,11:24,37.05,37.05,37.05,37.05,275,15500
20210621,11:25,37.65,37.65,37.65,37.65,100,15500
20210621,11:26,38.05,38.05,38.05,38.05,25,15500
20210621,11:28,37.35,37.35,37.35,37.35,25,15525
20210621,11:29,37.25,37.25,37.25,37.25,25,15525
20210621,11:30,37.00,37.00,37.00,37.00,50,15525
20210621,11:32,37.10,37.10,37.10,37.10,50,15550
20210621,11:36,37.50,37.50,37.50,37.50,25,15550
20210621,11:38,36.90,36.90,36.90,36.90,300,15550
20210621,11:39,37.20,37.20,36.90,36.90,325,15550
20210621,11:40,36.15,36.15,36.15,36.15,50,15550
20210621,11:43,36.10,36.10,36.10,36.10,125,15550
20210621,11:44,35.80,35.80,35.80,35.80,25,15550
20210621,11:45,36.25,36.25,36.00,36.00,50,15550
20210621,11:47,36.00,36.00,36.00,36.00,175,15550
20210621,11:48,35.80,35.80,35.80,35.80,150,15550
20210621,11:49,35.90,35.90,35.90,35.90,50,15550
20210621,11:50,35.85,35.85,35.85,35.85,175,15550
20210621,11:51,35.25,35.25,35.25,35.25,125,15650
20210621,11:52,36.05,36.05,36.05,36.05,900,15650
20210621,11:53,36.85,36.85,36.25,36.25,275,15650
20210621,11:54,36.10,36.10,35.50,35.50,400,15425
20210621,11:55,35.15,35.15,35.15,35.15,50,15425
20210621,11:56,34.65,34.65,34.40,34.40,225,15425
20210621,11:57,34.40,34.40,34.40,34.40,25,15425
20210621,12:01,35.90,35.90,35.75,35.75,225,15100
20210621,12:02,36.15,36.15,36.15,36.15,25,15100
20210621,12:03,36.15,36.15,36.15,36.15,100,15100
20210621,12:05,36.00,36.00,36.00,36.00,50,15050
20210621,12:06,35.40,35.40,35.40,35.40,225,15000
20210621,12:07,35.75,35.75,35.75,35.75,75,15000
20210621,12:09,35.80,36.00,35.80,36.00,225,15025
20210621,12:10,35.65,35.65,35.65,35.65,225,15025
20210621,12:11,36.25,36.25,36.25,36.25,125,15025
20210621,12:12,36.10,36.10,36.10,36.10,50,15225
20210621,12:13,35.70,36.80,35.70,36.80,300,15225
20210621,12:14,36.50,36.50,36.50,36.50,50,15225
20210621,12:15,36.25,36.60,36.25,36.60,100,15150
20210621,12:18,37.05,37.05,37.05,37.05,125,15150
20210621,12:21,36.15,36.15,36.15,36.15,25,15150
20210621,12:24,35.35,35.35,35.35,35.35,25,15175
20210621,12:26,34.05,34.05,34.05,34.05,100,15200
20210621,12:27,34.45,34.45,34.45,34.45,75,15200
20210621,12:30,34.45,34.45,34.45,34.45,100,15225
20210621,12:32,33.70,33.70,33.70,33.70,50,15300
20210621,12:33,33.25,33.25,33.25,33.25,150,15300
20210621,12:35,30.15,30.15,30.15,30.15,150,15375
20210621,12:39,30.15,32.65,30.15,32.15,700,15525
20210621,12:41,31.90,31.90,31.90,31.90,25,15525
20210621,12:42,31.45,32.95,31.45,32.95,275,15925
20210621,12:43,33.15,33.15,32.45,32.45,250,15925
20210621,12:47,32.45,32.45,32.45,32.45,125,16100
20210621,12:48,32.50,32.50,32.50,32.50,75,16100
20210621,12:49,32.95,32.95,32.40,32.90,325,16175
20210621,12:50,32.45,32.45,32.25,32.25,150,16175
20210621,12:51,32.10,32.10,32.05,32.05,125,16250
20210621,12:52,32.75,32.75,32.75,32.75,50,16250
20210621,12:53,32.75,32.75,32.25,32.25,475,16250
20210621,12:54,32.35,32.80,32.30,32.30,425,16850
20210621,12:55,32.30,32.55,32.05,32.05,225,16850
20210621,12:56,32.10,32.10,32.10,32.10,25,16850
20210621,12:57,32.05,32.05,31.35,31.35,175,16650
20210621,12:58,32.45,32.45,32.45,32.45,50,16650
20210621,13:01,31.30,31.30,31.30,31.30,125,16700
20210621,13:02,31.50,31.50,31.50,31.50,50,16700
20210621,13:03,31.50,31.50,31.50,31.50,50,16700
20210621,13:05,30.00,30.00,30.00,30.00,225,16625
20210621,13:06,29.80,29.80,29.80,29.80,225,16750
20210621,13:07,29.30,29.30,29.30,29.30,200,16750
20210621,13:08,28.95,28.95,28.95,28.95,1425,16750
20210621,13:10,28.85,28.85,28.85,28.85,1700,18475
20210621,13:12,28.70,28.70,28.70,28.70,950,18475
20210621,13:13,28.00,28.00,28.00,28.00,550,19325
20210621,13:14,27.70,27.70,27.60,27.60,950,19325
20210621,13:17,28.80,28.80,28.80,28.80,625,20325
20210621,13:19,29.30,29.30,29.30,29.30,200,19550
20210621,13:20,28.95,28.95,28.95,28.95,425,19550
20210621,13:21,28.75,28.75,28.75,28.75,50,19550
20210621,13:22,28.45,28.45,28.45,28.45,50,19800
20210621,13:23,28.45,28.45,28.25,28.25,150,19800
20210621,13:24,28.60,28.60,28.60,28.60,75,19800
20210621,13:25,29.30,29.30,29.30,29.30,350,19900
20210621,13:26,28.45,28.45,28.45,28.45,325,19900
20210621,13:27,28.30,28.30,28.30,28.30,100,19900
20210621,13:28,29.20,29.20,29.20,29.20,125,20075
20210621,13:29,28.80,28.80,28.80,28.80,50,20075
20210621,13:30,29.00,29.00,29.00,29.00,50,20075
20210621,13:31,29.10,29.10,28.95,28.95,425,20125
20210621,13:32,28.85,28.85,28.85,28.85,25,20125
20210621,13:33,29.25,29.25,29.25,29.25,25,20125
20210621,13:34,28.75,28.85,28.75,28.85,325,20375
20210621,13:36,29.40,29.40,28.45,28.45,500,20675
20210621,13:37,28.75,28.75,28.75,28.75,100,20675
20210621,13:38,29.05,29.20,29.05,29.20,625,20675
20210621,13:39,28.75,28.75,28.75,28.75,200,20675
20210621,13:40,28.50,28.50,28.50,28.50,175,21425
20210621,13:41,26.25,26.25,26.25,26.25,1475,21425
20210621,13:42,27.85,27.85,27.85,27.85,150,21425
20210621,13:43,27.65,27.65,27.65,27.65,100,22325
20210621,13:44,27.65,27.65,27.65,27.65,75,22325
20210621,13:45,28.05,28.05,28.05,28.05,300,22525
20210621,13:46,28.20,28.20,28.20,28.20,25,22525
20210621,13:47,28.10,28.50,28.10,28.50,350,22525
20210621,13:48,28.45,28.45,28.45,28.45,100,22525
20210621,13:49,29.05,29.05,29.05,29.05,150,22650
20210621,13:51,29.40,29.40,29.40,29.40,200,22650
20210621,13:52,30.10,30.10,30.10,30.10,325,22625
20210621,13:54,27.15,27.75,27.15,27.75,400,22625
20210621,13:55,28.40,28.40,28.40,28.40,25,22425
20210621,13:57,28.10,28.10,28.10,28.10,25,22450
20210621,13:59,28.75,28.75,28.75,28.75,250,22450
20210621,14:00,27.15,27.15,27.15,27.15,50,22450
20210621,14:01,27.20,27.20,27.20,27.20,25,22450
20210621,14:06,27.55,27.55,27.55,27.55,25,22475
20210621,14:12,25.60,26.45,25.60,26.45,375,22450
20210621,14:15,25.55,25.55,25.55,25.55,100,22625
20210621,14:16,25.55,25.55,25.55,25.55,200,22575
20210621,14:17,25.55,25.55,25.55,25.55,250,22575
20210621,14:18,25.35,25.35,25.25,25.25,100,22575
20210621,14:19,25.25,25.25,25.25,25.25,150,22475
20210621,14:20,26.40,26.40,26.40,26.40,200,22475
20210621,14:21,26.40,26.40,26.40,26.40,50,22475
20210621,14:23,26.25,26.25,26.25,26.25,75,22475
20210621,14:24,25.25,25.25,25.25,25.25,100,22475
20210621,14:26,25.00,25.00,25.00,25.00,175,22375
20210621,14:27,24.50,25.85,24.50,25.85,250,22375
20210621,14:29,24.25,24.25,24.25,24.25,300,22425
20210621,14:30,23.90,23.90,23.90,23.90,775,22425
20210621,14:31,23.75,23.75,23.75,23.75,200,22125
20210621,14:32,24.50,24.75,24.50,24.75,350,22125
20210621,14:33,23.45,23.45,23.45,23.45,275,22125
20210621,14:34,23.30,23.30,23.30,23.30,150,22075
20210621,14:35,23.15,23.15,23.15,23.15,350,22075
20210621,14:36,23.65,23.65,23.65,23.65,375,22075
20210621,14:37,23.50,23.50,23.50,23.50,50,22050
20210621,14:38,21.15,21.15,21.15,21.15,2150,22050
20210621,14:40,23.95,23.95,23.95,23.95,1825,21800
20210621,14:41,25.05,25.05,24.95,24.95,1375,21800
20210621,14:42,23.75,23.75,23.75,23.75,700,21800
20210621,14:43,23.05,23.05,23.05,23.05,125,20850
20210621,14:44,23.10,23.10,23.10,23.10,325,20850
20210621,14:45,23.25,23.50,23.25,23.50,375,20850
20210621,14:46,23.35,23.35,23.35,23.35,125,20400
20210621,14:48,23.95,23.95,23.95,23.95,100,20400
20210621,14:49,24.35,24.35,23.90,23.90,200,20550
20210621,14:50,23.75,23.75,23.75,23.75,100,20550
20210621,14:51,23.25,23.25,23.25,23.25,175,20550
20210621,14:52,23.30,23.30,23.30,23.30,100,20550
20210621,14:53,21.80,21.80,21.80,21.80,300,20550
20210621,14:54,22.40,22.75,22.40,22.75,1175,19850
20210621,14:56,23.20,23.45,23.20,23.45,75,19850
20210621,14:57,24.15,24.15,24.15,24.15,150,19850
20210621,14:58,24.50,24.50,24.50,24.50,75,19850
20210621,14:59,23.85,24.00,23.85,24.00,650,20000
20210621,15:01,23.95,23.95,23.95,23.95,500,19525
20210621,15:02,23.90,23.90,23.90,23.90,75,19525
20210621,15:03,23.95,23.95,23.95,23.95,75,19525
20210621,15:04,21.85,21.85,21.85,21.85,225,19725
20210621,15:05,21.95,21.95,21.95,21.95,50,19725
20210621,15:06,21.05,21.05,21.00,21.00,175,19725
20210621,15:07,21.00,21.00,21.00,21.00,75,19700
20210621,15:08,21.00,21.00,20.85,20.85,300,19700
20210621,15:09,21.45,21.45,21.45,21.45,50,19700
20210621,15:10,21.60,21.75,21.60,21.75,125,19875
20210621,15:11,21.75,21.75,21.75,21.75,325,19875
20210621,15:13,20.85,21.35,20.85,21.35,425,19925
20210621,15:14,21.40,21.40,21.40,21.40,25,19925
20210621,15:15,20.50,20.50,20.45,20.45,175,19925
20210621,15:17,20.30,20.30,20.10,20.10,275,19900
20210621,15:18,19.70,19.70,19.70,19.70,250,19900
20210621,15:19,18.90,18.90,18.90,18.90,300,19625
20210621,15:20,19.50,19.50,19.40,19.40,875,19625
20210621,15:21,19.10,19.10,19.10,19.10,400,19625
20210621,15:22,18.70,18.70,18.70,18.70,350,19825
20210621,15:23,18.25,18.25,18.25,18.25,600,19825
20210621,15:24,18.50,18.65,18.45,18.50,575,19825
20210621,15:25,18.40,18.40,16.75,16.85,1125,19350
20210621,15:26,17.30,17.65,17.05,17.65,925,19350
20210621,15:27,17.65,17.65,17.65,17.65,125,19350
20210621,15:28,17.95,17.95,17.65,17.65,1200,18900
20210621,15:29,17.85,17.85,17.65,17.65,1100,18900
20210621,15:30,17.95,17.95,17.95,17.95,200,18900
20210622,09:16,14.90,18.95,14.70,18.95,1377,17300
20210622,09:17,20.45,20.45,20.45,20.45,275,18775
20210622,09:18,14.85,14.95,14.55,14.55,225,18775
20210622,09:19,14.55,14.55,14.55,14.55,100,18775
20210622,09:20,14.65,14.65,14.65,14.65,450,18775
20210622,09:21,15.05,15.05,15.05,15.05,625,19050
20210622,09:22,15.10,15.10,15.10,15.10,225,19050
20210622,09:23,15.05,15.05,15.05,15.05,875,19000
20210622,09:24,15.25,15.25,15.25,15.25,150,19000
20210622,09:25,16.00,16.20,16.00,16.20,900,19000
20210622,09:26,16.15,16.15,16.15,16.15,200,19000
20210622,09:27,16.25,16.25,16.05,16.05,375,19000
20210622,09:28,15.95,15.95,15.95,15.95,400,19000
20210622,09:30,15.60,15.60,15.60,15.60,250,19050
20210622,09:31,16.35,16.35,16.35,16.35,50,19050
20210622,09:32,16.45,16.45,16.25,16.25,375,18925
20210622,09:34,15.85,15.85,15.85,15.85,100,18925
20210622,09:35,16.50,16.50,16.35,16.35,775,18925
20210622,09:36,15.80,15.80,15.80,15.80,175,18725
20210622,09:37,16.60,16.60,16.15,16.15,175,18725
20210622,09:38,16.15,16.15,16.15,16.15,25,18725
20210622,09:39,16.35,16.35,16.35,16.35,100,18675
20210622,09:40,16.55,16.55,16.55,16.55,125,18675
20210622,09:41,16.25,16.25,16.25,16.25,500,18675
20210622,09:42,15.80,15.80,15.80,15.80,325,18600
20210622,09:43,13.50,15.85,13.50,15.85,1000,18600
20210622,09:44,15.70,15.70,15.70,15.70,200,18600
20210622,09:45,15.55,15.85,15.55,15.85,225,17825
20210622,09:46,15.85,15.85,15.75,15.75,50,17825
20210622,09:47,15.75,15.75,15.75,15.75,25,17825
20210622,09:48,15.75,15.75,15.75,15.75,175,17625
20210622,09:49,15.50,15.80,15.50,15.80,100,17625
20210622,09:50,16.55,16.55,16.55,16.55,225,17625
20210622,09:51,16.30,16.30,16.30,16.30,125,17600
20210622,09:52,16.05,16.05,16.05,16.05,25,17600
20210622,09:53,16.05,16.05,16.05,16.05,125,17600
20210622,09:56,16.30,16.30,15.80,15.80,100,17550
20210622,09:57,16.10,16.10,16.10,16.10,125,17500
20210622,09:58,16.05,16.05,16.05,16.05,25,17500
20210622,09:59,16.15,16.15,16.15,16.15,50,17500
20210622,10:00,16.30,16.30,16.30,16.30,50,17500
20210622,10:01,16.20,16.20,16.20,16.20,225,17500
20210622,10:02,15.20,15.70,15.20,15.70,350,17500
20210622,10:04,15.55,15.70,15.55,15.70,500,17600
20210622,10:05,15.65,15.65,15.65,15.65,200,17600
20210622,10:06,15.80,15.80,15.80,15.80,25,17875
20210622,10:07,16.00,16.00,16.00,16.00,275,17875
20210622,10:08,16.00,16.00,16.00,16.00,325,17875
20210622,10:09,15.75,15.75,15.75,15.75,75,18050
20210622,10:10,16.10,16.10,16.10,16.10,50,18050
20210622,10:11,16.45,16.45,16.45,16.45,100,18050
20210622,10:12,16.25,16.25,16.15,16.15,800,18000
20210622,10:14,16.20,16.20,16.20,16.20,25,17800
20210622,10:15,16.35,16.35,16.35,16.35,650,17800
20210622,10:16,16.85,16.85,16.85,16.85,125,17800
20210622,10:17,16.65,16.90,16.65,16.90,175,17800
20210622,10:18,16.65,16.65,16.65,16.65,175,17800
20210622,10:20,16.75,16.75,16.75,16.75,300,17800
20210622,10:21,16.75,16.75,16.75,16.75,175,18050
20210622,10:22,16.60,16.60,16.60,16.60,75,18050
20210622,10:23,16.75,17.00,16.75,17.00,1250,18625
20210622,10:24,17.20,17.20,17.20,17.20,225,18625
20210622,10:25,16.85,16.85,16.85,16.85,1650,18625
20210622,10:26,17.25,17.25,17.25,17.25,500,18625
20210622,10:27,16.90,16.90,16.90,16.90,75,17925
20210622,10:28,16.85,16.90,16.85,16.90,300,17925
20210622,10:30,16.75,16.75,16.75,16.75,175,17750
20210622,10:31,16.60,16.60,16.60,16.60,75,17750
20210622,10:32,16.80,16.80,16.80,16.80,25,17750
20210622,10:33,16.55,16.55,16.55,16.55,75,17750
20210622,10:36,17.00,17.00,16.85,16.85,125,17625
20210622,10:37,17.10,17.10,17.10,17.10,200,17625
20210622,10:38,17.10,17.35,17.10,17.10,200,17625
20210622,10:39,17.00,17.00,17.00,17.00,150,17350
20210622,10:40,17.10,17.10,17.00,17.00,175,17350
20210622,10:41,17.00,17.00,17.00,17.00,25,17350
20210622,10:44,16.90,16.90,16.90,16.90,200,17150
20210622,10:46,16.70,16.70,16.70,16.70,100,17300
20210622,10:48,16.75,16.75,16.75,16.75,75,17250
20210622,10:49,17.25,17.25,17.25,17.25,100,17250
20210622,10:51,17.10,17.10,16.90,16.90,425,17300
20210622,10:52,16.85,16.85,16.85,16.85,175,17300
20210622,10:55,16.80,16.80,16.80,16.80,25,17075
20210622,10:57,16.45,16.50,16.45,16.50,350,17025
20210622,11:00,16.70,16.70,16.70,16.70,650,17200
20210622,11:01,16.60,16.60,16.60,16.60,75,17200
20210622,11:03,16.45,16.45,16.45,16.45,25,17200
20210622,11:04,16.45,16.45,16.45,16.45,150,17175
20210622,11:07,16.30,16.30,16.30,16.30,50,17175
20210622,11:08,16.35,16.35,16.35,16.35,25,17175
20210622,11:10,16.50,16.50,16.50,16.50,150,17150
20210622,11:12,16.70,16.70,16.70,16.70,400,17150
20210622,11:14,16.70,16.70,16.70,16.70,75,17150
20210622,11:16,17.00,17.00,17.00,17.00,175,17075
20210622,11:18,17.00,17.00,17.00,17.00,425,17075
20210622,11:19,16.75,16.75,16.75,16.75,50,17075
20210622,11:21,16.60,16.60,16.60,16.60,250,17100
20210622,11:23,16.65,16.65,16.65,16.65,25,17100
20210622,11:25,16.35,16.35,16.35,16.35,25,17125
20210622,11:26,16.55,16.55,16.55,16.55,125,17125
20210622,11:27,16.30,16.35,16.30,16.35,625,16925
20210622,11:30,16.55,16.55,16.55,16.55,25,16925
20210622,11:32,16.25,16.25,16.25,16.25,75,17050
20210622,11:33,16.20,16.20,16.20,16.20,25,17050
20210622,11:34,16.55,16.55,16.55,16.55,125,17050
20210622,11:35,16.50,16.60,16.50,16.60,50,17050
20210622,11:37,16.45,16.45,16.45,16.45,50,16875
20210622,11:42,16.45,16.45,16.45,16.45,125,16900
20210622,11:43,16.50,16.50,16.50,16.50,50,16900
20210622,11:44,16.80,16.80,16.80,16.80,25,16900
20210622,11:47,16.10,16.10,16.10,16.10,200,16900
20210622,11:48,16.25,16.25,16.25,16.25,25,16900
20210622,11:49,16.50,16.60,16.50,16.60,425,16775
20210622,11:50,16.65,16.65,16.65,16.65,150,16775
20210622,11:51,16.40,16.40,16.40,16.40,125,16550
20210622,11:52,16.65,16.65,16.65,16.65,25,16550
20210622,11:53,16.70,16.70,16.70,16.70,50,16550
20210622,11:54,16.75,16.75,16.75,16.75,25,16500
20210622,11:55,17.00,17.00,17.00,17.00,100,16500
20210622,11:56,16.85,16.85,16.85,16.85,25,16500
20210622,11:58,16.90,16.90,16.80,16.80,250,16400
20210622,11:59,16.75,16.80,16.75,16.80,375,16400
20210622,12:00,16.40,16.90,16.40,16.90,500,16250
20210622,12:01,16.90,16.95,16.90,16.95,700,16250
20210622,12:05,16.75,16.75,16.75,16.75,25,16600
20210622,12:07,16.80,16.80,16.80,16.80,25,16300
20210622,12:08,16.80,16.80,16.80,16.80,25,16300
20210622,12:09,16.95,16.95,16.80,16.80,50,16350
20210622,12:13,16.45,16.45,16.45,16.45,25,15525
20210622,12:14,16.10,16.10,16.10,16.10,200,15525
20210622,12:16,16.80,17.00,16.80,17.00,125,15675
20210622,12:18,17.00,17.00,17.00,17.00,50,15650
20210622,12:21,16.85,16.85,16.85,16.85,250,15475
20210622,12:22,16.15,16.40,16.10,16.40,275,15475
20210622,12:24,16.50,16.75,16.50,16.75,75,15725
20210622,12:25,16.35,16.35,16.35,16.35,125,15725
20210622,12:28,16.60,16.60,16.60,16.60,25,15700
20210622,12:29,16.95,17.65,16.95,17.65,100,15700
20210622,12:30,18.00,18.00,18.00,18.00,25,15700
20210622,12:31,17.40,17.40,17.40,17.40,75,15625
20210622,12:34,16.65,16.80,16.65,16.80,175,15625
20210622,12:37,17.00,17.00,17.00,17.00,25,15625
20210622,12:39,16.40,16.50,16.40,16.50,150,15625
20210622,12:42,17.50,17.50,17.50,17.50,275,15625
20210622,12:43,17.50,17.50,17.50,17.50,50,15800
20210622,12:44,17.40,17.40,17.40,17.40,75,15800
20210622,12:45,17.25,17.25,17.25,17.25,50,15800
20210622,12:46,17.35,17.35,17.35,17.35,150,15775
20210622,12:50,16.65,16.65,16.65,16.65,25,15800
20210622,12:51,16.55,16.55,16.55,16.55,50,15800
20210622,12:52,16.95,17.30,16.95,17.30,200,15750
20210622,12:53,17.40,17.40,17.40,17.40,50,15750
20210622,12:54,17.60,17.60,17.60,17.60,75,15625
20210622,12:55,16.80,16.80,16.80,16.80,225,15625
20210622,12:56,16.80,16.80,16.80,16.80,225,15625
20210622,12:57,16.80,16.80,16.80,16.80,250,15625
20210622,12:58,16.20,16.20,16.20,16.20,25,15550
20210622,12:59,16.75,16.75,16.75,16.75,50,15550
20210622,13:00,16.55,16.55,16.55,16.55,25,15550
20210622,13:01,15.65,15.65,15.65,15.65,275,15525
20210622,13:02,15.55,15.55,15.55,15.55,150,15525
20210622,13:04,16.10,16.10,16.10,16.10,50,15775
20210622,13:05,16.00,16.15,16.00,16.15,225,15775
20210622,13:07,16.55,16.55,16.55,16.55,175,15825
20210622,13:08,16.50,16.50,16.50,16.50,275,15825
20210622,13:09,16.50,16.50,16.50,16.50,100,15825
20210622,13:10,16.30,16.30,16.30,16.30,150,15500
20210622,13:11,17.05,17.05,17.05,17.05,325,15500
20210622,13:12,17.00,17.00,17.00,17.00,75,15500
20210622,13:14,15.90,15.90,15.80,15.80,150,15200
20210622,13:17,16.25,16.25,16.25,16.25,25,15150
20210622,13:18,16.50,16.55,16.50,16.55,100,15150
20210622,13:19,16.75,16.75,16.75,16.75,625,15200
20210622,13:20,17.00,17.00,16.85,16.85,775,15200
20210622,13:22,17.10,17.10,17.10,17.10,25,14775
20210622,13:23,17.35,17.35,17.35,17.35,25,14775
20210622,13:24,17.25,17.25,17.25,17.25,25,14775
20210622,13:26,17.10,17.10,17.10,17.10,125,14725
20210622,13:27,17.25,17.50,17.25,17.50,50,14650
20210622,13:28,16.85,16.85,16.85,16.85,75,14650
20210622,13:30,16.80,16.80,16.80,16.80,125,14650
20210622,13:34,17.50,17.50,17.50,17.50,100,14650
20210622,13:35,17.30,17.30,17.30,17.30,125,14650
20210622,13:37,16.80,16.80,16.80,16.80,25,14650
20210622,13:38,17.25,17.25,17.25,17.25,50,14700
20210622,13:39,17.05,17.05,17.05,17.05,25,14700
20210622,13:41,17.25,17.25,17.25,17.25,100,14700
20210622,13:42,17.25,17.25,17.25,17.25,50,14700
20210622,13:43,17.55,17.55,17.55,17.55,75,14700
20210622,13:46,17.30,17.30,17.30,17.30,25,14575
20210622,13:47,17.75,17.75,17.75,17.75,150,14575
20210622,13:48,17.45,17.45,17.45,17.45,100,14675
20210622,13:49,17.05,17.05,17.05,17.05,100,14675
20210622,13:50,17.20,17.20,17.20,17.20,50,14675
20210622,13:55,17.60,17.60,17.60,17.60,25,14625
20210622,13:56,17.25,17.25,17.25,17.25,25,14625
20210622,13:57,17.40,17.40,17.40,17.40,25,14625
20210622,13:59,18.15,18.15,18.15,18.15,25,14675
20210622,14:01,21.50,21.50,21.50,21.50,1650,14475
20210622,14:03,18.65,18.65,18.65,18.65,175,14475
20210622,14:04,17.65,18.25,17.65,18.25,150,14675
20210622,14:05,19.00,19.00,19.00,19.00,450,14675
20210622,14:06,19.30,19.30,19.30,19.30,25,14675
20210622,14:07,19.05,19.05,19.05,19.05,175,14500
20210622,14:08,18.80,18.80,18.80,18.80,125,14500
20210622,14:09,18.05,18.05,17.00,17.00,725,14875
20210622,14:10,17.65,17.65,17.65,17.65,125,14875
20210622,14:11,17.40,17.40,17.40,17.40,150,14875
20210622,14:12,17.35,17.35,17.35,17.35,150,14875
20210622,14:13,16.80,17.00,16.80,17.00,200,14800
20210622,14:14,16.95,16.95,16.95,16.95,50,14800
20210622,14:15,17.00,17.50,17.00,17.50,650,14800
20210622,14:16,17.05,17.05,17.05,17.05,50,14575
20210622,14:18,17.15,17.15,17.10,17.10,425,14575
20210622,14:19,16.95,16.95,16.95,16.95,250,14700
20210622,14:20,17.00,17.00,17.00,17.00,100,14700
20210622,14:21,17.10,17.10,17.10,17.10,400,14700
20210622,14:22,17.00,17.00,16.80,16.80,125,14925
20210622,14:23,16.20,16.20,16.20,16.20,125,14925
20210622,14:24,16.15,16.15,16.15,16.15,75,14925
20210622,14:25,15.80,15.80,15.80,15.80,25,14925
20210622,14:26,16.15,16.15,15.75,15.75,150,15025
20210622,14:27,15.70,15.70,15.70,15.70,50,15025
20210622,14:29,15.45,15.45,15.45,15.45,1025,15100
20210622,14:30,15.00,15.00,15.00,15.00,225,15100
20210622,14:31,15.30,15.30,15.30,15.30,175,15100
20210622,14:32,15.55,15.55,15.55,15.55,100,15875
20210622,14:33,15.25,15.25,15.25,15.25,75,15875
20210622,14:34,15.25,15.80,15.25,15.80,275,15825
20210622,14:35,15.45,15.45,15.45,15.45,275,15825
20210622,14:36,15.80,15.80,15.80,15.80,175,15825
20210622,14:37,15.95,15.95,15.85,15.85,375,16125
20210622,14:38,15.80,15.80,15.80,15.80,25,16125
20210622,14:41,15.75,15.85,15.75,15.85,100,16200
20210622,14:43,16.05,16.05,16.05,16.05,75,16325
20210622,14:44,15.95,15.95,15.95,15.95,100,16325
20210622,14:46,17.25,17.25,17.25,17.25,325,16450
20210622,14:47,17.60,17.60,17.60,17.60,100,16450
20210622,14:48,17.65,17.65,17.60,17.60,75,16450
20210622,14:50,18.00,18.00,18.00,18.00,50,16475
20210622,14:51,17.70,17.70,17.70,17.70,450,16475
20210622,14:52,17.85,17.85,17.85,17.85,75,16475
20210622,14:54,18.05,18.05,18.05,18.05,425,16650
20210622,14:55,18.65,18.65,18.65,18.65,125,16900
20210622,14:56,17.65,17.65,17.65,17.65,325,16900
20210622,14:57,17.55,17.60,17.55,17.60,425,16900
20210622,14:58,17.80,17.80,17.80,17.80,75,16850
20210622,15:00,17.85,17.85,17.85,17.85,300,16850
20210622,15:01,18.45,18.45,18.45,18.45,50,16850
20210622,15:02,18.00,18.00,18.00,18.00,675,17025
20210622,15:03,18.00,18.00,17.95,17.95,100,17025
20210622,15:05,17.65,18.00,17.65,18.00,500,17425
20210622,15:06,18.10,18.10,18.10,18.10,150,17425
20210622,15:08,18.00,18.00,18.00,18.00,425,17300
20210622,15:09,17.40,17.40,17.40,17.40,300,17300
20210622,15:10,17.80,17.80,17.80,17.80,100,17300
20210622,15:11,18.45,18.45,18.45,18.45,100,17175
20210622,15:12,18.60,18.60,18.60,18.60,100,17175
20210622,15:13,18.80,18.80,18.80,18.80,100,17175
20210622,15:14,19.00,19.00,18.85,18.85,250,17175
20210622,15:15,19.40,19.40,19.40,19.40,500,17175
20210622,15:16,19.15,19.15,19.15,19.15,100,17400
20210622,15:17,19.00,19.65,19.00,19.60,500,17400
20210622,15:18,19.90,20.00,19.40,19.85,200,17400
20210622,15:20,20.20,20.20,20.20,20.20,550,17500
20210622,15:21,20.80,20.80,20.80,20.80,575,17500
20210622,15:22,20.95,20.95,20.95,20.95,350,18325
20210622,15:23,20.90,20.90,20.90,20.90,1000,18325
20210622,15:24,20.70,20.70,20.70,20.70,25,18325
20210622,15:25,20.85,20.85,20.85,20.85,150,18800
20210622,15:26,21.30,21.30,21.25,21.25,775,18800
20210622,15:27,21.55,21.55,21.55,21.55,325,18800
20210622,15:28,21.70,21.85,21.70,21.85,575,18725
20210622,15:29,22.75,22.75,22.75,22.75,675,18725
20210623,09:18,15.05,18.25,14.10,17.75,1653,19125
20210623,09:19,21.80,21.80,21.80,21.80,1800,19125
20210623,09:21,17.40,17.40,17.40,17.40,550,18675
20210623,09:22,18.45,18.45,18.45,18.45,75,18675
20210623,09:23,18.40,18.40,18.40,18.40,900,18675
20210623,09:24,18.75,18.75,18.75,18.75,300,18900
20210623,09:25,18.10,18.10,18.10,18.10,350,18900
20210623,09:26,17.70,17.70,17.70,17.70,325,18900
20210623,09:27,17.75,17.75,17.75,17.75,50,18950
20210623,09:28,17.60,17.60,17.60,17.60,400,18950
20210623,09:29,18.50,18.50,18.50,18.50,400,18825
20210623,09:30,18.90,18.90,18.90,18.90,2075,18825
20210623,09:31,19.30,19.30,19.30,19.30,600,18825
20210623,09:32,19.65,19.65,19.65,19.65,300,19125
20210623,09:33,20.05,20.05,20.05,20.05,350,19125
20210623,09:34,20.10,20.10,20.10,20.10,500,19125
20210623,09:35,20.50,20.50,20.50,20.50,425,19125
20210623,09:36,20.85,20.85,20.85,20.85,125,19750
20210623,09:37,20.10,20.10,20.10,20.10,1475,19750
20210623,09:38,20.25,20.25,20.25,20.25,275,19750
20210623,09:39,20.35,20.35,20.35,20.35,250,19500
20210623,09:40,20.20,20.20,20.20,20.20,1725,19500
20210623,09:41,20.20,20.20,20.20,20.20,125,19500
20210623,09:42,19.95,19.95,19.95,19.95,175,19500
20210623,09:43,19.85,19.85,19.85,19.85,125,19500
20210623,09:44,19.55,19.55,19.55,19.55,150,19500
20210623,09:45,19.10,19.10,19.10,19.10,475,20325
20210623,09:46,19.50,19.50,19.50,19.50,350,20325
20210623,09:47,20.35,20.35,20.35,20.35,650,20825
20210623,09:48,20.35,20.35,20.35,20.35,150,20825
20210623,09:49,20.15,20.15,20.15,20.15,150,20825
20210623,09:50,20.50,20.50,20.50,20.50,50,20825
20210623,09:51,20.30,20.30,20.30,20.30,525,20925
20210623,09:52,20.85,20.85,20.85,20.85,350,20925
20210623,09:53,22.10,22.10,22.10,22.10,1375,20925
20210623,09:54,20.00,20.00,20.00,20.00,675,21225
20210623,09:55,19.35,19.35,19.35,19.35,675,21225
20210623,09:56,19.85,19.85,19.85,19.85,1175,21225
20210623,09:57,19.45,19.45,19.45,19.45,575,21250
20210623,09:58,19.10,19.10,19.10,19.10,250,21250
20210623,09:59,18.85,18.85,18.85,18.85,100,21250
20210623,10:00,18.70,18.70,18.70,18.70,625,21075
20210623,10:01,18.00,18.00,18.00,18.00,150,21075
20210623,10:02,18.00,18.00,18.00,18.00,475,21075
20210623,10:03,18.15,18.15,18.15,18.15,525,21250
20210623,10:04,18.55,18.85,18.55,18.85,550,21250
20210623,10:05,19.10,19.10,19.10,19.10,25,21250
20210623,10:06,18.55,18.55,18.55,18.55,75,21300
20210623,10:07,18.50,18.50,18.50,18.50,125,21300
20210623,10:08,18.35,18.35,18.35,18.35,400,21300
20210623,10:09,18.05,18.05,18.05,18.05,425,21250
20210623,10:10,18.25,18.25,18.25,18.25,150,21250
20210623,10:11,18.75,18.75,18.75,18.75,375,21250
20210623,10:12,24.70,24.70,24.70,24.70,1950,22000
20210623,10:13,20.35,20.35,20.35,20.35,1050,22000
20210623,10:14,20.15,20.15,20.15,20.15,275,22000
20210623,10:15,22.65,22.65,22.65,22.65,1125,22225
20210623,10:17,22.00,22.00,22.00,22.00,1025,22225
20210623,10:18,22.30,22.80,22.30,22.80,450,22500
20210623,10:19,22.10,22.10,21.95,21.95,325,22500
20210623,10:20,22.15,22.15,22.15,22.15,250,22500
20210623,10:21,22.00,22.00,22.00,22.00,100,22350
20210623,10:22,21.55,21.55,21.55,21.55,675,22350
20210623,10:23,21.10,21.30,21.10,21.30,600,22350
20210623,10:24,20.95,20.95,20.95,20.95,75,22225
20210623,10:25,21.05,21.05,21.05,21.05,375,22225
20210623,10:26,20.75,20.75,20.75,20.75,1000,22225
20210623,10:27,21.05,21.05,21.05,21.05,25,21925
20210623,10:28,22.35,22.35,22.35,22.35,25,21925
20210623,10:29,22.35,22.35,22.25,22.25,325,21925
20210623,10:30,21.80,21.80,21.80,21.80,75,21900
20210623,10:31,21.35,21.35,21.35,21.35,350,21900
20210623,10:32,21.60,21.60,21.60,21.60,100,21900
20210623,10:33,21.05,21.05,21.05,21.05,800,22275
20210623,10:34,20.60,20.60,19.95,19.95,825,22275
20210623,10:35,19.00,19.00,19.00,19.00,475,22275
20210623,10:36,18.40,18.40,18.40,18.40,1875,23400
20210623,10:37,19.10,19.10,19.10,19.10,50,23400
20210623,10:38,19.05,19.05,19.05,19.05,200,23400
20210623,10:39,19.20,19.20,19.20,19.20,250,23650
20210623,10:40,20.55,20.55,20.55,20.55,425,23650
20210623,10:42,20.70,20.70,20.70,20.70,125,23650
20210623,10:43,20.50,20.50,20.50,20.50,100,23500
20210623,10:44,20.00,20.00,20.00,20.00,125,23500
20210623,10:45,19.85,19.85,19.40,19.40,225,23450
20210623,10:47,19.35,19.35,19.35,19.35,100,23450
20210623,10:48,19.00,19.00,19.00,19.00,325,23600
20210623,10:49,18.65,18.65,18.65,18.65,125,23600
20210623,10:50,18.40,18.40,18.40,18.40,200,23600
20210623,10:51,17.70,17.70,17.70,17.70,275,24075
20210623,10:52,16.50,16.50,16.50,16.50,675,24075
20210623,10:53,16.60,16.60,16.60,16.60,500,24075
20210623,10:54,16.55,16.55,16.55,16.55,350,24600
20210623,10:55,17.25,17.25,17.25,17.25,900,24600
20210623,10:56,17.05,17.05,17.05,17.05,150,24600
20210623,10:57,16.70,16.70,16.70,16.70,475,24600
20210623,10:58,16.85,16.85,16.85,16.85,550,25325
20210623,10:59,17.50,17.50,17.50,17.50,75,25325
20210623,11:01,19.10,19.10,19.10,19.10,75,25425
20210623,11:02,19.20,19.20,19.20,19.20,50,25425
20210623,11:05,19.25,19.25,19.25,19.25,75,25375
20210623,11:06,19.30,19.30,19.00,19.00,200,25500
20210623,11:07,17.85,17.85,17.85,17.85,25,25500
20210623,11:09,18.05,18.05,18.05,18.05,75,25575
20210623,11:11,18.40,18.40,18.10,18.10,225,25575
20210623,11:13,18.25,18.25,18.25,18.25,150,25800
20210623,11:15,17.80,17.80,17.80,17.80,150,25850
20210623,11:16,18.50,18.50,18.50,18.50,275,25850
20210623,11:17,18.70,18.70,18.70,18.70,125,25850
20210623,11:18,18.90,18.90,18.90,18.90,25,25825
20210623,11:22,17.75,17.75,17.75,17.75,700,25800
20210623,11:23,17.60,17.60,17.60,17.60,150,25800
20210623,11:25,17.85,17.85,17.85,17.85,75,25775
20210623,11:29,17.90,17.90,17.90,17.90,50,25750
20210623,11:30,17.15,17.15,17.15,17.15,225,25725
20210623,11:32,17.25,17.25,17.25,17.25,650,25725
20210623,11:33,17.05,17.05,17.05,17.05,1075,25725
20210623,11:34,17.45,17.75,17.45,17.75,2775,27025
20210623,11:35,17.50,17.50,17.50,17.50,575,27025
20210623,11:37,17.90,17.90,17.90,17.90,75,29300
20210623,11:38,17.55,17.55,17.55,17.55,50,29300
20210623,11:40,17.85,17.85,17.85,17.85,25,29225
20210623,11:41,18.35,18.35,18.35,18.35,600,29225
20210623,11:42,18.65,19.05,18.65,19.05,3475,29950
20210623,11:43,18.75,18.75,18.75,18.75,75,29950
20210623,11:44,19.00,19.00,19.00,19.00,75,29950
20210623,11:45,19.00,19.00,19.00,19.00,50,29950
20210623,11:46,18.55,18.65,18.55,18.65,125,31525
20210623,11:47,18.85,18.85,18.85,18.85,75,31525
20210623,11:56,18.10,18.10,18.10,18.10,25,31350
20210623,11:58,19.00,19.00,19.00,19.00,50,31325
20210623,11:59,19.40,19.40,19.40,19.40,625,31325
20210623,12:00,19.00,19.00,19.00,19.00,75,31200
20210623,12:01,19.35,19.35,19.35,19.35,25,31200
20210623,12:03,17.60,17.60,17.60,17.60,150,31275
20210623,12:04,17.25,17.25,17.25,17.25,150,31275
20210623,12:05,17.20,18.05,17.20,18.05,50,31275
20210623,12:06,18.55,18.55,18.55,18.55,50,31275
20210623,12:07,18.80,18.80,18.80,18.80,175,31200
20210623,12:08,18.60,18.60,18.60,18.60,150,31200
20210623,12:09,18.50,18.50,18.50,18.50,50,31200
20210623,12:10,17.75,17.75,17.75,17.75,75,30975
20210623,12:11,17.65,17.65,17.65,17.65,25,30975
20210623,12:12,18.00,18.00,18.00,18.00,100,30975
20210623,12:15,17.20,17.20,17.20,17.20,25,30950
20210623,12:17,18.00,18.00,18.00,18.00,25,30975
20210623,12:18,18.00,18.00,18.00,18.00,75,31000
20210623,12:19,17.95,17.95,17.95,17.95,150,31000
20210623,12:23,17.65,17.65,17.65,17.65,50,30950
20210623,12:31,18.25,18.25,18.25,18.25,250,30975
20210623,12:35,18.25,18.25,18.25,18.25,125,30925
20210623,12:39,18.25,18.25,18.25,18.25,250,30875
20210623,12:40,18.00,18.00,18.00,18.00,50,30875
20210623,12:41,18.45,18.45,18.45,18.45,75,30775
20210623,12:42,18.45,18.45,18.45,18.45,125,30775
20210623,12:43,18.50,18.50,18.00,18.00,400,30800
20210623,12:45,18.20,18.20,18.20,18.20,50,30850
20210623,12:48,17.85,17.85,17.85,17.85,50,30825
20210623,12:51,17.80,17.80,17.80,17.80,225,30825
20210623,12:52,17.40,17.40,17.40,17.40,125,30700
20210623,12:55,17.05,17.05,17.05,17.05,50,30825
20210623,12:58,17.35,17.35,17.35,17.35,125,30800
20210623,13:02,18.25,18.25,18.25,18.25,100,30725
20210623,13:05,18.25,18.25,18.25,18.25,25,30700
20210623,13:08,17.80,18.05,17.80,18.05,50,30725
20210623,13:11,18.55,18.55,18.55,18.55,75,30700
20210623,13:14,19.95,19.95,19.95,19.95,100,30750
20210623,13:17,19.55,19.55,19.55,19.55,100,30800
20210623,13:18,19.20,19.20,19.20,19.20,50,30800
20210623,13:19,19.50,19.50,19.50,19.50,525,30750
20210623,13:21,19.40,19.40,19.40,19.40,400,30750
20210623,13:22,20.00,20.00,20.00,20.00,300,31200
20210623,13:23,19.40,19.40,19.15,19.15,1150,31200
20210623,13:24,18.95,18.95,18.95,18.95,25,31200
20210623,13:27,19.20,19.20,19.20,19.20,25,31350
20210623,13:29,18.85,18.85,18.85,18.85,25,31325
20210623,13:30,18.45,18.45,18.45,18.45,100,31325
20210623,13:31,17.70,17.70,17.70,17.70,50,31325
20210623,13:32,17.85,17.85,17.85,17.85,25,31300
20210623,13:33,17.55,17.55,17.55,17.55,25,31300
20210623,13:34,17.80,17.80,17.80,17.80,175,31300
20210623,13:35,17.75,17.75,17.75,17.75,25,31300
20210623,13:36,17.80,17.80,17.80,17.80,150,31300
20210623,13:37,17.80,17.80,17.80,17.80,25,31100
20210623,13:38,17.95,17.95,17.95,17.95,50,31100
20210623,13:39,18.00,18.00,18.00,18.00,25,31100
20210623,13:43,19.00,19.00,19.00,19.00,25,31200
20210623,13:44,18.95,18.95,18.95,18.95,175,31200
20210623,13:45,18.00,18.00,18.00,18.00,150,31200
20210623,13:47,17.80,17.80,17.80,17.80,75,30975
20210623,13:48,18.30,18.30,18.30,18.30,275,30975
20210623,13:49,18.15,18.15,18.15,18.15,850,31050
20210623,13:50,18.15,18.15,18.15,18.15,200,31050
20210623,13:52,18.25,18.25,17.45,17.45,450,31550
20210623,13:53,17.35,17.35,17.35,17.35,25,31550
20210623,13:54,17.85,17.85,17.85,17.85,175,31550
20210623,13:55,18.25,18.25,18.25,18.25,175,31750
20210623,13:56,18.35,18.35,18.35,18.35,375,31750
20210623,13:57,18.30,18.30,18.05,18.05,350,31750
20210623,13:58,17.90,17.90,17.90,17.90,25,32050
20210623,14:00,17.30,17.80,17.30,17.80,1400,32050
20210623,14:01,18.05,18.05,18.05,18.05,150,32525
20210623,14:02,18.30,18.30,18.30,18.30,50,32525
20210623,14:03,17.50,17.50,17.10,17.10,250,32525
20210623,14:04,16.80,16.80,16.80,16.80,100,32800
20210623,14:05,16.25,16.25,16.25,16.25,200,32800
20210623,14:06,15.40,15.40,15.40,15.40,25,32800
20210623,14:07,15.05,15.05,15.05,15.05,325,32875
20210623,14:08,15.75,15.75,15.75,15.75,150,32875
20210623,14:09,15.80,15.80,15.75,15.75,450,32875
20210623,14:12,17.05,17.05,17.05,17.05,175,33000
20210623,14:13,17.05,17.05,17.05,17.05,125,33025
20210623,14:15,16.20,16.20,15.85,15.85,525,33025
20210623,14:16,15.95,15.95,15.95,15.95,250,32900
20210623,14:17,16.25,16.25,16.25,16.25,100,32900
20210623,14:19,16.75,16.75,16.75,16.75,175,32900
20210623,14:20,16.40,16.40,15.60,15.60,500,32725
20210623,14:22,15.50,15.50,15.50,15.50,50,32575
20210623,14:23,15.35,15.35,15.35,15.35,50,32575
20210623,14:24,15.65,15.65,15.65,15.65,250,32575
20210623,14:27,17.25,17.25,17.25,17.25,575,32575
20210623,14:28,17.40,17.40,17.40,17.40,350,33050
20210623,14:29,16.80,16.80,16.80,16.80,50,33050
20210623,14:30,16.70,16.70,16.70,16.70,350,33050
20210623,14:31,17.00,17.00,17.00,17.00,75,33325
20210623,14:32,17.35,17.35,17.35,17.35,450,33325
20210623,14:33,17.00,17.00,16.90,16.90,150,33325
20210623,14:34,16.65,16.65,16.65,16.65,250,33150
20210623,14:35,16.15,16.15,16.15,16.15,75,33150
20210623,14:36,15.85,15.85,15.85,15.85,300,33150
20210623,14:37,15.90,16.65,15.90,16.65,650,33525
20210623,14:39,19.70,19.70,19.70,19.70,1400,33525
20210623,14:41,19.65,19.65,19.65,19.65,1375,33950
20210623,14:42,18.20,18.20,18.20,18.20,275,33950
20210623,14:43,17.70,18.10,17.70,18.10,325,34375
20210623,14:45,18.20,18.20,18.20,18.20,25,34375
20210623,14:46,19.00,19.00,19.00,19.00,75,34375
20210623,14:47,19.10,19.10,19.10,19.10,100,34375
20210623,14:51,18.75,18.75,18.75,18.75,50,34375
20210623,14:52,19.60,19.60,19.60,19.60,1975,34425
20210623,14:53,19.50,19.50,19.50,19.50,125,34425
20210623,14:54,19.60,19.60,19.60,19.60,25,34425
20210623,14:55,19.40,19.40,19.10,19.10,75,36050
20210623,14:56,18.40,18.40,18.40,18.40,150,36050
20210623,14:57,18.45,18.45,18.45,18.45,175,36050
20210623,14:58,18.65,18.65,18.65,18.65,50,36050
20210623,14:59,19.35,19.35,19.35,19.35,50,36275
20210623,15:00,18.95,18.95,18.95,18.95,125,36275
20210623,15:01,18.80,18.95,18.80,18.95,1175,36275
20210623,15:02,18.75,18.75,18.75,18.75,1925,36275
20210623,15:03,17.30,17.30,17.30,17.30,325,36275
20210623,15:04,17.50,17.50,17.50,17.50,325,36125
20210623,15:05,17.65,17.65,17.65,17.65,325,36125
20210623,15:06,17.80,17.80,17.80,17.80,875,36125
20210623,15:07,17.40,17.40,17.30,17.30,1375,35800
20210623,15:08,17.40,17.40,17.40,17.40,50,35800
20210623,15:09,17.45,17.45,17.45,17.45,275,35800
20210623,15:10,17.90,17.90,17.90,17.90,925,35775
20210623,15:11,18.80,18.80,18.50,18.50,725,35775
20210623,15:12,18.50,18.50,18.50,18.50,300,35775
20210623,15:14,18.75,18.75,18.75,18.75,800,36250
20210623,15:15,18.30,18.30,18.30,18.30,200,36250
20210623,15:16,17.80,17.80,17.45,17.45,375,36625
20210623,15:17,17.70,17.70,17.40,17.40,225,36625
20210623,15:18,17.10,17.10,16.80,17.05,375,36625
20210623,15:19,16.85,16.85,16.40,16.80,125,36700
20210623,15:20,16.85,17.50,16.85,17.50,225,36700
20210623,15:21,17.00,17.75,17.00,17.75,175,36700
20210623,15:22,17.65,17.65,16.60,17.30,1175,36675
20210623,15:23,16.95,17.00,16.95,17.00,525,36675
20210623,15:24,16.85,16.85,16.05,16.05,1775,36675
20210623,15:25,16.20,16.20,16.20,16.20,150,36175
20210623,15:26,16.30,16.30,16.30,16.30,475,36175
20210623,15:27,16.25,16.60,16.25,16.60,1250,36175
20210623,15:28,16.15,16.30,16.15,16.30,675,36400
20210623,15:29,16.30,16.30,16.30,16.30,1050,36400
20210623,15:30,16.15,16.15,16.15,16.15,125,36400
20210624,09:16,11.70,15.20,10.50,14.95,978,36300
20210624,09:17,13.30,13.30,13.30,13.30,350,36800
20210624,09:18,13.60,13.60,13.60,13.60,650,36800
20210624,09:19,13.80,14.15,13.60,13.85,1725,36800
20210624,09:20,13.70,14.25,13.70,14.15,600,37175
20210624,09:21,14.25,14.80,13.95,14.80,575,37175
20210624,09:22,15.30,15.30,15.30,15.30,450,37175
20210624,09:23,15.75,15.75,15.75,15.75,775,37175
20210624,09:24,15.90,15.90,15.90,15.90,600,37700
20210624,09:25,15.40,15.40,15.20,15.20,775,37700
20210624,09:26,15.30,15.30,15.30,15.30,475,37700
20210624,09:27,15.10,15.10,15.10,15.10,175,37700
20210624,09:28,15.00,15.00,15.00,15.00,575,37700
20210624,09:29,14.75,14.75,14.75,14.75,175,37700
20210624,09:30,14.60,14.80,14.60,14.80,600,37550
20210624,09:31,14.90,14.90,14.90,14.90,450,37550
20210624,09:32,14.55,14.55,14.55,14.55,1650,37550
20210624,09:33,14.80,14.80,14.80,14.80,1075,38650
20210624,09:34,15.15,15.15,15.15,15.15,375,38650
20210624,09:35,14.80,14.90,14.80,14.90,700,38975
20210624,09:37,14.80,15.00,14.80,15.00,725,38975
20210624,09:39,16.25,16.25,15.10,15.10,4425,38950
20210624,09:40,15.35,15.35,15.35,15.35,675,38950
20210624,09:41,15.65,15.65,15.65,15.65,1050,40025
20210624,09:42,15.75,15.75,15.75,15.75,600,40025
20210624,09:43,15.50,15.50,15.50,15.50,150,40025
20210624,09:44,15.40,15.40,15.40,15.40,25,40025
20210624,09:45,15.50,15.50,15.50,15.50,100,40525
20210624,09:46,15.35,15.35,15.35,15.35,825,40525
20210624,09:47,15.45,15.45,15.45,15.45,1025,40475
20210624,09:48,15.70,15.70,15.70,15.70,325,40475
20210624,09:49,15.60,15.60,15.60,15.60,175,40475
20210624,09:50,15.20,15.20,15.20,15.20,325,40475
20210624,09:51,15.80,15.80,15.80,15.80,575,40275
20210624,09:52,15.95,15.95,15.95,15.95,875,40275
20210624,09:53,15.65,15.65,15.65,15.65,125,40275
20210624,09:55,15.40,15.40,15.40,15.40,100,40625
20210624,09:56,15.55,15.55,15.55,15.55,275,40625
20210624,09:57,15.55,15.55,15.55,15.55,425,40575
20210624,09:58,15.70,15.85,15.70,15.85,550,40575
20210624,09:59,15.70,15.70,15.70,15.70,50,40575
20210624,10:00,15.45,15.45,15.45,15.45,950,40575
20210624,10:01,15.45,15.45,15.45,15.45,25,40575
20210624,10:02,15.40,15.70,15.40,15.70,225,40575
20210624,10:03,15.65,15.65,15.65,15.65,225,41575
20210624,10:05,15.65,15.65,15.65,15.65,250,41575
20210624,10:06,15.65,15.65,15.65,15.65,100,41625
20210624,10:07,15.60,15.60,15.60,15.60,300,41625
20210624,10:09,15.90,15.90,15.90,15.90,75,41850
20210624,10:10,15.35,15.35,15.35,15.35,225,41850
20210624,10:11,15.25,15.25,15.25,15.25,200,41850
20210624,10:12,15.75,15.75,15.75,15.75,175,41925
20210624,10:13,15.45,15.45,15.45,15.45,100,41925
20210624,10:14,15.55,15.55,15.55,15.55,100,41925
20210624,10:15,15.50,15.50,15.50,15.50,100,41925
20210624,10:16,15.40,15.40,15.40,15.40,25,41925
20210624,10:17,15.25,15.25,15.25,15.25,75,41925
20210624,10:18,15.35,15.35,15.35,15.35,75,41850
20210624,10:19,15.20,15.20,15.20,15.20,625,41850
20210624,10:20,15.30,15.40,15.30,15.40,300,41850
20210624,10:21,15.20,15.20,15.20,15.20,50,42075
20210624,10:22,15.25,15.25,15.25,15.25,25,42075
20210624,10:23,15.60,15.60,15.50,15.50,1450,42075
20210624,10:24,15.75,15.75,15.75,15.75,50,43000
20210624,10:25,15.25,15.25,15.25,15.25,875,43000
20210624,10:26,15.35,15.35,15.30,15.30,1775,43000
20210624,10:27,15.45,15.45,15.45,15.45,325,43400
20210624,10:28,15.05,15.05,15.05,15.05,700,43400
20210624,10:29,15.20,15.20,15.20,15.20,125,43400
20210624,10:31,15.35,15.35,15.35,15.35,50,43850
20210624,10:32,15.15,15.60,15.15,15.60,450,43850
20210624,10:33,15.90,15.90,15.90,15.90,275,43675
20210624,10:34,15.70,15.70,15.70,15.70,575,43675
20210624,10:35,15.55,15.55,15.35,15.35,425,43675
20210624,10:36,15.40,15.40,15.40,15.40,75,43975
20210624,10:37,15.50,15.50,15.50,15.50,500,43975
20210624,10:39,15.60,15.60,15.50,15.50,275,44075
20210624,10:40,15.20,15.20,15.20,15.20,450,44075
20210624,10:41,15.30,15.30,15.30,15.30,175,44075
20210624,10:42,15.30,15.30,15.30,15.30,375,44675
20210624,10:43,15.20,15.25,15.20,15.25,375,44675
20210624,10:44,15.40,15.40,15.40,15.40,200,44675
20210624,10:45,15.30,15.30,15.30,15.30,150,44675
20210624,10:46,15.40,15.40,15.40,15.40,650,45225
20210624,10:47,15.40,15.40,15.40,15.40,925,45225
20210624,10:48,15.30,15.65,15.30,15.65,1100,45925
20210624,10:49,15.60,15.60,15.60,15.60,25,45925
20210624,10:50,15.45,15.45,15.45,15.45,50,45925
20210624,10:51,15.55,15.55,15.55,15.55,3600,47600
20210624,10:52,15.35,15.45,15.35,15.45,1025,47600
20210624,10:53,15.70,15.70,15.70,15.70,650,47600
20210624,10:54,15.60,15.70,15.60,15.70,1200,49775
20210624,10:55,15.60,15.60,15.60,15.60,75,49775
20210624,10:56,15.60,15.60,15.60,15.60,25,49775
20210624,10:57,15.45,15.45,15.45,15.45,225,49875
20210624,10:58,15.40,15.40,15.40,15.40,750,49875
20210624,10:59,15.40,15.40,15.40,15.40,2850,49875
20210624,11:00,15.10,15.10,15.10,15.10,5500,53000
20210624,11:01,15.20,15.20,15.05,15.05,775,53000
20210624,11:02,15.00,15.00,15.00,15.00,75,53000
20210624,11:03,14.95,15.05,14.95,15.05,100,57475
20210624,11:04,14.85,14.85,14.85,14.85,425,57475
20210624,11:05,14.90,15.15,14.90,15.15,1550,57475
20210624,11:06,15.15,15.15,15.15,15.15,75,58525
20210624,11:07,14.95,14.95,14.95,14.95,250,58525
20210624,11:08,15.20,15.20,15.05,15.05,400,58525
20210624,11:09,15.00,15.00,15.00,15.00,500,59025
20210624,11:10,14.90,15.00,14.90,15.00,775,59025
20210624,11:11,15.00,15.00,15.00,15.00,175,59025
20210624,11:12,14.95,14.95,14.95,14.95,100,59675
20210624,11:13,15.00,15.00,15.00,15.00,475,59675
20210624,11:14,14.95,14.95,14.95,14.95,225,59675
20210624,11:15,15.00,15.00,15.00,15.00,400,59625
20210624,11:16,15.10,15.10,15.10,15.10,50,59625
20210624,11:18,15.65,15.65,15.65,15.65,550,59925
20210624,11:19,15.10,15.10,15.10,15.10,50,59925
20210624,11:20,14.65,14.65,14.65,14.65,25,59925
20210624,11:21,14.55,14.55,14.55,14.55,175,59925
20210624,11:22,15.05,15.20,15.05,15.20,275,60050
20210624,11:24,15.15,15.20,15.15,15.20,450,60225
20210624,11:25,15.35,15.35,15.35,15.35,200,60225
20210624,11:26,15.20,15.20,15.20,15.20,25,60225
20210624,11:27,15.15,15.15,15.15,15.15,425,60125
20210624,11:28,15.15,15.15,14.90,14.90,375,60125
20210624,11:29,14.75,14.75,14.75,14.75,25,60125
20210624,11:30,15.00,15.00,15.00,15.00,175,60125
20210624,11:31,15.35,15.35,15.35,15.35,50,60150
20210624,11:32,15.55,15.55,15.55,15.55,450,60150
20210624,11:33,15.55,15.55,15.55,15.55,475,60150
20210624,11:34,15.30,15.50,15.30,15.50,675,60700
20210624,11:35,15.25,15.25,15.25,15.25,475,60700
20210624,11:36,15.10,15.10,15.10,15.10,150,60700
20210624,11:37,15.30,15.30,15.25,15.25,725,61225
20210624,11:38,15.60,15.60,15.60,15.60,1600,61225
20210624,11:39,15.55,15.55,15.55,15.55,325,62875
20210624,11:40,15.45,15.45,15.45,15.45,100,62875
20210624,11:43,15.25,15.25,15.25,15.25,225,62875
20210624,11:45,15.35,15.35,15.35,15.35,100,62875
20210624,11:46,15.40,15.40,15.40,15.40,125,63100
20210624,11:47,14.95,14.95,14.95,14.95,1125,63100
20210624,11:48,15.05,15.05,15.05,15.05,725,64575
20210624,11:49,15.00,15.00,15.00,15.00,100,64575
20210624,11:50,15.50,15.50,15.15,15.15,1275,64575
20210624,11:51,15.70,15.70,15.70,15.70,2850,66100
20210624,11:52,15.55,15.55,15.55,15.55,675,66100
20210624,11:53,15.45,15.45,15.45,15.45,100,66100
20210624,11:54,15.40,15.40,15.40,15.40,600,66100
20210624,11:55,15.40,15.40,15.40,15.40,150,67625
20210624,11:56,15.65,15.65,15.65,15.65,100,67625
20210624,11:57,15.50,15.50,15.25,15.25,1650,68025
20210624,11:58,15.25,15.25,15.25,15.25,175,68025
20210624,11:59,15.30,15.30,15.30,15.30,1125,68025
20210624,12:00,15.00,15.15,15.00,15.15,2150,69650
20210624,12:01,15.05,15.05,15.05,15.05,75,69650
20210624,12:02,15.15,15.15,15.15,15.15,275,69650
20210624,12:04,15.10,15.40,15.10,15.40,775,70350
20210624,12:05,15.20,15.20,15.20,15.20,150,70350
20210624,12:07,15.40,15.40,15.40,15.40,175,70625
20210624,12:08,15.40,15.40,15.40,15.40,75,70625
20210624,12:09,15.50,15.70,15.50,15.70,1275,70800
20210624,12:10,15.40,15.40,15.40,15.40,5625,70800
20210624,12:11,15.15,15.15,15.15,15.15,13725,70800
20210624,12:13,15.20,15.20,15.10,15.10,17875,94075
20210624,12:14,14.90,14.90,14.90,14.90,1450,94075
20210624,12:15,15.25,15.25,15.25,15.25,2400,95225
20210624,12:16,15.10,15.10,15.10,15.10,575,95225
20210624,12:17,14.85,14.85,14.85,14.85,125,95225
20210624,12:18,15.10,15.10,14.95,14.95,925,95225
20210624,12:19,15.10,15.10,15.10,15.10,125,95225
20210624,12:20,15.00,15.00,15.00,15.00,975,95225
20210624,12:21,15.35,15.35,15.35,15.35,1475,95225
20210624,12:22,15.00,15.25,15.00,15.25,3075,95375
20210624,12:23,15.15,15.15,15.15,15.15,175,95375
20210624,12:24,15.15,15.15,15.15,15.15,75,95375
20210624,12:25,15.05,15.05,14.80,14.80,650,95350
20210624,12:26,14.85,14.85,14.85,14.85,6175,95350
20210624,12:27,15.45,15.45,15.45,15.45,8025,95350
20210624,12:28,15.40,15.50,15.40,15.50,600,106450
20210624,12:29,15.75,15.75,15.75,15.75,475,106450
20210624,12:30,15.55,15.55,15.55,15.55,50,106450
20210624,12:31,15.60,15.60,15.45,15.45,475,106200
20210624,12:32,15.25,15.25,15.25,15.25,75,106200
20210624,12:33,15.35,15.35,15.35,15.35,25,106200
20210624,12:34,15.40,15.50,15.40,15.50,850,106125
20210624,12:35,15.45,15.45,15.45,15.45,150,106125
20210624,12:36,15.05,15.05,15.05,15.05,1275,106075
20210624,12:37,14.90,14.95,14.90,14.95,1625,106075
20210624,12:38,15.15,15.15,15.15,15.15,1325,106075
20210624,12:39,15.10,15.10,15.10,15.10,25,106075
20210624,12:40,15.00,15.05,15.00,15.05,2575,107750
20210624,12:41,15.50,15.50,15.50,15.50,6100,107750
20210624,12:42,15.45,15.45,15.45,15.45,1275,113050
20210624,12:43,15.50,15.50,15.40,15.40,700,113050
20210624,12:44,15.20,15.20,15.20,15.20,250,113050
20210624,12:45,14.90,14.90,14.90,14.90,1025,113050
20210624,12:46,15.00,15.00,15.00,15.00,550,113025
20210624,12:47,15.10,15.10,15.00,15.00,750,113025
20210624,12:48,15.05,15.05,15.05,15.05,75,113025
20210624,12:49,15.20,15.20,15.20,15.20,150,113900
20210624,12:50,15.15,15.15,15.05,15.05,925,113900
20210624,12:51,15.10,15.10,15.10,15.10,75,113900
20210624,12:52,15.05,15.05,15.05,15.05,75,114950
20210624,12:53,15.20,15.20,15.20,15.20,25,114950
20210624,12:54,15.05,15.05,15.05,15.05,1550,114950
20210624,12:55,15.00,15.00,15.00,15.00,850,116575
20210624,12:56,14.95,14.95,14.95,14.95,1225,116575
20210624,12:57,15.00,15.05,15.00,15.05,1075,117850
20210624,12:58,15.30,15.30,15.30,15.30,275,117850
20210624,12:59,15.20,15.20,15.20,15.20,50,117850
20210624,13:01,15.20,15.20,15.10,15.10,2450,117800
20210624,13:02,15.10,15.10,15.10,15.10,250,117800
20210624,13:03,14.95,14.95,14.85,14.85,2575,120050
20210624,13:04,14.80,14.80,14.80,14.80,850,120050
20210624,13:05,15.00,15.00,14.80,14.80,2000,120050
20210624,13:06,14.85,14.85,14.85,14.85,900,120050
20210624,13:07,14.85,14.85,14.85,14.85,250,121125
20210624,13:08,14.85,14.85,14.85,14.85,12375,121125
20210624,13:09,14.75,14.75,14.70,14.70,700,129325
20210624,13:10,14.70,14.70,14.70,14.70,1975,129325
20210624,13:12,14.85,14.95,14.85,14.95,525,129325
20210624,13:13,14.80,14.80,14.80,14.80,500,130625
20210624,13:14,14.80,14.80,14.80,14.80,125,130625
20210624,13:15,14.65,14.65,14.65,14.65,275,130625
20210624,13:16,14.60,14.60,14.60,14.60,3775,130700
20210624,13:17,14.70,14.70,14.70,14.70,3850,130700
20210624,13:18,14.60,14.60,14.60,14.60,650,130700
20210624,13:19,14.50,14.50,14.50,14.50,275,134475
20210624,13:20,14.30,14.30,14.30,14.30,100,134475
20210624,13:21,14.30,14.30,14.30,14.30,600,134475
20210624,13:22,14.35,14.35,14.35,14.35,500,134725
20210624,13:23,14.40,14.40,14.40,14.40,400,134725
20210624,13:24,14.55,14.55,14.55,14.55,1725,134725
20210624,13:25,14.20,14.20,14.20,14.20,300,134975
20210624,13:26,13.95,13.95,13.95,13.95,22825,134975
20210624,13:27,13.80,14.20,13.80,14.20,10550,119800
20210624,13:28,14.40,14.40,14.40,14.40,1200,119800
20210624,13:29,14.40,14.40,14.40,14.40,200,119800
20210624,13:30,13.95,13.95,13.95,13.95,17550,119800
20210624,13:31,14.35,14.35,14.35,14.35,6150,106475
20210624,13:32,14.20,14.30,14.20,14.30,1050,106475
20210624,13:33,14.20,14.20,14.20,14.20,75,106475
20210624,13:35,14.25,14.25,14.25,14.25,1050,103225
20210624,13:36,14.45,14.45,14.20,14.20,1050,103225
20210624,13:37,14.30,14.30,14.30,14.30,550,103325
20210624,13:38,13.90,13.90,13.90,13.90,5725,103325
20210624,13:39,13.65,13.65,13.65,13.65,450,103325
20210624,13:40,13.75,13.75,13.75,13.75,5000,102650
20210624,13:41,13.70,13.70,13.70,13.70,825,102650
20210624,13:42,13.20,13.20,13.20,13.20,11825,94750
20210624,13:43,13.20,13.20,13.20,13.20,1600,94750
20210624,13:44,13.20,13.20,13.20,13.20,275,94750
20210624,13:45,13.30,13.30,13.30,13.30,950,94750
20210624,13:46,13.70,13.70,13.70,13.70,850,92575
20210624,13:47,13.60,13.85,13.60,13.85,500,92575
20210624,13:48,13.85,13.85,13.85,13.85,450,92575
20210624,13:49,13.95,13.95,13.95,13.95,75,92425
20210624,13:50,14.00,14.00,14.00,14.00,175,92425
20210624,13:51,14.50,14.50,14.50,14.50,1225,92425
20210624,13:52,14.50,14.50,14.50,14.50,1925,92400
20210624,13:53,14.65,14.95,14.65,14.95,500,92400
20210624,13:54,15.05,15.05,15.05,15.05,325,92400
20210624,13:55,15.15,15.15,15.15,15.15,350,92225
20210624,13:56,13.85,13.85,13.85,13.85,10475,92225
20210624,13:57,13.95,13.95,13.95,13.95,725,92225
20210624,13:58,13.75,13.75,13.75,13.75,8475,85075
20210624,13:59,14.10,14.20,14.10,14.20,1800,85075
20210624,14:00,14.00,14.00,14.00,14.00,1075,85075
20210624,14:01,14.25,14.25,14.25,14.25,325,84650
20210624,14:02,14.75,14.75,14.75,14.75,975,84650
20210624,14:03,14.65,14.75,14.65,14.75,2850,85150
20210624,14:04,14.95,14.95,14.95,14.95,1725,85150
20210624,14:05,14.60,14.60,14.60,14.60,3575,85150
20210624,14:06,14.50,14.50,14.50,14.50,100,85150
20210624,14:07,14.50,14.50,14.50,14.50,450,84850
20210624,14:08,14.60,14.60,14.60,14.60,325,84850
20210624,14:09,14.15,14.15,14.05,14.05,5850,83075
20210624,14:10,13.90,13.90,13.90,13.90,625,83075
20210624,14:11,14.05,14.05,14.05,14.05,200,83075
20210624,14:12,14.00,14.00,14.00,14.00,1975,83075
20210624,14:13,14.00,14.00,14.00,14.00,2000,82500
20210624,14:14,13.90,14.10,13.90,14.10,2500,82500
20210624,14:15,14.30,14.30,14.30,14.30,1275,82500
20210624,14:16,14.45,14.45,14.45,14.45,450,82925
20210624,14:17,14.45,14.45,14.45,14.45,5725,82925
20210624,14:18,14.70,14.70,14.70,14.70,1175,82925
20210624,14:19,14.80,14.80,14.65,14.65,1450,81300
20210624,14:20,14.60,14.60,14.60,14.60,1225,81300
20210624,14:21,14.70,14.70,14.70,14.70,575,81300
20210624,14:22,14.60,14.60,14.60,14.60,325,82725
20210624,14:23,14.50,14.50,14.50,14.50,200,82725
20210624,14:24,14.55,14.55,14.55,14.55,2700,82725
20210624,14:25,14.30,14.30,14.30,14.30,14675,82325
20210624,14:26,14.35,14.35,14.35,14.35,1300,82325
20210624,14:27,14.00,14.00,14.00,14.00,2375,82325
20210624,14:28,14.10,14.10,14.10,14.10,550,83275
20210624,14:29,14.15,14.15,14.15,14.15,350,83275
20210624,14:30,13.25,13.25,13.25,13.25,5375,83275
20210624,14:31,13.40,13.40,13.40,13.40,2925,82300
20210624,14:32,13.40,13.40,13.40,13.40,1875,82300
20210624,14:33,14.10,14.10,13.70,13.70,8700,82300
20210624,14:34,14.00,14.00,14.00,14.00,1075,80800
20210624,14:35,13.40,13.40,13.40,13.40,350,80800
20210624,14:36,13.75,13.75,13.75,13.75,425,80800
20210624,14:37,13.85,13.85,13.60,13.60,1675,81725
20210624,14:38,13.75,13.75,13.75,13.75,500,81725
20210624,14:39,14.15,14.15,14.15,14.15,625,81725
20210624,14:40,14.00,14.20,14.00,14.20,1000,82150
20210624,14:41,14.05,14.05,14.05,14.05,1150,82150
20210624,14:42,14.15,14.15,14.15,14.15,700,82150
20210624,14:43,14.05,14.05,14.05,14.05,625,82725
20210624,14:44,13.75,13.75,13.45,13.45,2575,82725
20210624,14:45,13.30,13.30,13.30,13.30,1450,82725
20210624,14:46,13.20,13.20,13.20,13.20,2325,82825
20210624,14:47,13.60,13.60,13.60,13.60,1725,82825
20210624,14:48,13.30,13.50,13.30,13.50,2150,82825
20210624,14:49,13.45,13.45,13.45,13.45,375,82425
20210624,14:50,13.35,13.35,13.35,13.35,975,82425
20210624,14:51,13.05,13.05,13.05,13.05,175,82425
20210624,14:52,13.00,13.00,13.00,13.00,1575,82525
20210624,14:53,13.20,13.20,13.20,13.20,2750,82525
20210624,14:54,12.90,12.90,12.90,12.90,3250,82525
20210624,14:55,12.85,12.85,12.85,12.85,850,81500
20210624,14:56,12.65,12.85,12.65,12.85,1875,81500
20210624,14:57,12.80,12.80,12.80,12.80,950,81500
20210624,14:58,12.80,12.80,12.80,12.80,950,82300
20210624,14:59,12.75,12.75,12.70,12.70,1950,82300
20210624,15:00,12.95,12.95,12.95,12.95,3450,82300
20210624,15:01,12.95,12.95,12.95,12.95,1150,84525
20210624,15:02,12.50,12.50,12.50,12.50,3050,84525
20210624,15:03,12.20,12.20,12.20,12.20,8875,84525
20210624,15:04,12.30,12.30,12.30,12.30,225,84525
20210624,15:05,12.25,12.25,12.25,12.25,3200,81750
20210624,15:06,12.10,12.10,12.10,12.10,1225,81750
20210624,15:07,11.90,11.90,11.90,11.90,1600,80050
20210624,15:08,11.45,11.90,11.45,11.90,3750,80050
20210624,15:09,11.90,11.90,11.90,11.90,475,80050
20210624,15:10,11.55,11.55,11.55,11.55,1625,80650
20210624,15:11,11.95,11.95,11.95,11.95,9225,80650
20210624,15:12,12.45,12.45,12.45,12.45,4275,80650
20210624,15:13,12.15,12.15,12.15,12.15,1300,89175
20210624,15:14,12.10,12.10,12.05,12.05,4450,89175
20210624,15:15,12.15,12.15,12.15,12.15,1525,89175
20210624,15:16,12.45,12.45,12.45,12.45,2850,90825
20210624,15:17,12.55,12.55,12.50,12.50,11025,90825
20210624,15:18,12.70,12.70,12.70,12.70,1950,90825
20210624,15:19,12.40,12.40,12.40,12.40,5275,97150
20210624,15:20,12.10,12.10,12.10,12.10,2575,97150
20210624,15:21,12.25,12.40,12.25,12.40,11900,97150
20210624,15:22,12.35,12.35,12.35,12.35,15075,106675
20210624,15:23,12.25,12.25,12.05,12.05,10025,106675
20210624,15:24,11.55,11.55,11.55,11.55,6500,106675
20210624,15:25,11.40,11.40,11.40,11.40,3100,109250
20210624,15:26,11.40,11.85,11.05,11.05,16350,109250
20210624,15:27,11.10,11.20,10.95,11.00,7825,109250
20210624,15:28,11.00,11.60,10.75,10.75,7200,118625
20210624,15:29,10.75,11.25,8.80,11.00,12625,118625
20210624,15:30,10.80,10.80,10.80,10.80,125,118625
20210625,09:15,11.85,11.90,9.55,10.25,7402,120700
20210625,09:16,10.00,10.20,9.60,9.65,10525,120700
20210625,09:17,9.70,9.70,9.35,9.50,5725,126350
20210625,09:18,9.50,9.70,9.50,9.60,5225,126350
20210625,09:19,9.55,9.65,9.50,9.60,4650,126350
20210625,09:20,9.50,9.65,9.40,9.65,11675,132250
20210625,09:21,9.70,9.70,9.40,9.60,5075,132250
20210625,09:22,9.60,10.10,9.60,9.95,11375,132250
20210625,09:23,9.95,10.20,9.85,10.00,6525,135275
20210625,09:24,10.00,10.10,9.80,9.80,7525,135275
20210625,09:25,9.85,10.00,9.85,9.95,3000,135275
20210625,09:26,9.85,10.00,9.85,9.90,3075,136075
20210625,09:27,9.85,10.10,9.85,10.10,12425,136075
20210625,09:28,10.05,10.10,9.80,10.10,7850,136075
20210625,09:29,10.05,10.10,9.95,10.10,6150,145850
20210625,09:30,10.00,10.20,10.00,10.20,4150,145850
20210625,09:31,10.30,10.30,10.00,10.25,8325,145850
20210625,09:32,10.20,10.35,10.00,10.00,20100,151575
20210625,09:33,10.00,10.25,9.95,10.15,10500,151575
20210625,09:34,10.20,10.75,10.20,10.35,12250,151575
20210625,09:35,10.50,10.50,10.15,10.45,8675,167975
20210625,09:36,10.45,10.90,10.40,10.85,36975,167975
20210625,09:37,10.80,12.00,10.75,12.00,44900,167975
20210625,09:38,11.85,11.85,11.35,11.45,12875,215800
20210625,09:39,11.40,11.45,10.95,10.95,3450,215800
20210625,09:40,11.00,11.10,10.85,10.95,5075,215800
20210625,09:41,10.90,10.90,10.60,10.75,3700,222475
20210625,09:42,10.65,10.80,10.40,10.65,6425,222475
20210625,09:43,10.50,10.80,10.50,10.80,2100,222475
20210625,09:44,10.65,10.95,10.65,10.90,7750,223300
20210625,09:45,10.95,11.05,10.60,11.00,10375,223300
20210625,09:46,11.15,11.15,10.85,11.00,14075,223300
20210625,09:47,10.95,11.15,10.60,10.60,30875,235150
20210625,09:48,10.65,11.25,10.65,11.00,15100,235150
20210625,09:49,11.05,11.85,11.05,11.80,16775,235150
20210625,09:50,11.75,11.75,11.35,11.45,6525,259700
20210625,09:51,11.50,11.60,11.30,11.50,7925,259700
20210625,09:52,11.50,11.50,11.25,11.25,5300,259700
20210625,09:53,11.30,11.55,11.25,11.35,3950,262950
20210625,09:54,11.35,11.55,11.25,11.35,4025,262950
20210625,09:55,11.10,11.90,11.10,11.85,24800,262950
20210625,09:56,11.85,11.85,11.55,11.65,3375,267375
20210625,09:57,11.60,11.65,11.15,11.25,10600,267375
20210625,09:58,11.20,11.35,11.15,11.20,3875,267375
20210625,09:59,11.20,11.25,11.05,11.15,3350,271950
20210625,10:00,11.10,11.55,11.10,11.40,7325,271950
20210625,10:01,11.40,11.45,11.15,11.35,2825,271950
20210625,10:02,11.40,11.65,11.35,11.60,9225,278175
20210625,10:03,11.55,11.65,11.45,11.60,3600,278175
20210625,10:04,11.65,11.95,11.50,11.80,4775,278175
20210625,10:05,11.95,12.15,11.60,11.75,10850,286425
20210625,10:06,11.85,12.00,11.75,11.80,4200,286425
20210625,10:07,11.75,11.75,11.70,11.70,1375,286425
20210625,10:08,11.75,11.95,11.65,11.80,3275,289400
20210625,10:09,11.80,11.95,11.70,11.80,2575,289400
20210625,10:10,11.80,11.95,11.75,11.90,8475,289400
20210625,10:11,11.85,12.00,11.80,11.85,2975,291500
20210625,10:12,11.95,12.00,11.75,11.80,2975,291500
20210625,10:13,11.85,11.95,11.75,11.95,4800,291500
20210625,10:14,11.95,11.95,11.65,11.65,5475,294050
20210625,10:15,11.70,11.75,11.45,11.55,2900,294050
20210625,10:16,11.45,11.50,11.35,11.35,2750,294050
20210625,10:17,11.45,11.60,11.35,11.55,7850,294100
20210625,10:18,11.45,11.55,11.45,11.55,3100,294100
20210625,10:19,11.55,11.55,11.40,11.50,2200,294100
20210625,10:20,11.50,11.60,11.40,11.50,1050,296025
20210625,10:21,11.60,11.70,11.50,11.70,2750,296025
20210625,10:22,11.70,11.95,11.70,11.70,3450,296025
20210625,10:23,11.75,11.85,11.70,11.80,1350,296850
20210625,10:24,11.70,11.80,11.65,11.65,4000,296850
20210625,10:25,11.80,11.85,11.65,11.75,3425,296850
20210625,10:26,11.70,11.70,11.60,11.70,3425,301300
20210625,10:27,11.65,11.65,11.55,11.55,675,301300
20210625,10:28,11.50,11.60,11.50,11.50,475,301300
20210625,10:29,11.45,11.65,11.45,11.55,1000,301900
20210625,10:30,11.60,11.75,11.60,11.70,775,301900
20210625,10:31,11.65,11.80,11.65,11.65,3100,301900
20210625,10:32,11.65,11.70,11.60,11.65,2275,303425
20210625,10:33,11.70,11.70,11.25,11.35,3975,303425
20210625,10:34,11.30,11.40,11.10,11.10,2875,303425
20210625,10:35,11.05,11.15,11.00,11.05,3000,303750
20210625,10:36,11.10,11.15,11.00,11.10,1250,303750
20210625,10:37,10.95,11.30,10.95,11.05,4175,303750
20210625,10:38,10.95,11.00,10.90,11.00,1475,307900
20210625,10:39,11.00,11.05,10.90,11.00,2500,307900
20210625,10:40,11.00,11.05,10.90,11.05,2700,307900
20210625,10:41,10.95,11.10,10.95,11.10,2700,310325
20210625,10:42,11.10,11.15,11.00,11.15,2475,310325
20210625,10:43,11.15,11.15,11.05,11.15,850,310325
20210625,10:44,11.15,11.20,11.05,11.20,4300,315375
20210625,10:45,11.30,11.45,11.15,11.45,5950,315375
20210625,10:46,11.45,11.70,11.35,11.65,8500,315375
20210625,10:47,11.65,11.65,11.10,11.40,7925,322400
20210625,10:48,11.40,11.55,11.35,11.40,4400,322400
20210625,10:49,11.50,11.55,11.35,11.50,2050,322400
20210625,10:50,11.60,11.85,11.45,11.55,5350,330200
20210625,10:51,11.45,11.70,11.45,11.70,850,330200
20210625,10:52,11.65,11.75,11.60,11.60,1525,330200
20210625,10:53,11.65,11.65,11.65,11.65,375,331350
20210625,10:54,11.70,11.70,11.40,11.40,4825,331350
20210625,10:55,11.45,11.60,11.30,11.35,3475,331350
20210625,10:56,11.35,11.40,11.30,11.35,475,331350
20210625,10:57,11.20,11.45,11.20,11.35,1850,334550
20210625,10:58,11.30,11.30,11.20,11.25,2750,334550
20210625,10:59,11.30,11.35,11.25,11.30,1125,336575
20210625,11:00,11.35,11.45,11.35,11.45,500,336575
20210625,11:01,11.30,11.30,11.20,11.25,1375,336575
20210625,11:02,11.25,11.35,11.20,11.35,3550,338425
20210625,11:03,11.30,11.30,10.90,11.00,3150,338425
20210625,11:04,11.00,11.10,11.00,11.10,1050,338425
20210625,11:05,11.10,11.10,11.00,11.05,1550,338975
20210625,11:06,11.00,11.00,10.95,10.95,300,338975
20210625,11:07,11.05,11.10,11.00,11.00,525,338975
20210625,11:08,10.95,11.05,10.90,10.90,1325,339175
20210625,11:09,10.90,10.95,10.85,10.85,1400,339175
20210625,11:10,10.75,10.85,10.70,10.75,3075,339175
20210625,11:11,10.75,10.85,10.60,10.70,5375,338325
20210625,11:12,10.65,10.75,10.50,10.60,10100,338325
20210625,11:13,10.65,10.70,10.55,10.65,1775,338325
20210625,11:14,10.65,10.75,10.60,10.70,1700,345150
20210625,11:15,10.75,10.75,10.65,10.65,3700,345150
20210625,11:16,10.70,10.75,10.65,10.70,925,345150
20210625,11:17,10.75,10.75,10.60,10.70,2675,345050
20210625,11:18,10.70,10.70,10.55,10.60,475,345050
20210625,11:19,10.55,10.70,10.55,10.70,375,345050
20210625,11:20,10.55,10.60,10.45,10.45,2275,343950
20210625,11:21,10.60,10.70,10.55,10.65,1550,343950
20210625,11:22,10.65,10.70,10.50,10.60,3375,343950
20210625,11:23,10.60,10.60,10.45,10.50,2800,345675
20210625,11:24,10.50,10.60,10.45,10.55,2550,345675
20210625,11:25,10.45,10.65,10.45,10.50,1975,345675
20210625,11:26,10.55,10.60,10.50,10.50,750,346950
20210625,11:27,10.45,10.55,10.40,10.40,3775,346950
20210625,11:28,10.45,10.55,10.40,10.50,1650,346950
20210625,11:29,10.45,10.45,10.30,10.35,5700,347150
20210625,11:30,10.35,10.40,10.20,10.25,1400,347150
20210625,11:31,10.20,10.30,10.10,10.20,5450,347150
20210625,11:32,10.20,10.20,10.05,10.05,4550,344850
20210625,11:33,10.15,10.15,9.95,10.05,7050,344850
20210625,11:34,10.05,10.20,10.00,10.10,1275,344850
20210625,11:35,10.10,10.20,10.10,10.10,1150,344150
20210625,11:36,10.15,10.25,10.10,10.15,1875,344150
20210625,11:37,10.25,10.30,10.10,10.30,2900,344150
20210625,11:38,10.30,10.30,10.10,10.15,1925,344150
20210625,11:39,9.90,10.05,9.90,9.90,7475,340575
20210625,11:40,9.95,10.05,9.95,9.95,4025,340575
20210625,11:41,9.95,10.00,9.90,10.00,1400,340175
20210625,11:42,10.00,10.00,9.80,9.95,8800,340175
20210625,11:43,9.90,10.10,9.90,9.95,3925,340175
20210625,11:44,9.95,10.05,9.95,10.00,5000,342200
20210625,11:45,10.00,10.10,9.90,9.95,6000,342200
20210625,11:46,10.00,10.00,9.80,9.95,5200,342200
20210625,11:47,9.95,10.20,9.85,10.10,3025,340775
20210625,11:48,10.05,10.35,10.05,10.20,3975,340775
20210625,11:49,10.20,10.25,10.05,10.15,2150,340775
20210625,11:50,10.05,10.40,10.05,10.20,12625,341075
20210625,11:51,10.25,10.60,10.05,10.25,6075,341075
20210625,11:52,10.30,10.35,9.90,9.90,5750,341075
20210625,11:53,9.80,9.90,9.55,9.55,11750,338900
20210625,11:54,9.55,9.75,9.50,9.50,9900,338900
20210625,11:55,9.50,9.60,9.45,9.55,8775,338900
20210625,11:56,9.60,9.70,9.55,9.55,3575,334375
20210625,11:57,9.65,9.80,9.65,9.75,3350,334375
20210625,11:58,9.80,9.85,9.70,9.80,2625,334375
20210625,11:59,9.70,9.95,9.70,9.75,2650,334375
20210625,12:00,9.80,9.85,9.65,9.75,5950,335175
20210625,12:01,9.75,9.85,9.70,9.85,5050,335175
20210625,12:02,9.85,9.90,9.70,9.70,2900,333000
20210625,12:03,9.70,10.00,9.70,9.95,5850,333000
20210625,12:04,9.85,10.00,9.80,9.85,3100,333000
20210625,12:05,9.85,10.00,9.85,9.95,3625,335875
20210625,12:06,10.05,10.25,10.00,10.25,1575,335875
20210625,12:07,10.20,10.40,10.10,10.35,1975,335875
20210625,12:08,10.35,10.40,10.25,10.30,1600,336525
20210625,12:09,10.30,10.30,9.80,9.95,16025,336525
20210625,12:10,9.90,10.00,9.85,9.95,9750,336525
20210625,12:11,10.00,10.00,9.90,9.90,2050,345650
20210625,12:12,10.00,10.00,9.80,9.95,2625,345650
20210625,12:13,9.85,10.00,9.85,10.00,3200,345650
20210625,12:14,10.00,10.00,9.80,9.80,3300,346525
20210625,12:15,9.80,9.80,9.70,9.80,1375,346525
20210625,12:16,9.80,9.90,9.80,9.85,1800,346525
20210625,12:17,9.85,10.00,9.85,10.00,575,346525
20210625,12:18,10.00,10.15,9.95,10.05,10400,346800
20210625,12:19,10.15,10.35,10.05,10.25,10775,346800
20210625,12:20,10.15,10.20,9.85,9.95,3425,346800
20210625,12:21,9.90,9.95,9.90,9.95,200,353075
20210625,12:22,9.90,9.90,9.60,9.70,5700,353075
20210625,12:23,9.85,9.95,9.80,9.95,1450,349425
20210625,12:24,9.95,10.05,9.75,9.75,1350,349425
20210625,12:25,9.90,9.95,9.90,9.95,775,349425
20210625,12:26,10.00,10.10,9.90,10.10,950,349425
20210625,12:27,10.05,10.20,10.05,10.05,4700,349125
20210625,12:28,10.15,10.15,10.10,10.10,600,349125
20210625,12:29,10.20,10.20,10.10,10.10,500,349125
20210625,12:30,10.20,10.20,10.15,10.20,550,349575
20210625,12:31,10.05,10.20,10.05,10.15,1675,349575
20210625,12:32,10.15,10.30,10.15,10.20,9025,349575
20210625,12:33,10.30,10.30,10.20,10.25,550,353525
20210625,12:34,10.15,10.20,10.05,10.05,350,353525
20210625,12:35,10.05,10.20,10.05,10.15,600,353525
20210625,12:36,10.25,10.25,10.10,10.10,1075,354125
20210625,12:37,10.10,10.15,10.10,10.10,375,354125
20210625,12:38,10.15,10.20,10.10,10.20,400,354125
20210625,12:39,10.10,10.15,9.95,10.00,450,353875
20210625,12:40,9.95,10.05,9.95,10.00,1150,353875
20210625,12:41,10.00,10.05,10.00,10.05,225,353875
20210625,12:42,10.05,10.05,10.00,10.05,3350,354525
20210625,12:43,10.15,10.15,9.85,10.00,5475,354525
20210625,12:44,10.05,10.20,9.90,10.15,1550,354525
20210625,12:45,10.15,10.20,9.95,9.95,1875,357575
20210625,12:46,9.95,10.05,9.80,9.90,2700,357575
20210625,12:47,9.80,10.00,9.80,9.90,3025,357575
20210625,12:48,9.95,9.95,9.80,9.95,575,357475
20210625,12:49,9.90,10.05,9.90,9.90,1600,357475
20210625,12:50,10.00,10.00,9.80,9.90,4350,357475
20210625,12:51,9.80,9.90,9.80,9.90,1075,357825
20210625,12:52,9.80,9.80,9.70,9.80,1475,357825
20210625,12:53,9.65,9.75,9.65,9.70,2100,357825
20210625,12:54,9.70,9.80,9.65,9.80,1475,357225
20210625,12:55,9.85,9.90,9.80,9.90,2750,357225
20210625,12:56,9.90,9.90,9.85,9.90,925,357225
20210625,12:57,9.90,9.95,9.75,9.95,5050,356325
20210625,12:58,9.90,10.00,9.90,9.95,1400,356325
20210625,12:59,9.85,10.00,9.65,9.70,7775,356325
20210625,13:00,9.85,9.85,9.70,9.85,2375,356125
20210625,13:01,9.90,10.10,9.75,10.05,3900,356125
20210625,13:02,10.05,10.20,10.00,10.10,1675,356125
20210625,13:03,10.05,10.10,10.00,10.00,275,358000
20210625,13:04,10.05,10.05,9.90,9.90,925,358000
20210625,13:05,9.90,9.90,9.90,9.90,250,358000
20210625,13:06,9.90,9.95,9.85,9.95,600,358475
20210625,13:07,9.95,10.05,9.85,10.05,1275,358475
20210625,13:08,9.95,10.00,9.90,10.00,2150,358475
20210625,13:09,10.00,10.05,9.95,10.05,1150,358425
20210625,13:10,10.05,10.20,10.00,10.10,3300,358425
20210625,13:11,10.05,10.20,10.00,10.10,1675,358425
20210625,13:12,10.10,10.35,10.05,10.35,4450,360975
20210625,13:13,10.25,10.35,10.25,10.35,1625,360975
20210625,13:14,10.35,10.40,10.25,10.40,2100,360975
20210625,13:15,10.30,10.30,10.20,10.20,3950,362750
20210625,13:16,10.15,10.30,10.15,10.20,1525,362750
20210625,13:17,10.20,10.30,10.15,10.30,725,362750
20210625,13:18,10.30,10.30,10.05,10.20,2625,366100
20210625,13:19,10.15,10.30,10.15,10.30,1000,366100
20210625,13:20,10.25,10.45,10.20,10.35,3075,366100
20210625,13:21,10.30,10.50,10.25,10.25,2200,367075
20210625,13:22,10.20,10.40,10.20,10.25,2650,367075
20210625,13:23,10.25,10.35,10.00,10.10,2200,367075
20210625,13:24,9.95,10.15,9.95,10.05,1225,370725
20210625,13:25,10.05,10.05,9.85,9.90,3125,370725
20210625,13:26,9.90,10.00,9.80,9.90,1500,370725
20210625,13:27,10.00,10.00,9.85,10.00,1200,371375
20210625,13:28,10.00,10.00,10.00,10.00,250,371375
20210625,13:29,9.95,9.95,9.85,9.95,950,371375
20210625,13:30,10.00,10.00,9.80,9.90,4225,372275
20210625,13:31,9.90,9.90,9.60,9.70,9725,372275
20210625,13:32,9.65,9.70,9.50,9.55,11625,372275
20210625,13:33,9.60,9.80,9.40,9.65,16550,366975
20210625,13:34,9.65,9.95,9.60,9.95,7475,366975
20210625,13:35,9.95,9.95,9.80,9.90,5100,366975
20210625,13:36,9.95,10.10,9.90,10.10,4450,374325
20210625,13:37,10.10,10.20,10.00,10.00,10350,374325
20210625,13:38,10.00,10.00,9.75,9.90,4125,374325
20210625,13:39,9.90,10.00,9.85,9.95,1950,378450
20210625,13:40,9.85,9.90,9.85,9.85,150,378450
20210625,13:41,9.95,9.95,9.90,9.95,1550,378450
20210625,13:42,9.95,9.95,9.85,9.85,1275,380875
20210625,13:43,9.95,9.95,9.80,9.95,900,380875
20210625,13:44,9.80,9.95,9.80,9.95,2125,380875
20210625,13:45,9.80,10.05,9.80,10.00,2700,382950
20210625,13:46,10.10,10.10,9.90,9.95,2825,382950
20210625,13:47,9.95,9.95,9.80,9.90,1025,382950
20210625,13:48,9.95,9.95,9.85,9.90,4425,382925
20210625,13:49,10.00,10.05,9.80,9.80,2950,382925
20210625,13:50,9.80,9.85,9.65,9.75,6825,382925
20210625,13:51,9.70,9.70,9.30,9.55,14600,379225
20210625,13:52,9.50,9.80,9.45,9.80,7750,379225
20210625,13:53,9.75,9.75,9.35,9.35,11750,379225
20210625,13:54,9.40,9.70,9.35,9.60,4750,375400
20210625,13:55,9.60,9.95,9.60,9.75,7525,375400
20210625,13:56,9.70,9.80,9.50,9.55,3800,375400
20210625,13:57,9.50,9.60,9.40,9.60,4675,375425
20210625,13:58,9.55,9.70,9.55,9.70,1650,375425
20210625,13:59,9.60,9.70,9.50,9.50,1350,375425
20210625,14:00,9.55,9.55,9.35,9.35,4600,374100
20210625,14:01,9.45,9.45,9.35,9.45,925,374100
20210625,14:02,9.35,9.50,9.30,9.45,5775,374100
20210625,14:03,9.45,9.60,9.25,9.35,2550,373100
20210625,14:04,9.40,9.40,9.20,9.30,5100,373100
20210625,14:05,9.30,9.40,9.30,9.40,950,373100
20210625,14:06,9.40,9.60,9.40,9.45,3250,370525
20210625,14:07,9.45,9.50,9.35,9.40,2725,370525
20210625,14:08,9.45,9.60,9.35,9.45,3350,370525
20210625,14:09,9.60,9.70,9.55,9.65,7425,370075
20210625,14:10,9.55,9.85,9.55,9.75,5650,370075
20210625,14:11,9.80,9.85,9.65,9.65,6100,370075
20210625,14:12,9.60,9.70,9.45,9.65,3550,374575
20210625,14:13,9.75,10.00,9.70,9.70,14300,374575
20210625,14:14,9.80,9.80,9.55,9.60,5250,374575
20210625,14:15,9.60,9.60,9.20,9.45,5350,381350
20210625,14:16,9.50,9.70,9.40,9.40,2000,381350
20210625,14:17,9.50,9.70,9.45,9.50,5600,381350
20210625,14:18,9.50,9.70,9.40,9.45,12825,380500
20210625,14:19,9.40,9.80,9.40,9.65,5200,380500
20210625,14:20,9.70,9.70,9.65,9.70,2925,380500
20210625,14:21,9.65,9.75,9.55,9.55,7625,382575
20210625,14:22,9.55,9.65,9.50,9.65,1450,382575
20210625,14:23,9.55,9.60,9.40,9.40,2175,382575
20210625,14:24,9.45,9.50,9.00,9.20,6350,379825
20210625,14:25,9.20,9.20,8.95,9.10,6450,379825
20210625,14:26,9.15,9.15,8.90,8.95,5525,379825
20210625,14:27,9.00,9.05,8.80,8.90,6525,384250
20210625,14:28,8.80,8.90,8.75,8.80,4750,384250
20210625,14:29,8.90,8.90,8.75,8.75,9500,384250
20210625,14:30,8.80,8.85,8.65,8.70,1900,379400
20210625,14:31,8.75,8.75,8.50,8.50,4200,379400
20210625,14:32,8.50,8.70,8.50,8.70,2650,379400
20210625,14:33,8.70,8.80,8.65,8.70,2150,377925
20210625,14:34,8.70,8.80,8.60,8.65,6325,377925
20210625,14:35,8.60,8.65,8.50,8.65,1725,377925
20210625,14:36,8.65,8.70,8.55,8.60,2125,375775
20210625,14:37,8.70,8.70,8.45,8.50,3975,375775
20210625,14:38,8.55,8.75,8.55,8.75,1850,375775
20210625,14:39,8.60,8.70,8.50,8.55,4600,373100
20210625,14:40,8.65,8.65,8.15,8.25,16600,373100
20210625,14:41,8.30,8.30,8.20,8.30,7300,373100
20210625,14:42,8.20,8.20,7.75,8.05,15900,350650
20210625,14:43,8.00,8.10,8.00,8.05,8425,350650
20210625,14:44,8.05,8.05,7.60,7.70,12375,350650
20210625,14:45,7.65,7.75,7.55,7.55,2675,348425
20210625,14:46,7.65,7.65,7.10,7.25,29600,348425
20210625,14:47,7.30,7.35,7.15,7.20,9475,348425
20210625,14:48,7.20,7.40,7.15,7.30,7775,326725
20210625,14:49,7.25,7.30,7.10,7.25,8575,326725
20210625,14:50,7.20,7.30,7.05,7.30,1100,326725
20210625,14:51,7.30,7.65,7.10,7.55,14500,321425
20210625,14:52,7.50,7.55,7.25,7.40,7000,321425
20210625,14:53,7.45,7.60,7.45,7.60,2000,321425
20210625,14:54,7.70,7.70,7.60,7.60,2425,312000
20210625,14:55,7.60,7.60,7.45,7.50,3325,312000
20210625,14:56,7.50,7.50,7.45,7.50,3475,312000
20210625,14:57,7.40,7.55,7.30,7.45,6000,300650
20210625,14:58,7.50,7.55,7.40,7.55,8150,300650
20210625,14:59,7.55,7.60,7.45,7.50,2900,300650
20210625,15:00,7.50,7.50,7.35,7.45,4975,298300
20210625,15:01,7.45,7.45,7.30,7.35,5900,298300
20210625,15:02,7.40,7.45,7.10,7.25,4400,298300
20210625,15:03,7.25,7.35,7.20,7.30,3275,290375
20210625,15:04,7.25,7.50,7.25,7.50,2875,290375
20210625,15:05,7.30,7.40,7.20,7.35,7325,290375
20210625,15:06,7.40,7.40,7.20,7.25,7050,286775
20210625,15:07,7.30,7.30,7.15,7.30,7075,286775
20210625,15:08,7.25,7.30,7.05,7.15,7300,286775
20210625,15:09,7.10,7.15,6.90,7.15,11350,270575
20210625,15:10,7.25,7.30,7.00,7.10,6025,270575
20210625,15:11,7.05,7.10,6.95,7.00,4400,270575
20210625,15:12,7.05,7.10,6.80,7.00,3100,264075
20210625,15:13,7.00,7.05,6.50,7.05,12750,264075
20210625,15:14,7.10,7.10,6.90,7.10,8425,264075
20210625,15:15,7.15,7.40,6.95,7.35,7450,253150
20210625,15:16,7.30,7.40,7.00,7.10,8625,253150
20210625,15:17,7.15,7.15,6.95,7.00,3275,253150
20210625,15:18,6.95,7.10,6.90,7.05,5075,256175
20210625,15:19,7.00,7.10,6.90,7.00,3500,256175
20210625,15:20,6.95,7.10,6.85,6.95,4950,256175
20210625,15:21,7.05,7.05,6.25,6.95,14525,253375
20210625,15:22,6.90,6.90,6.70,6.80,8075,253375
20210625,15:23,6.80,6.80,6.40,6.55,16450,253375
20210625,15:24,6.65,6.65,5.55,5.55,58475,215925
20210625,15:25,6.10,6.25,4.95,5.20,51850,215925
20210625,15:26,5.10,5.70,5.10,5.65,7275,215925
20210625,15:27,5.50,5.75,5.45,5.55,18550,201600
20210625,15:28,5.60,5.60,5.20,5.60,10050,201600
20210625,15:29,5.50,5.60,4.75,5.05,17100,201600
20210628,09:15,6.10,6.10,5.00,5.40,6351,194425
20210628,09:16,5.40,5.50,5.25,5.50,12800,194425
20210628,09:17,5.50,5.50,5.35,5.40,4925,202175
20210628,09:18,5.40,5.80,5.30,5.70,6750,202175
20210628,09:19,5.65,5.65,5.45,5.65,3925,202175
20210628,09:20,5.50,5.60,5.35,5.45,7200,201500
20210628,09:21,5.45,5.65,5.45,5.50,5475,201500
20210628,09:22,5.50,5.85,5.50,5.80,5000,201500
20210628,09:23,5.70,5.85,5.40,5.45,6000,205975
20210628,09:24,5.60,5.60,5.35,5.40,2750,205975
20210628,09:25,5.55,5.65,5.40,5.65,2925,205975
20210628,09:26,5.60,5.70,5.50,5.50,5475,205275
20210628,09:27,5.60,5.70,5.60,5.65,3250,205275
20210628,09:28,5.60,5.70,5.50,5.50,3375,205275
20210628,09:29,5.45,5.50,5.35,5.35,3100,206150
20210628,09:30,5.45,5.50,5.40,5.50,1175,206150
20210628,09:31,5.40,5.45,5.25,5.30,8800,206150
20210628,09:32,5.30,5.40,5.20,5.25,11550,201675
20210628,09:33,5.25,5.25,5.20,5.20,5575,201675
20210628,09:34,5.20,5.25,5.15,5.25,4000,201675
20210628,09:35,5.20,5.35,5.20,5.30,2750,188500
20210628,09:36,5.35,5.35,5.20,5.35,5500,188500
20210628,09:37,5.30,5.60,5.30,5.50,5075,188500
20210628,09:38,5.55,5.60,5.40,5.60,4300,187275
20210628,09:39,5.65,5.70,5.50,5.70,3375,187275
20210628,09:40,5.70,6.00,5.55,5.55,13725,187275
20210628,09:41,5.65,5.70,5.60,5.60,2550,188425
20210628,09:42,5.55,5.65,5.55,5.65,1200,188425
20210628,09:43,5.55,5.55,5.50,5.50,1375,188425
20210628,09:44,5.60,5.60,5.55,5.60,2775,188075
20210628,09:45,5.50,5.75,5.50,5.75,7075,188075
20210628,09:46,5.80,5.95,5.65,5.70,7050,188075
20210628,09:47,5.65,5.65,5.55,5.55,2375,188500
20210628,09:48,5.60,5.70,5.60,5.60,3725,188500
20210628,09:49,5.70,5.70,5.50,5.50,1500,188500
20210628,09:50,5.60,5.60,5.55,5.55,375,188500
20210628,09:51,5.55,5.65,5.45,5.50,6400,188500
20210628,09:52,5.50,5.55,5.45,5.50,2325,188500
20210628,09:53,5.50,5.50,5.40,5.40,2325,184475
20210628,09:54,5.35,5.40,5.35,5.40,700,184475
20210628,09:55,5.40,5.40,5.35,5.40,1950,184475
20210628,09:56,5.35,5.40,5.35,5.35,300,186000
20210628,09:57,5.35,5.35,5.35,5.35,100,186000
20210628,09:58,5.35,5.45,5.30,5.45,3300,186000
20210628,09:59,5.40,5.45,5.35,5.35,950,184100
20210628,10:00,5.45,5.55,5.40,5.55,4625,184100
20210628,10:01,5.55,5.65,5.50,5.65,2900,184100
20210628,10:02,5.70,5.70,5.55,5.60,2100,184950
20210628,10:03,5.55,5.75,5.50,5.75,1100,184950
20210628,10:04,5.75,5.80,5.65,5.70,3800,184950
20210628,10:05,5.65,5.70,5.60,5.65,525,186800
20210628,10:06,5.55,5.55,5.45,5.45,5550,186800
20210628,10:07,5.50,5.50,5.35,5.45,2525,186800
20210628,10:08,5.45,5.50,5.45,5.50,2825,189575
20210628,10:09,5.55,5.55,5.50,5.55,550,189575
20210628,10:10,5.55,5.55,5.55,5.55,50,189575
20210628,10:11,5.55,5.55,5.50,5.50,775,189675
20210628,10:12,5.50,5.50,5.45,5.50,1675,189675
20210628,10:13,5.50,5.65,5.50,5.55,1525,189675
20210628,10:14,5.55,5.60,5.50,5.60,500,190475
20210628,10:15,5.55,5.65,5.55,5.60,400,190475
20210628,10:16,5.65,5.65,5.50,5.55,850,190475
20210628,10:17,5.45,5.50,5.40,5.50,1150,190200
20210628,10:18,5.45,5.45,5.45,5.45,350,190200
20210628,10:19,5.50,5.50,5.40,5.40,2300,190200
20210628,10:20,5.45,5.55,5.45,5.55,2025,189400
20210628,10:21,5.50,5.50,5.40,5.40,1575,189400
20210628,10:22,5.40,5.45,5.35,5.40,925,189400
20210628,10:23,5.35,5.40,5.35,5.40,325,189550
20210628,10:24,5.40,5.45,5.40,5.45,175,189550
20210628,10:25,5.45,5.45,5.40,5.40,300,189550
20210628,10:26,5.40,5.40,5.40,5.40,100,189550
20210628,10:27,5.40,5.45,5.35,5.40,575,189525
20210628,10:28,5.40,5.40,5.40,5.40,25,189525
20210628,10:30,5.35,5.35,5.35,5.35,50,189350
20210628,10:31,5.40,5.40,5.40,5.40,250,189350
20210628,10:32,5.35,5.35,5.35,5.35,350,189350
20210628,10:33,5.35,5.40,5.35,5.40,525,189375
20210628,10:34,5.35,5.40,5.35,5.35,700,189375
20210628,10:35,5.40,5.40,5.35,5.35,1175,188875
20210628,10:36,5.30,5.50,5.30,5.50,2925,188875
20210628,10:37,5.50,5.60,5.50,5.60,975,188875
20210628,10:38,5.60,5.65,5.60,5.65,1925,189725
20210628,10:39,5.65,5.65,5.55,5.55,1100,189725
20210628,10:40,5.60,5.65,5.55,5.55,525,189725
20210628,10:41,5.55,5.55,5.55,5.55,100,190100
20210628,10:42,5.55,5.65,5.45,5.45,6800,190100
20210628,10:43,5.55,5.55,5.45,5.50,900,190100
20210628,10:44,5.50,5.60,5.50,5.50,1950,189250
20210628,10:45,5.60,5.60,5.45,5.45,2775,189250
20210628,10:46,5.45,5.45,5.35,5.45,375,189250
20210628,10:47,5.45,5.50,5.40,5.45,1550,188075
20210628,10:48,5.45,5.45,5.40,5.40,1725,188075
20210628,10:49,5.40,5.40,5.35,5.40,975,188075
20210628,10:50,5.35,5.40,5.30,5.30,1650,188100
20210628,10:51,5.25,5.30,5.25,5.25,3875,188100
20210628,10:52,5.25,5.30,5.20,5.20,650,188100
20210628,10:53,5.20,5.25,5.20,5.20,175,186275
20210628,10:54,5.15,5.25,5.15,5.25,925,186275
20210628,10:55,5.20,5.25,5.10,5.20,4475,186275
20210628,10:56,5.20,5.20,5.15,5.15,350,186275
20210628,10:57,5.15,5.15,5.10,5.15,1400,186775
20210628,10:58,5.15,5.15,5.05,5.10,750,186775
20210628,10:59,5.10,5.10,5.10,5.10,1550,186775
20210628,11:00,5.00,5.05,4.85,4.90,4325,186400
20210628,11:01,4.85,4.90,4.85,4.85,675,186400
20210628,11:02,4.95,4.95,4.95,4.95,500,186400
20210628,11:03,4.95,4.95,4.75,4.75,1825,185475
20210628,11:04,4.75,4.95,4.75,4.90,1250,185475
20210628,11:05,4.90,4.90,4.90,4.90,75,185475
20210628,11:06,4.85,4.85,4.75,4.80,1050,184800
20210628,11:07,4.80,4.90,4.80,4.90,425,184800
20210628,11:08,4.90,4.90,4.75,4.75,1100,184150
20210628,11:09,4.85,4.90,4.80,4.80,1100,184150
20210628,11:10,4.90,4.90,4.80,4.80,1600,184150
20210628,11:11,4.80,4.90,4.80,4.85,425,184275
20210628,11:12,4.90,4.95,4.85,4.85,675,184275
20210628,11:13,4.90,4.95,4.90,4.95,400,184275
20210628,11:14,5.00,5.00,4.85,4.90,1900,183975
20210628,11:15,4.95,4.95,4.80,4.90,1375,183975
20210628,11:16,4.90,4.95,4.80,4.85,2600,183975
20210628,11:17,4.90,4.90,4.85,4.85,200,184775
20210628,11:18,4.85,4.95,4.80,4.85,2375,184775
20210628,11:19,4.80,4.80,4.70,4.70,1300,184775
20210628,11:20,4.65,4.75,4.65,4.65,2525,183825
20210628,11:21,4.70,4.75,4.60,4.60,5375,183825
20210628,11:22,4.60,4.60,4.40,4.45,6050,183825
20210628,11:23,4.35,4.40,4.25,4.40,10750,184400
20210628,11:24,4.35,4.35,4.30,4.30,300,184400
20210628,11:25,4.30,4.40,4.20,4.35,5350,184400
20210628,11:26,4.40,4.40,4.30,4.30,1475,184800
20210628,11:27,4.40,4.40,4.30,4.30,925,184800
20210628,11:28,4.25,4.30,4.25,4.25,475,184800
20210628,11:29,4.30,4.30,4.30,4.30,50,184800
20210628,11:30,4.35,4.35,4.30,4.30,425,184600
20210628,11:31,4.25,4.30,4.15,4.20,2475,184600
20210628,11:32,4.20,4.20,4.10,4.15,1575,184750
20210628,11:33,4.15,4.15,4.15,4.15,325,184750
20210628,11:34,4.25,4.30,4.20,4.25,4750,184750
20210628,11:35,4.35,4.40,4.35,4.40,1600,184750
20210628,11:36,4.40,4.40,4.35,4.35,850,186200
20210628,11:37,4.35,4.35,4.25,4.25,3850,186200
20210628,11:38,4.30,4.35,4.25,4.35,575,186200
20210628,11:39,4.30,4.30,4.30,4.30,100,184275
20210628,11:40,4.30,4.30,4.30,4.30,125,184275
20210628,11:42,4.40,4.40,4.40,4.40,300,184350
20210628,11:43,4.40,4.40,4.40,4.40,500,184350
20210628,11:46,4.35,4.35,4.35,4.35,25,184125
20210628,11:47,4.40,4.40,4.40,4.40,275,184125
20210628,11:48,4.45,4.45,4.40,4.45,375,184200
20210628,11:49,4.45,4.45,4.40,4.40,100,184200
20210628,11:50,4.50,4.50,4.50,4.50,250,184200
20210628,11:51,4.45,4.45,4.30,4.35,975,184500
20210628,11:52,4.30,4.30,4.25,4.30,500,184500
20210628,11:53,4.25,4.40,4.25,4.40,3300,183525
20210628,11:54,4.35,4.40,4.35,4.40,650,183525
20210628,11:55,4.35,4.35,4.35,4.35,25,183525
20210628,11:56,4.40,4.40,4.35,4.35,300,183875
20210628,11:57,4.35,4.35,4.20,4.20,1475,183875
20210628,11:58,4.25,4.30,4.15,4.25,3875,183875
20210628,11:59,4.30,4.30,4.20,4.25,425,183875
20210628,12:00,4.25,4.30,4.20,4.25,1125,181100
20210628,12:01,4.25,4.25,4.20,4.25,950,181100
20210628,12:02,4.20,4.25,4.15,4.20,650,181100
20210628,12:03,4.20,4.20,4.10,4.15,1700,181000
20210628,12:04,4.20,4.35,4.20,4.35,650,181000
20210628,12:06,4.40,4.40,4.40,4.40,800,180200
20210628,12:07,4.45,4.45,4.45,4.45,1250,180200
20210628,12:08,4.45,4.45,4.40,4.40,725,180200
20210628,12:09,4.35,4.55,4.20,4.35,8725,180200
20210628,12:10,4.35,4.40,4.30,4.40,725,180200
20210628,12:11,4.45,4.55,4.40,4.40,2675,179950
20210628,12:12,4.45,4.50,4.45,4.50,1625,179950
20210628,12:13,4.45,4.45,4.40,4.40,450,179950
20210628,12:14,4.40,4.45,4.40,4.45,125,179950
20210628,12:15,4.30,4.30,4.15,4.25,3050,180350
20210628,12:16,4.25,4.30,4.25,4.25,325,180350
20210628,12:17,4.30,4.30,4.20,4.25,875,180350
20210628,12:18,4.25,4.35,4.15,4.25,2275,179575
20210628,12:19,4.20,4.25,4.20,4.20,825,179575
20210628,12:20,4.20,4.25,4.20,4.25,1000,179575
20210628,12:21,4.30,4.30,4.30,4.30,150,178550
20210628,12:22,4.35,4.40,4.30,4.30,1025,178550
20210628,12:23,4.35,4.35,4.25,4.30,200,178550
20210628,12:24,4.25,4.35,4.25,4.35,375,178625
20210628,12:25,4.30,4.35,4.25,4.30,2500,178625
20210628,12:26,4.30,4.35,4.25,4.25,1200,178625
20210628,12:27,4.30,4.50,4.20,4.50,6050,177125
20210628,12:28,4.40,4.45,4.40,4.40,2750,177125
20210628,12:29,4.40,4.40,4.15,4.25,11150,177125
20210628,12:30,4.20,4.45,4.20,4.40,6650,176100
20210628,12:31,4.35,4.50,4.35,4.40,3000,176100
20210628,12:32,4.45,4.45,4.35,4.40,875,176100
20210628,12:33,4.35,4.40,4.20,4.30,4700,177150
20210628,12:34,4.25,4.40,4.25,4.30,825,177150
20210628,12:35,4.30,4.30,4.25,4.30,1075,177150
20210628,12:36,4.30,4.40,4.25,4.25,5075,175625
20210628,12:37,4.30,4.30,4.25,4.25,1225,175625
20210628,12:38,4.35,4.40,4.25,4.30,2200,175625
20210628,12:39,4.30,4.35,4.25,4.25,3350,174675
20210628,12:40,4.30,4.35,4.20,4.30,3525,174675
20210628,12:41,4.40,4.40,4.35,4.40,525,174675
20210628,12:42,4.40,4.45,4.40,4.45,1475,172975
20210628,12:43,4.40,4.45,4.25,4.35,3575,172975
20210628,12:44,4.35,4.40,4.30,4.30,1075,172975
20210628,12:45,4.20,4.35,4.20,4.25,2950,172925
20210628,12:46,4.20,4.20,4.20,4.20,25,172925
20210628,12:47,4.20,4.25,4.05,4.20,2500,172925
20210628,12:48,4.20,4.20,4.15,4.15,250,171250
20210628,12:49,4.10,4.20,4.10,4.20,375,171250
20210628,12:50,4.20,4.20,4.10,4.15,675,171250
20210628,12:51,4.15,4.15,4.15,4.15,225,171125
20210628,12:52,4.10,4.20,4.05,4.20,1000,171125
20210628,12:53,4.15,4.15,4.15,4.15,600,171125
20210628,12:54,4.20,4.30,4.20,4.20,700,171900
20210628,12:55,4.25,4.30,4.25,4.25,300,171900
20210628,12:56,4.30,4.30,4.20,4.25,425,171900
20210628,12:57,4.30,4.30,4.25,4.30,275,172375
20210628,12:58,4.20,4.25,4.20,4.25,275,172375
20210628,12:59,4.30,4.30,4.20,4.20,475,172375
20210628,13:00,4.20,4.35,4.20,4.30,725,172200
20210628,13:01,4.25,4.25,4.25,4.25,200,172200
20210628,13:02,4.25,4.25,4.25,4.25,25,172200
20210628,13:05,4.30,4.30,4.25,4.25,200,172050
20210628,13:06,4.25,4.25,4.25,4.25,875,172050
20210628,13:08,4.30,4.35,4.20,4.25,750,171250
20210628,13:09,4.30,4.75,4.30,4.65,7400,171900
20210628,13:10,4.60,4.60,4.35,4.45,4325,171900
20210628,13:12,4.45,4.45,4.25,4.25,1725,171750
20210628,13:13,4.35,4.40,4.35,4.40,275,171750
20210628,13:14,4.30,4.35,4.25,4.30,425,171750
20210628,13:15,4.25,4.60,4.25,4.45,4250,171525
20210628,13:16,4.45,4.50,4.20,4.20,5100,171525
20210628,13:17,4.15,4.25,4.15,4.25,675,171525
20210628,13:18,4.20,4.20,4.20,4.20,200,171100
20210628,13:19,4.20,4.30,4.20,4.25,700,171100
20210628,13:20,4.20,4.20,4.20,4.20,200,171100
20210628,13:21,4.15,4.15,4.15,4.15,150,171100
20210628,13:23,4.20,4.20,4.20,4.20,50,170800
20210628,13:24,4.25,4.35,4.20,4.25,1450,170500
20210628,13:25,4.25,4.25,4.20,4.20,350,170500
20210628,13:26,4.30,4.40,4.25,4.40,1600,170500
20210628,13:27,4.40,4.50,4.40,4.45,1250,171875
20210628,13:28,4.45,4.45,4.45,4.45,1325,171875
20210628,13:29,4.40,4.40,4.15,4.20,6650,171875
20210628,13:30,4.20,4.30,4.05,4.20,4375,173000
20210628,13:31,4.15,4.25,4.10,4.10,2675,173000
20210628,13:32,4.10,4.10,4.10,4.10,400,173000
20210628,13:33,4.10,4.15,4.05,4.05,850,170575
20210628,13:35,4.15,4.15,4.15,4.15,325,170575
20210628,13:36,4.15,4.20,4.15,4.20,650,170225
20210628,13:37,4.15,4.25,4.15,4.25,575,170225
20210628,13:38,4.30,4.50,4.30,4.45,2825,170225
20210628,13:39,4.40,4.40,4.40,4.40,100,171950
20210628,13:40,4.40,4.40,4.40,4.40,25,171950
20210628,13:42,4.40,4.45,4.40,4.40,450,171975
20210628,13:43,4.45,4.45,4.45,4.45,100,171975
20210628,13:44,4.45,4.45,4.45,4.45,325,171975
20210628,13:45,4.50,4.50,4.50,4.50,25,172125
20210628,13:46,4.45,4.45,4.40,4.40,550,172125
20210628,13:47,4.45,4.55,4.45,4.55,2425,172125
20210628,13:48,4.55,4.55,4.45,4.45,675,174050
20210628,13:49,4.40,4.45,4.40,4.40,675,174050
20210628,13:50,4.40,4.40,4.20,4.30,2350,174050
20210628,13:51,4.30,4.45,4.30,4.45,850,172825
20210628,13:52,4.50,4.50,4.40,4.50,1150,172825
20210628,13:53,4.40,4.50,4.40,4.50,150,172825
20210628,13:56,4.50,4.50,4.50,4.50,125,172325
20210628,13:57,4.50,4.55,4.45,4.45,1000,172325
20210628,13:58,4.50,4.70,4.50,4.60,5200,172325
20210628,13:59,4.60,4.60,4.50,4.50,1725,172325
20210628,14:00,4.50,4.55,4.30,4.50,8125,176225
20210628,14:01,4.45,4.45,4.40,4.40,1125,176225
20210628,14:02,4.35,4.40,4.30,4.40,425,176225
20210628,14:03,4.30,4.55,4.30,4.30,3925,176825
20210628,14:04,4.30,4.45,4.30,4.40,4875,176825
20210628,14:05,4.40,4.40,4.15,4.25,3725,176825
20210628,14:06,4.20,4.20,4.15,4.15,1050,182600
20210628,14:07,4.20,4.25,4.10,4.15,1825,182600
20210628,14:08,4.00,4.15,4.00,4.10,4325,182600
20210628,14:09,4.15,4.15,4.05,4.05,3550,183425
20210628,14:10,4.05,4.10,3.90,3.90,4650,183425
20210628,14:11,4.00,4.00,3.95,3.95,2375,183425
20210628,14:12,3.95,4.00,3.90,3.90,2250,189775
20210628,14:13,3.90,3.90,3.85,3.85,2300,189775
20210628,14:14,3.85,3.95,3.80,3.95,5150,189775
20210628,14:15,3.90,4.00,3.90,3.95,1250,191700
20210628,14:16,4.15,4.15,4.05,4.15,2625,191700
20210628,14:17,4.00,4.00,4.00,4.00,2275,191700
20210628,14:18,4.00,4.00,3.85,3.85,4875,192500
20210628,14:19,3.85,3.90,3.85,3.90,1450,192500
20210628,14:20,4.00,4.00,4.00,4.00,700,192500
20210628,14:21,3.95,3.95,3.90,3.90,300,191275
20210628,14:22,3.90,4.00,3.90,3.95,375,191275
20210628,14:23,4.00,4.00,3.95,3.95,250,191275
20210628,14:24,4.05,4.25,4.05,4.25,1775,191100
20210628,14:25,4.00,4.00,3.90,3.90,1975,191100
20210628,14:26,3.90,3.95,3.90,3.95,500,191100
20210628,14:27,3.90,3.95,3.90,3.95,100,190500
20210628,14:28,4.00,4.10,4.00,4.05,850,190500
20210628,14:29,4.05,4.05,3.85,3.90,2000,190500
20210628,14:30,3.90,3.95,3.85,3.95,1150,190550
20210628,14:31,3.90,4.05,3.90,4.05,325,190550
20210628,14:32,3.90,4.05,3.90,4.00,1925,190550
20210628,14:33,4.05,4.10,4.00,4.00,525,190550
20210628,14:34,4.00,4.00,3.90,3.90,1450,190475
20210628,14:35,3.90,3.90,3.90,3.90,25,190475
20210628,14:36,3.95,4.00,3.95,4.00,225,190475
20210628,14:37,4.00,4.05,4.00,4.00,575,189350
20210628,14:38,4.10,4.30,4.05,4.05,2450,189350
20210628,14:39,4.05,4.10,4.05,4.05,150,188775
20210628,14:40,4.05,4.05,4.05,4.05,375,188775
20210628,14:41,4.00,4.00,4.00,4.00,325,188775
20210628,14:42,4.00,4.05,3.95,4.00,1250,188925
20210628,14:43,3.95,3.95,3.95,3.95,550,188925
20210628,14:45,3.90,3.90,3.90,3.90,750,189000
20210628,14:46,4.00,4.00,3.75,3.85,2975,189000
20210628,14:47,3.95,3.95,3.90,3.90,900,189000
20210628,14:48,3.95,3.95,3.85,3.95,1575,188800
20210628,14:49,3.90,3.90,3.80,3.85,1475,188800
20210628,14:50,3.75,3.80,3.75,3.75,300,188800
20210628,14:51,3.80,3.80,3.60,3.70,4725,189500
20210628,14:52,3.70,3.85,3.70,3.75,1875,189500
20210628,14:53,3.75,3.80,3.70,3.75,2525,189500
20210628,14:54,3.75,3.85,3.75,3.85,4675,184750
20210628,14:55,3.80,3.90,3.80,3.80,800,184750
20210628,14:56,3.85,3.85,3.75,3.80,1225,184750
20210628,14:57,3.80,3.80,3.80,3.80,650,184750
20210628,14:58,3.85,3.85,3.80,3.80,275,183975
20210628,14:59,3.90,3.95,3.85,3.90,5850,183975
20210628,15:00,3.95,4.00,3.85,3.95,5350,178050
20210628,15:01,3.95,4.00,3.95,4.00,6075,178050
20210628,15:02,4.05,4.05,3.90,3.90,1025,178050
20210628,15:03,3.95,4.00,3.95,3.95,600,172850
20210628,15:04,3.90,3.95,3.85,3.90,3400,172850
20210628,15:05,3.90,4.00,3.90,3.95,3700,172850
20210628,15:06,3.95,4.00,3.85,3.85,2175,172775
20210628,15:07,3.85,4.00,3.85,3.95,1250,172775
20210628,15:08,4.00,4.15,4.00,4.10,3625,172775
20210628,15:09,4.10,4.15,4.05,4.05,1775,173025
20210628,15:10,4.05,4.10,3.80,3.80,6150,173025
20210628,15:11,3.75,3.80,3.75,3.80,1500,173025
20210628,15:12,3.75,3.85,3.75,3.80,2300,171925
20210628,15:13,3.70,4.05,3.60,3.90,7450,171925
20210628,15:14,4.05,4.05,3.80,3.95,2600,171925
20210628,15:15,3.95,3.95,3.80,3.90,2450,171375
20210628,15:16,3.95,3.95,3.85,3.90,425,171375
20210628,15:17,3.85,3.95,3.70,3.80,3425,171375
20210628,15:18,3.80,3.90,3.70,3.70,2350,171125
20210628,15:19,3.80,3.80,3.70,3.70,425,171125
20210628,15:20,3.70,3.75,3.65,3.75,775,171125
20210628,15:21,3.80,3.80,3.60,3.75,1225,170950
20210628,15:22,3.70,3.80,3.50,3.65,6175,170950
20210628,15:23,3.65,3.70,3.35,3.55,10200,170950
20210628,15:24,3.65,3.70,3.30,3.45,9275,167150
20210628,15:25,3.60,3.60,3.35,3.55,4525,167150
20210628,15:26,3.55,3.70,3.35,3.55,6050,167150
20210628,15:27,3.50,3.80,3.50,3.60,3225,164700
20210628,15:28,3.60,3.85,3.55,3.75,3850,164700
20210628,15:29,3.80,3.80,3.45,3.55,4100,164700
20210629,09:15,4.40,4.40,3.60,3.75,3026,159675
20210629,09:16,3.75,4.05,3.40,3.85,4550,159675
20210629,09:17,4.00,4.20,3.90,4.20,5375,163275
20210629,09:18,4.05,4.10,3.95,4.00,675,163275
20210629,09:19,4.05,4.20,4.00,4.05,3250,163275
20210629,09:20,4.00,4.05,3.90,4.05,9750,167650
20210629,09:21,4.00,4.45,4.00,4.30,7750,167650
20210629,09:22,4.40,4.50,3.90,4.20,5075,167650
20210629,09:23,4.30,4.30,4.15,4.15,775,174350
20210629,09:24,4.15,4.20,4.10,4.10,525,174350
20210629,09:25,4.10,4.10,4.05,4.10,1550,174350
20210629,09:26,4.10,4.15,4.05,4.10,2550,174475
20210629,09:27,4.05,4.20,4.05,4.20,1950,174475
20210629,09:28,4.20,4.30,3.95,4.15,6600,174475
20210629,09:29,4.20,4.45,4.10,4.15,3175,174775
20210629,09:30,4.10,4.35,4.05,4.20,3775,174775
20210629,09:31,4.05,4.05,3.90,3.95,4825,174775
20210629,09:32,4.00,4.00,3.95,3.95,2250,175450
20210629,09:33,3.95,4.10,3.90,3.90,2775,175450
20210629,09:34,4.05,4.25,4.05,4.15,7875,175450
20210629,09:35,4.05,4.20,4.05,4.10,4600,175950
20210629,09:36,4.05,4.15,3.90,3.90,4550,175950
20210629,09:37,3.95,4.00,3.95,3.95,1425,175950
20210629,09:38,4.00,4.00,3.95,4.00,2825,176100
20210629,09:39,4.00,4.05,3.95,4.05,675,176100
20210629,09:40,3.95,4.00,3.95,3.95,1350,176100
20210629,09:41,4.00,4.00,3.95,3.95,75,176350
20210629,09:42,3.95,3.95,3.95,3.95,275,176350
20210629,09:43,3.90,3.95,3.85,3.85,1850,176350
20210629,09:44,3.95,4.00,3.85,3.95,4200,175975
20210629,09:45,3.90,3.95,3.90,3.90,350,175975
20210629,09:46,3.90,3.95,3.90,3.90,1750,175975
20210629,09:47,3.90,3.90,3.75,3.75,2325,175875
20210629,09:48,3.75,3.80,3.75,3.80,450,175875
20210629,09:49,3.75,3.80,3.75,3.80,1025,175875
20210629,09:50,3.85,3.85,3.55,3.55,3375,175750
20210629,09:51,3.70,3.75,3.65,3.70,1175,175750
20210629,09:52,3.70,3.70,3.60,3.65,2300,175750
20210629,09:53,3.60,3.70,3.60,3.65,1575,178625
20210629,09:54,3.60,3.70,3.60,3.70,3050,178625
20210629,09:55,3.70,3.70,3.65,3.65,1950,178625
20210629,09:56,3.60,3.70,3.60,3.70,1575,178775
20210629,09:57,3.70,3.70,3.35,3.45,5800,178775
20210629,09:58,3.50,3.60,3.40,3.55,3450,178775
20210629,10:00,3.60,3.65,3.55,3.60,1050,177400
20210629,10:01,3.60,3.60,3.40,3.55,2725,177400
20210629,10:02,3.50,3.60,3.50,3.60,1925,177150
20210629,10:03,3.65,3.75,3.55,3.75,3325,177150
20210629,10:04,3.75,3.75,3.70,3.70,2450,177150
20210629,10:05,3.75,3.75,3.60,3.60,1125,178850
20210629,10:06,3.65,3.70,3.45,3.65,5100,178850
20210629,10:07,3.65,3.80,3.55,3.80,3150,178850
20210629,10:08,3.75,4.00,3.75,3.90,2375,178650
20210629,10:09,3.95,3.95,3.85,3.85,275,178650
20210629,10:10,3.80,3.80,3.75,3.75,675,178650
20210629,10:11,3.85,4.00,3.85,3.95,1250,178650
20210629,10:12,3.90,3.90,3.85,3.85,200,178150
20210629,10:13,3.80,3.80,3.55,3.65,4900,178150
20210629,10:14,3.55,3.65,3.55,3.65,925,178050
20210629,10:15,3.60,3.75,3.60,3.65,900,178050
20210629,10:16,3.70,3.70,3.55,3.65,775,178050
20210629,10:19,3.55,3.65,3.55,3.55,1050,177925
20210629,10:20,3.55,3.55,3.55,3.55,500,177925
20210629,10:21,3.60,3.60,3.50,3.50,1750,178450
20210629,10:22,3.50,3.55,3.50,3.55,1175,178450
20210629,10:23,3.50,3.55,3.45,3.45,1425,178200
20210629,10:24,3.50,3.50,3.40,3.40,1400,178200
20210629,10:25,3.40,3.45,3.40,3.45,650,178200
20210629,10:26,3.40,3.45,3.35,3.45,1075,178325
20210629,10:27,3.45,3.50,3.40,3.45,475,178325
20210629,10:28,3.45,3.45,3.40,3.40,725,178325
20210629,10:29,3.45,3.45,3.45,3.45,500,178350
20210629,10:31,3.45,3.50,3.40,3.45,475,178350
20210629,10:33,3.45,3.50,3.40,3.40,575,178800
20210629,10:35,3.60,3.60,3.60,3.60,825,178525
20210629,10:36,3.55,3.55,3.55,3.55,75,178525
20210629,10:37,3.50,3.55,3.50,3.55,75,178525
20210629,10:38,3.50,3.50,3.45,3.45,100,178525
20210629,10:39,3.55,3.55,3.40,3.40,1225,178350
20210629,10:40,3.50,3.50,3.40,3.40,625,178350
20210629,10:41,3.45,3.50,3.45,3.45,675,178350
20210629,10:42,3.45,3.50,3.35,3.50,1500,177875
20210629,10:43,3.40,3.50,3.40,3.45,1225,177875
20210629,10:44,3.45,3.50,3.40,3.45,400,177900
20210629,10:45,3.50,3.55,3.40,3.50,1425,177900
20210629,10:46,3.50,3.50,3.45,3.45,475,177900
20210629,10:47,3.50,3.50,3.40,3.45,2650,178525
20210629,10:48,3.45,3.45,3.40,3.40,75,178525
20210629,10:49,3.35,3.35,3.35,3.35,125,178525
20210629,10:50,3.40,3.45,3.40,3.45,275,178525
20210629,10:51,3.40,3.40,3.35,3.40,2475,178175
20210629,10:52,3.40,3.40,3.30,3.30,1950,178175
20210629,10:53,3.35,3.40,3.35,3.35,250,178125
20210629,10:54,3.40,3.50,3.40,3.45,3450,178125
20210629,10:55,3.50,3.50,3.50,3.50,175,178125
20210629,10:56,3.55,3.55,3.55,3.55,175,178725
20210629,10:57,3.55,3.60,3.35,3.45,3150,178725
20210629,10:58,3.45,3.50,3.40,3.40,2750,178725
20210629,10:59,3.35,3.45,3.30,3.30,2150,178275
20210629,11:00,3.30,3.40,3.30,3.35,1050,178275
20210629,11:01,3.25,3.35,3.25,3.35,1275,178275
20210629,11:02,3.35,3.40,3.35,3.40,775,178275
20210629,11:04,3.30,3.30,3.25,3.25,875,178275
20210629,11:05,3.35,3.40,3.35,3.40,625,178275
20210629,11:06,3.25,3.25,3.25,3.25,975,178025
20210629,11:07,3.30,3.30,3.25,3.30,200,178025
20210629,11:08,3.30,3.45,3.30,3.35,2350,178800
20210629,11:11,3.30,3.30,3.30,3.30,150,178800
20210629,11:12,3.30,3.30,3.15,3.15,1975,178775
20210629,11:13,3.20,3.20,3.20,3.20,50,178775
20210629,11:14,3.30,3.30,3.15,3.15,100,177925
20210629,11:16,3.20,3.20,3.15,3.15,675,177925
20210629,11:17,3.25,3.25,3.25,3.25,50,177925
20210629,11:18,3.15,3.15,3.15,3.15,75,177925
20210629,11:19,3.25,3.25,3.25,3.25,100,177925
20210629,11:20,3.20,3.20,3.20,3.20,50,177925
20210629,11:22,3.20,3.30,3.20,3.30,2600,177825
20210629,11:23,3.25,3.35,3.25,3.25,1350,177825
20210629,11:24,3.35,3.35,3.25,3.30,825,177825
20210629,11:25,3.30,3.35,3.20,3.35,450,177825
20210629,11:26,3.25,3.25,3.10,3.10,2950,177100
20210629,11:27,3.20,3.20,3.20,3.20,200,177100
20210629,11:28,3.10,3.10,3.10,3.10,25,177100
20210629,11:30,3.20,3.20,3.20,3.20,250,177550
20210629,11:31,3.20,3.20,3.20,3.20,25,177550
20210629,11:32,3.10,3.10,3.10,3.10,125,177550
20210629,11:34,3.15,3.15,3.15,3.15,50,177650
20210629,11:36,3.20,3.20,3.20,3.20,25,177600
20210629,11:37,3.20,3.20,3.05,3.05,2125,177600
20210629,11:38,3.15,3.25,3.15,3.25,2825,176975
20210629,11:39,3.25,3.30,3.25,3.30,350,176975
20210629,11:40,3.25,3.25,3.10,3.15,1575,176975
20210629,11:44,3.15,3.15,3.10,3.10,675,176675
20210629,11:45,3.10,3.10,3.10,3.10,150,176150
20210629,11:46,3.05,3.10,3.05,3.10,1150,176150
20210629,11:47,3.10,3.10,3.10,3.10,500,176150
20210629,11:49,3.15,3.15,3.15,3.15,100,175950
20210629,11:50,3.15,3.15,3.15,3.15,325,175950
20210629,11:51,3.20,3.25,3.20,3.25,375,176075
20210629,11:53,3.15,3.15,3.05,3.10,3300,174425
20210629,11:54,3.10,3.10,3.05,3.10,275,174425
20210629,11:55,3.10,3.10,3.10,3.10,375,174425
20210629,11:56,3.20,3.20,3.20,3.20,50,174425
20210629,11:57,3.10,3.10,3.10,3.10,225,175075
20210629,11:58,3.20,3.20,3.10,3.10,300,175075
20210629,12:01,3.25,3.25,3.25,3.25,550,175100
20210629,12:02,3.25,3.25,3.25,3.25,125,175100
20210629,12:03,3.25,3.25,3.25,3.25,600,175200
20210629,12:04,3.15,3.25,3.15,3.25,675,175200
20210629,12:05,3.25,3.25,3.15,3.20,575,175200
20210629,12:06,3.20,3.20,3.15,3.15,200,176575
20210629,12:07,3.25,3.25,3.25,3.25,225,176575
20210629,12:11,3.25,3.25,3.25,3.25,75,176675
20210629,12:12,3.20,3.20,3.15,3.15,675,176600
20210629,12:13,3.25,3.25,3.25,3.25,175,176600
20210629,12:14,3.35,3.35,3.25,3.35,1825,176600
20210629,12:15,3.35,3.35,3.15,3.25,4025,176600
20210629,12:16,3.25,3.25,3.25,3.25,250,176600
20210629,12:17,3.20,3.20,3.15,3.20,550,176600
20210629,12:18,3.15,3.15,3.15,3.15,400,175950
20210629,12:19,3.20,3.30,3.15,3.20,3600,175950
20210629,12:20,3.20,3.25,3.15,3.25,800,175950
20210629,12:21,3.25,3.30,3.15,3.25,850,174700
20210629,12:22,3.25,3.40,3.20,3.40,1150,174700
20210629,12:23,3.30,3.35,3.30,3.35,125,174700
20210629,12:24,3.40,3.40,3.25,3.40,1175,175050
20210629,12:25,3.40,3.40,3.00,3.20,3500,175050
20210629,12:26,3.20,3.25,3.15,3.15,1625,175050
20210629,12:27,3.30,3.30,3.25,3.30,775,175000
20210629,12:28,3.30,3.30,3.20,3.20,200,175000
20210629,12:29,3.20,3.25,3.20,3.25,300,175000
20210629,12:30,3.30,3.30,3.30,3.30,50,175300
20210629,12:31,3.15,3.35,3.15,3.35,950,175300
20210629,12:32,3.35,3.35,3.35,3.35,50,175300
20210629,12:33,3.35,3.35,3.35,3.35,300,175675
20210629,12:34,3.25,3.25,3.25,3.25,25,175675
20210629,12:35,3.30,3.35,3.20,3.30,1950,175675
20210629,12:36,3.35,3.40,3.20,3.20,625,175400
20210629,12:37,3.40,3.60,3.35,3.35,4900,175400
20210629,12:38,3.45,3.45,3.20,3.25,3225,175400
20210629,12:39,3.25,3.35,3.25,3.35,550,174525
20210629,12:40,3.30,3.30,3.30,3.30,200,174525
20210629,12:41,3.25,3.30,3.20,3.30,650,174525
20210629,12:42,3.25,3.25,3.25,3.25,175,174450
20210629,12:44,3.25,3.25,3.25,3.25,25,174450
20210629,12:46,3.15,3.15,3.15,3.15,25,174450
20210629,12:47,3.25,3.25,3.20,3.20,775,174375
20210629,12:48,3.35,3.35,3.35,3.35,1875,174375
20210629,12:49,3.35,3.35,3.35,3.35,50,174825
20210629,12:50,3.25,3.25,3.25,3.25,425,174825
20210629,12:51,3.20,3.20,3.20,3.20,250,174625
20210629,12:52,3.20,3.45,3.15,3.25,5325,174625
20210629,12:53,3.30,3.30,3.05,3.25,4000,174625
20210629,12:54,3.15,3.20,3.10,3.20,1775,173000
20210629,12:55,3.05,3.10,3.00,3.10,2450,173000
20210629,12:56,3.10,3.15,3.10,3.15,1525,173000
20210629,12:58,3.15,3.15,3.10,3.15,525,173800
20210629,12:59,3.10,3.20,3.05,3.20,1075,173800
20210629,13:00,3.25,3.25,3.10,3.10,1325,173600
20210629,13:01,3.10,3.25,3.10,3.25,1325,173600
20210629,13:02,3.25,3.25,3.20,3.20,1000,173600
20210629,13:03,3.25,3.25,3.20,3.20,450,174400
20210629,13:04,3.25,3.25,3.20,3.20,200,174400
20210629,13:05,3.25,3.35,3.25,3.25,700,174400
20210629,13:06,3.30,3.40,3.30,3.30,1050,174475
20210629,13:07,3.25,3.35,3.25,3.35,250,174475
20210629,13:08,3.15,3.25,3.15,3.20,1700,174475
20210629,13:09,3.25,3.30,3.20,3.30,1225,174225
20210629,13:10,3.25,3.25,3.15,3.20,575,174225
20210629,13:11,3.20,3.25,3.20,3.25,350,174225
20210629,13:13,3.15,3.20,3.15,3.20,575,174100
20210629,13:14,3.30,3.30,3.30,3.30,125,174100
20210629,13:15,3.35,3.40,3.30,3.40,550,174350
20210629,13:16,3.30,3.30,3.30,3.30,25,174350
20210629,13:18,3.30,3.35,3.30,3.35,250,174525
20210629,13:19,3.45,3.45,3.35,3.35,800,174525
20210629,13:20,3.40,3.40,3.40,3.40,25,174525
20210629,13:22,3.35,3.35,3.35,3.35,25,174525
20210629,13:23,3.40,3.40,3.40,3.40,125,174675
20210629,13:25,3.45,3.45,3.45,3.45,125,174775
20210629,13:26,3.40,3.40,3.15,3.30,1200,174775
20210629,13:27,3.35,3.40,3.35,3.40,1400,174850
20210629,13:28,3.40,3.40,3.30,3.30,825,174850
20210629,13:30,3.35,3.65,3.05,3.25,12000,175050
20210629,13:31,3.20,3.25,3.20,3.25,600,175050
20210629,13:32,3.20,3.20,3.00,3.20,2250,175050
20210629,13:33,3.20,3.30,3.15,3.30,1100,173750
20210629,13:34,3.25,3.25,3.25,3.25,575,173750
20210629,13:35,3.20,3.30,3.10,3.20,2625,173750
20210629,13:36,3.15,3.30,3.15,3.20,200,173800
20210629,13:37,3.20,3.35,3.15,3.35,1525,173800
20210629,13:38,3.20,3.20,3.20,3.20,400,173800
20210629,13:39,3.10,3.25,3.10,3.25,425,173600
20210629,13:41,3.15,3.15,3.10,3.10,175,173600
20210629,13:42,3.20,3.20,3.20,3.20,1100,173700
20210629,13:43,3.15,3.15,3.00,3.05,700,173700
20210629,13:44,3.20,3.20,3.00,3.05,2725,173700
20210629,13:45,3.05,3.10,3.00,3.05,775,174350
20210629,13:46,3.05,3.50,3.05,3.20,5875,174350
20210629,13:47,3.30,3.30,3.05,3.05,4425,174350
20210629,13:48,2.90,3.05,2.80,3.05,3800,174350
20210629,13:49,3.05,3.05,2.95,3.00,4525,174350
20210629,13:50,2.95,3.00,2.90,2.90,1650,174350
20210629,13:51,2.85,2.90,2.80,2.80,750,174350
20210629,13:52,2.80,2.90,2.80,2.90,1725,173425
20210629,13:53,2.85,2.90,2.80,2.90,1850,173425
20210629,13:54,2.90,2.90,2.85,2.85,425,173425
20210629,13:55,2.90,2.95,2.85,2.95,275,173250
20210629,13:56,2.85,2.85,2.80,2.80,1600,173250
20210629,13:57,2.85,2.95,2.85,2.85,1150,172475
20210629,13:58,2.90,2.95,2.85,2.95,400,172475
20210629,13:59,2.90,3.00,2.90,3.00,850,172475
20210629,14:00,2.95,3.00,2.85,2.85,1700,172300
20210629,14:01,2.85,3.40,2.85,3.00,8975,172300
20210629,14:02,3.05,3.15,2.90,2.90,5900,172300
20210629,14:03,2.85,3.15,2.85,3.10,4175,173075
20210629,14:04,3.00,3.00,2.95,3.00,850,173075
20210629,14:05,2.95,2.95,2.80,2.85,2700,173075
20210629,14:06,2.90,3.05,2.80,2.80,2050,171900
20210629,14:07,2.80,3.00,2.80,3.00,3450,171900
20210629,14:08,2.95,3.00,2.95,3.00,1050,171900
20210629,14:09,2.95,3.05,2.90,2.95,1625,171825
20210629,14:10,2.90,2.95,2.85,2.85,2025,171825
20210629,14:11,2.95,3.05,2.95,3.05,1550,171825
20210629,14:12,3.05,3.10,2.95,3.10,2900,171750
20210629,14:13,3.00,3.05,2.95,2.95,2975,171750
20210629,14:14,3.05,3.05,2.95,2.95,3350,171750
20210629,14:15,3.05,3.05,3.00,3.05,175,171750
20210629,14:16,3.10,3.10,3.05,3.05,450,170875
20210629,14:17,3.10,3.10,3.05,3.05,500,170875
20210629,14:18,3.05,3.10,3.00,3.00,1275,170775
20210629,14:19,3.05,3.05,3.00,3.00,1075,170775
20210629,14:20,3.00,3.20,3.00,3.05,750,170775
20210629,14:21,3.05,3.10,3.00,3.00,850,170575
20210629,14:22,3.05,3.15,3.05,3.10,800,170575
20210629,14:23,3.05,3.20,3.05,3.15,1250,170575
20210629,14:24,3.10,3.20,3.00,3.10,1800,170525
20210629,14:25,3.10,3.10,3.05,3.05,500,170525
20210629,14:26,3.20,3.25,3.10,3.25,1750,170525
20210629,14:27,3.25,3.30,3.15,3.30,1575,171150
20210629,14:28,3.30,3.35,3.30,3.35,175,171150
20210629,14:29,3.55,3.65,3.40,3.50,10575,171150
20210629,14:30,3.35,3.40,3.30,3.35,2100,169475
20210629,14:31,3.45,3.45,3.40,3.40,950,169475
20210629,14:32,3.35,3.45,3.35,3.35,500,169475
20210629,14:33,3.30,3.35,3.25,3.30,700,169375
20210629,14:34,3.30,3.40,3.30,3.35,400,169375
20210629,14:35,3.20,3.25,3.10,3.25,3300,169375
20210629,14:36,3.30,3.35,3.15,3.15,800,170500
20210629,14:37,3.20,3.20,3.10,3.15,2050,170500
20210629,14:38,3.15,3.15,3.00,3.10,1225,170500
20210629,14:39,3.05,3.05,2.85,2.85,675,170525
20210629,14:40,3.00,3.00,2.85,2.85,1025,170525
20210629,14:41,2.95,3.00,2.90,2.90,1250,170525
20210629,14:42,2.95,3.00,2.80,2.90,2125,169750
20210629,14:43,2.90,2.95,2.90,2.90,550,169750
20210629,14:44,3.00,3.20,3.00,3.20,1975,169750
20210629,14:45,3.10,3.10,3.10,3.10,175,170525
20210629,14:46,3.20,3.25,3.10,3.10,4625,170525
20210629,14:47,3.10,3.10,2.85,2.85,2925,170525
20210629,14:48,2.85,2.95,2.80,2.80,3625,169075
20210629,14:49,2.75,2.85,2.75,2.75,250,169075
20210629,14:50,2.75,2.85,2.75,2.80,475,169075
20210629,14:51,2.80,2.80,2.75,2.80,2675,167575
20210629,14:52,2.85,2.85,2.85,2.85,1050,167575
20210629,14:53,2.85,2.85,2.80,2.85,1500,167575
20210629,14:54,2.85,2.90,2.85,2.85,1175,167575
20210629,14:55,2.85,2.90,2.80,2.80,1300,166050
20210629,14:56,2.80,2.80,2.70,2.70,1750,166050
20210629,14:57,2.70,2.80,2.70,2.75,475,166050
20210629,14:58,2.75,2.75,2.65,2.75,3275,163850
20210629,14:59,2.75,2.75,2.65,2.65,3225,163850
20210629,15:00,2.65,2.65,2.55,2.55,8375,163700
20210629,15:01,2.60,2.60,2.50,2.50,1425,163700
20210629,15:02,2.50,2.55,2.50,2.55,2475,163700
20210629,15:03,2.50,2.55,2.50,2.55,875,167250
20210629,15:04,2.55,2.55,2.55,2.55,2475,167250
20210629,15:05,2.50,2.55,2.50,2.50,3725,167250
20210629,15:06,2.50,2.60,2.50,2.60,4275,160700
20210629,15:07,2.60,2.65,2.55,2.65,1475,160700
20210629,15:08,2.65,2.70,2.55,2.65,3200,160700
20210629,15:09,2.75,2.75,2.55,2.55,2500,160450
20210629,15:10,2.55,2.55,2.45,2.45,1575,160450
20210629,15:11,2.45,2.50,2.40,2.50,6050,160450
20210629,15:12,2.40,2.50,2.40,2.45,5425,158425
20210629,15:13,2.45,2.50,2.40,2.45,5075,158425
20210629,15:14,2.40,2.40,2.35,2.35,2150,158425
20210629,15:15,2.35,2.40,2.35,2.35,1150,155400
20210629,15:16,2.40,2.40,2.30,2.40,1675,155400
20210629,15:17,2.40,2.40,2.35,2.35,75,155400
20210629,15:18,2.35,2.50,2.35,2.45,5150,155400
20210629,15:19,2.40,2.60,2.35,2.45,2375,155525
20210629,15:20,2.45,2.55,2.45,2.45,2175,155525
20210629,15:21,2.55,2.55,2.45,2.45,1075,155475
20210629,15:22,2.50,2.50,2.30,2.30,1800,155475
20210629,15:23,2.30,2.45,2.25,2.25,3700,155475
20210629,15:24,2.25,2.45,2.25,2.45,800,154675
20210629,15:25,2.45,2.45,2.25,2.25,2850,154675
20210629,15:26,2.25,2.35,2.25,2.25,1850,154675
20210629,15:27,2.30,2.50,2.30,2.50,1600,154675
20210629,15:28,2.45,2.50,2.20,2.25,2425,153225
20210629,15:29,2.25,2.35,2.15,2.15,7200,153225
20210630,09:15,2.25,2.90,2.25,2.85,952,151575
20210630,09:16,2.75,2.75,2.45,2.45,350,151575
20210630,09:17,2.65,2.65,2.65,2.65,50,151900
20210630,09:18,2.55,2.55,2.45,2.45,250,151900
20210630,09:19,2.60,2.65,2.60,2.65,1075,151900
20210630,09:20,2.65,2.75,2.60,2.75,1250,151250
20210630,09:21,2.80,2.85,2.60,2.65,2200,151250
20210630,09:22,2.70,2.70,2.50,2.65,550,151250
20210630,09:23,2.60,2.65,2.60,2.65,175,151050
20210630,09:24,2.55,2.85,2.35,2.50,3600,151050
20210630,09:25,2.55,2.65,2.45,2.65,1175,151050
20210630,09:26,2.60,2.60,2.55,2.55,175,151050
20210630,09:27,2.60,2.60,2.50,2.60,350,152075
20210630,09:28,2.60,2.70,2.10,2.50,6375,152075
20210630,09:29,2.70,2.75,2.50,2.50,1250,151275
20210630,09:30,2.65,2.65,2.50,2.50,625,151275
20210630,09:31,2.50,2.55,2.50,2.55,150,151275
20210630,09:32,2.60,2.65,2.55,2.60,1175,152075
20210630,09:33,2.65,2.85,2.65,2.70,1625,152075
20210630,09:34,2.65,2.70,2.65,2.65,1075,152075
20210630,09:35,2.65,2.75,2.60,2.75,4000,154525
20210630,09:36,2.80,2.85,2.60,2.65,2725,154525
20210630,09:37,2.65,2.65,2.60,2.60,575,154525
20210630,09:38,2.65,2.75,2.50,2.75,2575,154600
20210630,09:39,2.55,2.55,2.55,2.55,500,154600
20210630,09:40,2.70,2.70,2.55,2.65,3325,154600
20210630,09:41,2.50,2.65,2.50,2.65,1075,154800
20210630,09:42,2.60,2.60,2.50,2.50,950,154800
20210630,09:43,2.55,2.60,2.55,2.55,975,154800
20210630,09:44,2.65,2.65,2.55,2.55,925,155350
20210630,09:45,2.55,2.65,2.55,2.60,500,155350
20210630,09:46,2.65,2.65,2.65,2.65,375,155350
20210630,09:47,2.65,2.65,2.60,2.60,600,155350
20210630,09:48,2.60,2.70,2.60,2.70,775,155550
20210630,09:49,2.70,2.70,2.70,2.70,500,155550
20210630,09:50,2.70,2.70,2.65,2.65,300,155550
20210630,09:51,2.70,2.70,2.65,2.65,225,154975
20210630,09:52,2.65,2.95,2.65,2.95,3950,154975
20210630,09:53,2.70,2.75,2.70,2.70,1000,154000
20210630,09:55,2.70,2.70,2.70,2.70,150,154000
20210630,09:56,2.70,2.70,2.65,2.65,150,153875
20210630,09:57,2.65,2.95,2.65,2.95,1075,153875
20210630,09:58,2.60,2.60,2.60,2.60,750,153875
20210630,09:59,2.50,2.60,2.50,2.55,1425,154150
20210630,10:00,2.60,2.70,2.55,2.55,700,154150
20210630,10:01,2.60,2.60,2.55,2.55,75,154150
20210630,10:02,2.55,2.55,2.55,2.55,275,154150
20210630,10:03,2.55,2.95,2.55,2.95,2300,154125
20210630,10:06,2.85,2.90,2.85,2.90,1000,153550
20210630,10:07,2.80,2.80,2.80,2.80,50,153550
20210630,10:09,2.80,2.85,2.70,2.85,825,153575
20210630,10:10,2.75,2.90,2.70,2.75,2525,153575
20210630,10:11,2.70,2.80,2.70,2.80,225,154300
20210630,10:12,2.80,2.80,2.80,2.80,275,154300
20210630,10:13,2.80,2.80,2.70,2.70,450,154300
20210630,10:14,2.75,2.75,2.75,2.75,75,154300
20210630,10:15,2.85,2.85,2.85,2.85,850,154425
20210630,10:16,2.75,2.75,2.75,2.75,300,154425
20210630,10:17,2.85,2.85,2.70,2.75,1250,154425
20210630,10:18,2.85,2.90,2.75,2.75,900,154375
20210630,10:19,2.70,2.80,2.70,2.80,550,154375
20210630,10:20,2.80,2.80,2.60,2.75,2800,154200
20210630,10:21,2.65,2.65,2.65,2.65,125,154200
20210630,10:22,2.75,2.75,2.75,2.75,125,154200
20210630,10:24,2.65,2.70,2.55,2.60,650,154450
20210630,10:25,2.70,2.70,2.70,2.70,900,154450
20210630,10:26,2.60,2.60,2.60,2.60,225,154450
20210630,10:27,2.60,2.60,2.60,2.60,100,154500
20210630,10:29,2.60,2.60,2.55,2.55,875,154825
20210630,10:30,2.55,2.60,2.55,2.60,175,154825
20210630,10:31,2.60,2.65,2.60,2.65,450,154825
20210630,10:33,2.50,2.50,2.50,2.50,700,155300
20210630,10:34,2.50,2.60,2.50,2.60,1025,155300
20210630,10:35,2.60,2.70,2.60,2.65,2300,155450
20210630,10:36,2.65,2.65,2.65,2.65,75,155450
20210630,10:37,2.55,2.55,2.55,2.55,1250,155450
20210630,10:39,2.75,2.75,2.60,2.65,1275,154275
20210630,10:40,2.60,2.60,2.60,2.60,450,154275
20210630,10:41,2.65,2.65,2.60,2.60,75,154275
20210630,10:42,2.60,2.60,2.60,2.60,150,154750
20210630,10:43,2.55,2.55,2.55,2.55,350,154750
20210630,10:44,2.65,2.65,2.40,2.40,475,154925
20210630,10:45,2.45,2.80,2.45,2.50,9625,154925
20210630,10:46,2.50,2.65,2.50,2.65,950,154925
20210630,10:47,2.50,2.50,2.45,2.45,425,154925
20210630,10:48,2.50,2.50,2.50,2.50,25,154925
20210630,10:49,2.65,2.65,2.55,2.55,975,157775
20210630,10:50,2.60,2.65,2.45,2.65,2400,158275
20210630,10:51,2.55,2.55,2.45,2.45,675,158275
20210630,10:52,2.55,2.60,2.45,2.45,1350,158275
20210630,10:53,2.45,2.45,2.45,2.45,1575,158275
20210630,10:54,2.50,2.55,2.45,2.55,1925,155825
20210630,10:55,2.50,2.55,2.50,2.50,1450,155825
20210630,10:56,2.55,2.60,2.50,2.60,1900,155825
20210630,10:57,2.60,2.65,2.50,2.50,2000,155825
20210630,10:58,2.60,2.60,2.50,2.50,700,155825
20210630,10:59,2.60,2.65,2.55,2.65,2575,155825
20210630,11:00,2.70,2.70,2.60,2.65,775,157100
20210630,11:01,2.65,2.65,2.55,2.60,725,157100
20210630,11:02,2.60,2.75,2.60,2.75,3175,156150
20210630,11:03,2.80,2.80,2.65,2.65,725,156150
20210630,11:04,2.60,2.75,2.60,2.65,1750,156150
20210630,11:05,2.60,2.70,2.55,2.65,1700,156150
20210630,11:06,2.60,2.60,2.50,2.55,3150,156025
20210630,11:07,2.50,2.50,2.45,2.50,1450,156025
20210630,11:08,2.45,2.45,2.40,2.40,550,154175
20210630,11:09,2.45,2.70,2.40,2.50,3675,154175
20210630,11:10,2.50,2.60,2.40,2.45,3200,154175
20210630,11:11,2.50,2.50,2.45,2.45,125,154175
20210630,11:12,2.45,2.45,2.45,2.45,175,154550
20210630,11:13,2.50,2.50,2.50,2.50,75,154550
20210630,11:16,2.50,2.50,2.40,2.45,1225,154725
20210630,11:17,2.50,2.50,2.45,2.45,225,154725
20210630,11:18,2.40,2.55,2.40,2.45,700,154475
20210630,11:19,2.45,2.60,2.45,2.60,2725,154475
20210630,11:20,2.70,2.70,2.60,2.60,525,156075
20210630,11:21,2.60,2.70,2.55,2.70,1850,156075
20210630,11:22,2.70,2.70,2.65,2.70,700,156075
20210630,11:23,2.65,2.65,2.60,2.60,250,156075
20210630,11:24,2.65,2.65,2.60,2.60,775,155350
20210630,11:25,2.60,2.65,2.60,2.60,150,155350
20210630,11:26,2.60,2.60,2.55,2.55,1200,155350
20210630,11:27,2.55,2.55,2.50,2.50,1075,156250
20210630,11:28,2.50,2.50,2.45,2.45,1250,156250
20210630,11:29,2.45,2.55,2.45,2.55,125,156250
20210630,11:30,2.50,2.50,2.50,2.50,50,157200
20210630,11:31,2.50,2.50,2.50,2.50,325,157200
20210630,11:32,2.50,2.50,2.45,2.45,650,157200
20210630,11:33,2.45,2.45,2.45,2.45,800,157125
20210630,11:34,2.40,2.45,2.40,2.45,575,157125
20210630,11:35,2.45,2.45,2.40,2.40,275,157125
20210630,11:36,2.45,2.55,2.45,2.50,1725,157025
20210630,11:37,2.50,2.50,2.50,2.50,300,157025
20210630,11:38,2.55,2.55,2.55,2.55,525,157150
20210630,11:40,2.60,2.60,2.50,2.50,875,157150
20210630,11:41,2.50,2.50,2.50,2.50,50,157150
20210630,11:42,2.60,2.60,2.60,2.60,575,157225
20210630,11:43,2.60,2.60,2.60,2.60,425,157225
20210630,11:44,2.60,2.60,2.60,2.60,400,156400
20210630,11:45,2.60,2.65,2.60,2.65,1175,156400
20210630,11:47,2.60,2.70,2.55,2.55,1200,156400
20210630,11:48,2.60,2.60,2.60,2.60,75,158450
20210630,11:50,2.70,2.80,2.70,2.80,1400,158450
20210630,11:51,2.65,2.70,2.65,2.65,2050,159300
20210630,11:53,2.65,2.65,2.65,2.65,25,159300
20210630,11:54,2.75,2.75,2.75,2.75,150,158375
20210630,11:55,2.75,2.75,2.65,2.65,150,158375
20210630,11:58,2.60,2.60,2.60,2.60,25,158325
20210630,11:59,2.70,2.70,2.70,2.70,25,158325
20210630,12:00,2.70,2.70,2.60,2.60,550,158300
20210630,12:02,2.60,2.60,2.60,2.60,75,158300
20210630,12:03,2.55,2.65,2.55,2.55,1825,158350
20210630,12:04,2.65,2.65,2.60,2.60,575,158350
20210630,12:05,2.60,2.65,2.60,2.65,325,158350
20210630,12:06,2.65,2.65,2.60,2.65,200,157150
20210630,12:07,2.65,2.65,2.65,2.65,75,157150
20210630,12:08,2.60,2.60,2.55,2.55,2675,157150
20210630,12:09,2.55,2.55,2.55,2.55,50,155525
20210630,12:10,2.60,2.60,2.60,2.60,1150,155525
20210630,12:13,2.60,2.60,2.60,2.60,625,156475
20210630,12:14,2.65,2.70,2.65,2.70,2000,156475
20210630,12:15,2.70,2.70,2.55,2.55,7825,155850
20210630,12:16,2.55,2.55,2.45,2.45,1000,155850
20210630,12:17,2.50,2.50,2.45,2.45,950,155850
20210630,12:19,2.40,2.45,2.40,2.45,350,155425
20210630,12:20,2.45,2.45,2.40,2.40,950,155425
20210630,12:21,2.35,2.40,2.35,2.40,125,154525
20210630,12:22,2.35,2.40,2.35,2.40,750,154525
20210630,12:23,2.40,2.40,2.40,2.40,1125,154525
20210630,12:24,2.35,2.50,2.35,2.50,525,153975
20210630,12:25,2.45,2.45,2.45,2.45,525,153975
20210630,12:28,2.35,2.40,2.35,2.40,1350,154525
20210630,12:29,2.40,2.40,2.35,2.35,200,154525
20210630,12:30,2.40,2.40,2.40,2.40,375,154425
20210630,12:31,2.40,2.40,2.40,2.40,100,154425
20210630,12:34,2.20,2.45,2.20,2.45,925,154275
20210630,12:37,2.10,2.20,2.10,2.20,275,153800
20210630,12:38,2.30,2.30,2.30,2.30,850,153800
20210630,12:39,2.35,2.35,2.25,2.25,1100,153875
20210630,12:40,2.30,2.50,2.20,2.40,3025,153875
20210630,12:41,2.35,2.40,2.35,2.40,125,153875
20210630,12:42,2.40,2.40,2.40,2.40,50,153025
20210630,12:43,2.30,2.30,2.30,2.30,250,153025
20210630,12:44,2.35,2.35,2.30,2.30,175,153025
20210630,12:45,2.30,2.35,2.20,2.20,1525,153075
20210630,12:46,2.30,2.30,2.20,2.25,1050,153075
20210630,12:47,2.25,2.25,2.20,2.20,325,153075
20210630,12:49,2.20,2.20,2.15,2.15,50,153025
20210630,12:50,2.20,2.35,2.20,2.35,600,153025
20210630,12:51,2.35,2.35,2.25,2.25,525,153425
20210630,12:52,2.20,2.20,2.20,2.20,100,153425
20210630,12:53,2.50,2.55,2.25,2.25,2325,153425
20210630,12:54,2.35,2.35,2.20,2.20,775,152700
20210630,12:55,2.25,2.25,2.25,2.25,300,152700
20210630,12:56,2.15,2.25,2.15,2.25,475,152700
20210630,12:57,2.15,2.15,2.05,2.05,50,152300
20210630,12:58,2.05,2.10,2.05,2.10,125,152300
20210630,12:59,2.25,2.35,2.15,2.15,1325,152300
20210630,13:00,2.15,2.15,2.15,2.15,50,152300
20210630,13:02,2.15,2.15,2.15,2.15,50,152100
20210630,13:03,2.10,2.10,2.10,2.10,50,152125
20210630,13:04,2.10,2.30,2.10,2.15,1575,152125
20210630,13:05,2.15,2.15,2.15,2.15,175,152125
20210630,13:06,2.15,2.15,2.15,2.15,75,152125
20210630,13:08,2.05,2.05,2.05,2.05,25,152125
20210630,13:10,2.10,2.10,2.10,2.10,25,151725
20210630,13:11,2.10,2.10,2.10,2.10,300,151725
20210630,13:12,2.10,2.10,2.10,2.10,250,152050
20210630,13:13,1.95,1.95,1.85,1.85,775,152050
20210630,13:14,1.85,1.90,1.85,1.90,250,152050
20210630,13:15,1.80,1.90,1.75,1.75,1950,152175
20210630,13:16,1.80,1.80,1.75,1.75,225,152175
20210630,13:19,1.85,1.90,1.85,1.90,975,152675
20210630,13:20,2.10,2.10,1.80,1.80,750,152675
20210630,13:21,1.95,1.95,1.90,1.90,325,154050
20210630,13:22,2.00,2.00,1.90,1.90,325,154050
20210630,13:23,1.90,1.90,1.90,1.90,350,154050
20210630,13:24,1.95,1.95,1.95,1.95,25,153950
20210630,13:25,1.95,2.10,1.95,2.05,1325,153950
20210630,13:26,2.15,2.15,2.15,2.15,75,153950
20210630,13:27,2.10,2.10,2.05,2.05,475,154150
20210630,13:28,2.10,2.20,2.05,2.10,1600,154150
20210630,13:29,2.20,2.25,2.20,2.25,900,154150
20210630,13:30,2.25,2.25,2.10,2.20,1175,153550
20210630,13:31,2.20,2.20,2.15,2.20,300,153550
20210630,13:32,2.30,2.30,2.25,2.25,150,153550
20210630,13:33,2.20,2.20,2.20,2.20,75,153550
20210630,13:34,2.20,2.25,2.20,2.25,325,152775
20210630,13:35,2.15,2.15,2.15,2.15,650,152775
20210630,13:37,2.15,2.25,2.15,2.25,50,153450
20210630,13:38,2.10,2.10,2.10,2.10,775,153450
20210630,13:39,2.10,2.10,2.05,2.05,150,153450
20210630,13:40,2.10,2.10,2.10,2.10,1275,152900
20210630,13:41,1.95,1.95,1.95,1.95,625,152900
20210630,13:42,2.10,2.10,2.00,2.00,150,152250
20210630,13:43,2.00,2.30,2.00,2.15,6975,152250
20210630,13:44,2.20,2.20,2.05,2.05,975,152250
20210630,13:45,2.10,2.10,1.80,1.80,4450,150375
20210630,13:46,1.80,1.85,1.80,1.85,750,150375
20210630,13:47,1.80,1.85,1.65,1.75,4375,150375
20210630,13:48,1.75,1.75,1.65,1.65,600,150375
20210630,13:49,1.70,1.75,1.70,1.75,175,149275
20210630,13:50,1.65,1.75,1.65,1.75,150,149275
20210630,13:51,1.65,1.85,1.60,1.60,1550,149325
20210630,13:52,1.60,1.60,1.60,1.60,175,149325
20210630,13:53,1.60,1.65,1.55,1.65,825,149325
20210630,13:54,1.60,1.75,1.60,1.60,775,149600
20210630,13:55,1.65,1.65,1.65,1.65,125,149600
20210630,13:56,1.60,1.70,1.60,1.60,225,149600
20210630,13:57,1.60,1.65,1.60,1.60,800,149725
20210630,13:58,1.60,1.60,1.60,1.60,50,149725
20210630,13:59,1.60,1.60,1.60,1.60,125,149725
20210630,14:00,1.60,1.60,1.60,1.60,25,149725
20210630,14:01,1.60,1.65,1.60,1.65,2650,149625
20210630,14:02,1.60,1.65,1.50,1.60,2175,149625
20210630,14:03,1.70,1.80,1.60,1.70,1350,148675
20210630,14:04,1.70,1.80,1.70,1.70,325,148675
20210630,14:06,1.70,1.70,1.60,1.70,1750,148300
20210630,14:07,1.60,1.70,1.60,1.70,650,148300
20210630,14:08,1.60,1.70,1.60,1.65,550,148300
20210630,14:09,1.70,1.70,1.60,1.60,650,148300
20210630,14:10,1.70,1.70,1.70,1.70,425,148050
20210630,14:11,1.70,1.70,1.65,1.65,75,148050
20210630,14:12,1.65,1.65,1.65,1.65,25,148050
20210630,14:13,1.65,1.65,1.55,1.55,400,148375
20210630,14:14,1.60,1.60,1.55,1.60,625,148375
20210630,14:15,1.65,1.65,1.55,1.55,1225,149225
20210630,14:16,1.65,1.65,1.60,1.65,1925,149225
20210630,14:17,1.60,1.60,1.55,1.55,325,149225
20210630,14:18,1.65,1.65,1.60,1.60,800,150075
20210630,14:19,1.65,1.65,1.65,1.65,175,150075
20210630,14:20,1.65,1.65,1.55,1.55,1675,150075
20210630,14:22,1.55,1.55,1.45,1.45,550,149575
20210630,14:24,1.45,1.45,1.45,1.45,75,149275
20210630,14:26,1.45,1.45,1.40,1.40,3450,149275
20210630,14:27,1.35,1.50,1.35,1.50,1225,150100
20210630,14:28,1.50,1.50,1.35,1.35,675,150100
20210630,14:29,1.50,1.55,1.35,1.35,3500,150100
20210630,14:30,1.35,1.55,1.35,1.55,4050,150250
20210630,14:31,1.55,1.55,1.40,1.50,2875,150250
20210630,14:32,1.50,1.55,1.40,1.55,1800,150250
20210630,14:33,1.50,1.50,1.40,1.45,1825,147725
20210630,14:35,1.45,1.45,1.40,1.40,625,147725
20210630,14:36,1.45,1.55,1.40,1.50,2050,145475
20210630,14:37,1.45,1.55,1.45,1.55,750,145475
20210630,14:38,1.40,1.45,1.40,1.45,450,145475
20210630,14:39,1.45,1.50,1.45,1.50,1425,144650
20210630,14:41,1.45,1.45,1.40,1.40,625,144650
20210630,14:42,1.40,1.45,1.40,1.45,300,144175
20210630,14:43,1.45,1.45,1.40,1.40,1800,144175
20210630,14:44,1.40,1.40,1.40,1.40,575,144175
20210630,14:45,1.40,1.45,1.40,1.45,3225,144025
20210630,14:46,1.50,1.50,1.45,1.45,475,144025
20210630,14:47,1.45,1.45,1.40,1.40,3200,144025
20210630,14:48,1.45,1.50,1.40,1.50,2375,144025
20210630,14:49,1.50,1.50,1.50,1.50,50,143925
20210630,14:50,1.50,1.50,1.50,1.50,100,143925
20210630,14:51,1.45,1.55,1.35,1.45,4625,143650
20210630,14:52,1.50,1.50,1.50,1.50,50,143650
20210630,14:53,1.60,1.60,1.45,1.45,1025,143650
20210630,14:54,1.40,1.40,1.40,1.40,200,143650
20210630,14:55,1.40,1.40,1.40,1.40,600,143600
20210630,14:56,1.40,1.50,1.35,1.35,4000,143600
20210630,14:57,1.40,1.40,1.30,1.40,3000,142300
20210630,14:58,1.40,1.45,1.35,1.40,1650,142300
20210630,14:59,1.45,1.45,1.45,1.45,1075,142300
20210630,15:00,1.45,1.45,1.30,1.30,5150,142300
20210630,15:01,1.40,1.40,1.35,1.35,1375,142775
20210630,15:02,1.35,1.85,1.30,1.30,14800,142775
20210630,15:03,1.35,1.40,1.30,1.40,8225,142800
20210630,15:04,1.40,1.45,1.35,1.45,1175,142800
20210630,15:05,1.45,1.50,1.45,1.50,375,142800
20210630,15:06,1.40,1.60,1.35,1.60,5925,142800
20210630,15:07,1.50,1.50,1.50,1.50,625,142800
20210630,15:08,1.50,1.55,1.40,1.40,4575,142800
20210630,15:09,1.50,1.60,1.35,1.35,5025,142800
20210630,15:10,1.40,1.65,1.40,1.65,625,141675
20210630,15:11,1.45,1.65,1.35,1.40,1850,141675
20210630,15:12,1.55,1.60,1.45,1.50,700,141050
20210630,15:13,1.50,1.60,1.45,1.55,3050,141050
20210630,15:14,1.45,1.55,1.35,1.35,3350,141050
20210630,15:15,1.30,1.50,1.30,1.50,6000,138875
20210630,15:16,1.50,1.50,1.35,1.35,550,138875
20210630,15:17,1.45,1.50,1.40,1.50,1000,138875
20210630,15:18,1.35,1.45,1.35,1.40,1000,138875
20210630,15:19,1.40,1.45,1.40,1.45,150,137075
20210630,15:20,1.35,1.45,1.35,1.35,2100,137075
20210630,15:21,1.35,1.45,1.35,1.45,1775,138300
20210630,15:22,1.30,1.45,1.30,1.45,400,138300
20210630,15:23,1.45,1.45,1.30,1.30,3425,138300
20210630,15:24,1.25,1.25,1.20,1.20,5675,139525
20210630,15:25,1.20,1.30,1.20,1.25,900,139525
20210630,15:26,1.30,1.30,1.25,1.25,450,139525
20210630,15:27,1.40,1.45,1.40,1.45,725,139525
20210630,15:28,1.40,1.40,1.30,1.30,175,138050
20210630,15:29,1.25,1.45,1.25,1.35,2800,138050
20210701,09:15,1.70,1.70,1.25,1.40,2176,137675
20210701,09:16,1.35,1.35,1.20,1.35,4800,137675
20210701,09:17,1.40,1.40,1.15,1.20,5475,138125
20210701,09:18,1.15,1.25,1.15,1.25,1525,138125
20210701,09:19,1.20,1.35,1.20,1.30,3475,138125
20210701,09:20,1.20,1.25,1.10,1.10,5775,141275
20210701,09:21,1.15,1.20,1.10,1.15,4300,141275
20210701,09:22,1.15,1.25,1.15,1.25,1900,141275
20210701,09:23,1.25,1.30,1.20,1.25,4175,140975
20210701,09:24,1.30,1.30,1.20,1.30,3700,140975
20210701,09:25,1.30,1.30,1.15,1.15,675,140975
20210701,09:26,1.30,1.30,1.10,1.25,1575,139350
20210701,09:27,1.20,1.30,1.20,1.30,4550,139350
20210701,09:28,1.20,1.30,1.20,1.30,1850,139350
20210701,09:29,1.15,1.25,1.15,1.15,750,139850
20210701,09:30,1.20,1.25,1.10,1.15,5975,139850
20210701,09:31,1.15,1.15,1.00,1.05,1450,139850
20210701,09:32,1.10,1.20,1.05,1.20,2550,137500
20210701,09:33,1.15,1.20,1.10,1.10,625,137500
20210701,09:34,1.05,1.20,1.05,1.20,1050,137500
20210701,09:35,1.20,1.25,1.15,1.20,1325,137400
20210701,09:36,1.05,1.15,1.00,1.15,9250,137400
20210701,09:37,1.15,1.25,1.05,1.25,1825,137400
20210701,09:38,1.10,1.10,1.10,1.10,1050,137400
20210701,09:39,1.10,1.10,1.10,1.10,125,141800
20210701,09:40,1.25,1.25,1.10,1.10,2900,141800
20210701,09:41,1.10,1.10,1.05,1.05,325,139675
20210701,09:42,1.05,1.20,1.05,1.20,400,139675
20210701,09:43,1.20,1.20,1.20,1.20,100,139675
20210701,09:44,1.10,1.20,1.10,1.10,775,139875
20210701,09:45,1.15,1.20,1.05,1.15,1850,139875
20210701,09:46,1.15,1.20,1.15,1.15,2725,139875
20210701,09:47,1.15,1.25,1.15,1.15,3200,139700
20210701,09:48,1.20,1.20,1.10,1.10,4200,139700
20210701,09:49,1.10,1.10,1.10,1.10,2125,139700
20210701,09:50,1.15,1.15,1.10,1.10,525,138300
20210701,09:51,1.15,1.15,1.05,1.10,525,138300
20210701,09:52,1.10,1.15,1.10,1.15,2575,138300
20210701,09:53,1.10,1.15,1.10,1.15,2675,139800
20210701,09:54,1.15,1.20,1.10,1.10,325,139800
20210701,09:55,1.10,1.15,1.10,1.10,2075,139800
20210701,09:56,1.10,1.15,1.10,1.10,875,139375
20210701,09:57,1.20,1.20,1.10,1.20,1800,139375
20210701,09:58,1.15,1.20,1.05,1.15,9925,139375
20210701,09:59,1.15,1.15,1.10,1.10,2025,138175
20210701,10:00,1.10,1.10,1.10,1.10,1725,138175
20210701,10:01,1.15,1.20,1.10,1.15,1800,138175
20210701,10:02,1.15,1.15,1.10,1.10,475,138675
20210701,10:03,1.15,1.15,1.10,1.10,700,138675
20210701,10:04,1.10,1.10,1.10,1.10,450,138675
20210701,10:05,1.10,1.10,1.10,1.10,925,137325
20210701,10:06,1.15,1.15,1.15,1.15,25,137325
20210701,10:07,1.20,1.20,1.10,1.10,150,137325
20210701,10:08,1.10,1.15,1.10,1.15,2925,136700
20210701,10:09,1.15,1.15,1.05,1.15,600,136700
20210701,10:10,1.10,1.10,1.05,1.05,575,136700
20210701,10:11,1.05,1.15,1.05,1.05,2225,137600
20210701,10:12,1.00,1.05,1.00,1.05,250,137600
20210701,10:13,1.05,1.10,1.00,1.10,550,137600
20210701,10:14,1.10,1.10,1.05,1.05,500,137000
20210701,10:16,1.00,1.10,1.00,1.10,725,137000
20210701,10:17,1.00,1.10,1.00,1.10,525,137000
20210701,10:18,1.00,1.10,1.00,1.05,4100,136475
20210701,10:19,1.00,1.10,1.00,1.05,2350,136475
20210701,10:20,1.05,1.10,1.05,1.10,825,133525
20210701,10:21,1.10,1.10,1.00,1.10,525,133525
20210701,10:22,1.10,1.10,1.10,1.10,25,133525
20210701,10:23,1.10,1.10,1.10,1.10,250,133425
20210701,10:24,1.10,1.10,1.00,1.00,1025,133425
20210701,10:25,1.20,1.20,1.20,1.20,125,133425
20210701,10:26,1.00,1.15,1.00,1.15,1500,133425
20210701,10:27,1.05,1.10,1.05,1.10,2050,133675
20210701,10:28,1.10,1.10,1.00,1.00,3100,133675
20210701,10:29,1.05,1.10,1.05,1.05,700,134725
20210701,10:30,1.05,1.10,1.00,1.00,2350,134725
20210701,10:31,1.10,1.10,1.00,1.05,650,134725
20210701,10:32,1.05,1.15,1.05,1.10,1075,132700
20210701,10:33,1.05,1.05,1.05,1.05,250,132700
20210701,10:35,1.05,1.10,1.05,1.05,1575,132700
20210701,10:36,1.05,1.10,1.00,1.00,1650,132700
20210701,10:37,1.05,1.05,1.05,1.05,600,132700
20210701,10:38,1.10,1.10,1.00,1.00,600,132700
20210701,10:39,1.00,1.00,1.00,1.00,50,133825
20210701,10:40,1.00,1.10,1.00,1.10,225,133825
20210701,10:41,1.10,1.10,1.00,1.00,250,133875
20210701,10:42,1.10,1.10,1.05,1.05,1200,133875
20210701,10:43,1.00,1.15,1.00,1.10,1300,133875
20210701,10:44,1.10,1.10,1.10,1.10,450,133875
20210701,10:45,1.15,1.25,1.10,1.10,2775,133450
20210701,10:46,1.00,1.10,1.00,1.05,1825,133450
20210701,10:47,1.10,1.10,1.00,1.05,1075,133450
20210701,10:48,1.05,1.15,1.05,1.15,725,134000
20210701,10:49,1.05,1.15,1.05,1.05,875,134000
20210701,10:50,1.10,1.10,1.10,1.10,825,134450
20210701,10:52,1.10,1.10,1.10,1.10,100,134450
20210701,10:53,1.10,1.10,1.10,1.10,175,134450
20210701,10:54,1.10,1.10,1.10,1.10,100,133900
20210701,10:55,1.10,1.10,1.10,1.10,200,133900
20210701,10:56,1.00,1.10,1.00,1.10,250,134100
20210701,10:57,1.00,1.05,1.00,1.05,2650,134100
20210701,10:58,1.05,1.05,1.05,1.05,125,134100
20210701,10:59,1.05,1.05,0.95,1.00,2050,134950
20210701,11:00,0.95,0.95,0.90,0.95,1450,134950
20210701,11:01,1.05,1.05,0.95,1.05,875,134950
20210701,11:02,1.05,1.15,1.05,1.10,2850,134075
20210701,11:03,1.10,1.20,1.10,1.20,2300,134075
20210701,11:04,1.10,1.10,1.10,1.10,450,134075
20210701,11:05,1.10,1.25,1.10,1.25,1875,136000
20210701,11:06,1.10,1.10,1.05,1.05,1950,136000
20210701,11:07,1.05,1.10,1.00,1.10,1500,136000
20210701,11:08,1.10,1.10,1.05,1.10,1775,136000
20210701,11:09,1.20,1.20,1.20,1.20,225,132975
20210701,11:10,1.15,1.15,1.15,1.15,1000,132975
20210701,11:12,1.10,1.25,1.10,1.25,475,132950
20210701,11:13,1.10,1.10,1.10,1.10,25,132950
20210701,11:14,1.05,1.20,1.05,1.20,475,132950
20210701,11:15,1.20,1.20,1.20,1.20,75,132875
20210701,11:16,1.15,1.25,1.15,1.25,1250,132875
20210701,11:17,1.15,1.15,1.10,1.10,900,132875
20210701,11:18,1.10,1.10,1.10,1.10,25,134350
20210701,11:19,1.20,1.25,1.20,1.25,575,134350
20210701,11:20,1.10,1.10,1.10,1.10,500,134350
20210701,11:21,1.05,1.10,0.95,1.10,1275,134825
20210701,11:22,1.05,1.15,1.05,1.15,1200,134825
20210701,11:23,1.15,1.15,1.10,1.10,300,134825
20210701,11:24,1.15,1.15,1.15,1.15,1225,132700
20210701,11:25,1.20,1.25,1.20,1.25,525,132700
20210701,11:26,1.15,1.15,1.15,1.15,50,132700
20210701,11:27,1.05,1.05,1.05,1.05,975,133400
20210701,11:28,1.05,1.05,1.05,1.05,50,133400
20210701,11:29,1.05,1.05,1.05,1.05,475,133400
20210701,11:30,1.05,1.05,0.95,0.95,2275,132750
20210701,11:31,1.05,1.05,1.00,1.00,375,132750
20210701,11:32,1.00,1.05,1.00,1.05,650,132750
20210701,11:33,1.05,1.05,1.05,1.05,275,132750
20210701,11:34,1.05,1.05,1.05,1.05,100,132750
20210701,11:35,1.00,1.00,1.00,1.00,500,132750
20210701,11:36,1.00,1.00,0.90,0.90,3200,132575
20210701,11:37,0.90,1.05,0.85,1.00,13400,132575
20210701,11:38,0.95,1.00,0.90,1.00,2575,132575
20210701,11:39,0.90,0.90,0.90,0.90,450,139950
20210701,11:40,0.95,0.95,0.90,0.90,100,139950
20210701,11:41,0.90,0.95,0.90,0.95,725,139950
20210701,11:42,0.90,0.90,0.90,0.90,1500,140575
20210701,11:43,0.90,1.05,0.90,1.05,4200,140575
20210701,11:44,0.90,1.05,0.90,1.05,2750,140575
20210701,11:45,1.05,1.05,0.90,0.90,450,139125
20210701,11:46,0.90,0.90,0.90,0.90,50,139125
20210701,11:47,0.90,0.90,0.90,0.90,25,139125
20210701,11:49,0.95,1.05,0.95,1.05,1675,139200
20210701,11:51,1.00,1.05,1.00,1.00,1800,139900
20210701,11:52,1.05,1.25,1.05,1.25,4950,139900
20210701,11:53,1.25,1.25,1.15,1.15,2525,139900
20210701,11:54,1.10,1.20,1.10,1.20,850,141975
20210701,11:55,1.20,1.20,1.00,1.05,600,141975
20210701,11:56,1.15,1.20,1.15,1.20,200,141975
20210701,11:57,1.05,1.15,1.05,1.15,300,142125
20210701,11:58,1.00,1.00,1.00,1.00,300,142125
20210701,11:59,1.05,1.25,1.05,1.25,4000,142125
20210701,12:00,1.25,1.25,1.20,1.20,2100,142400
20210701,12:01,1.25,1.30,1.20,1.30,575,142400
20210701,12:02,1.30,1.30,1.20,1.30,475,142400
20210701,12:03,1.20,1.25,1.15,1.20,975,141950
20210701,12:04,1.15,1.15,1.15,1.15,50,141950
20210701,12:05,1.15,1.15,1.05,1.05,1425,141950
20210701,12:06,1.00,1.00,1.00,1.00,75,140500
20210701,12:08,1.15,1.15,1.15,1.15,325,140500
20210701,12:09,1.05,1.05,0.90,0.90,1250,140825
20210701,12:10,0.95,1.20,0.90,1.05,3450,140825
20210701,12:11,1.05,1.05,1.05,1.05,250,140825
20210701,12:12,1.05,1.05,1.00,1.00,1175,143425
20210701,12:13,1.10,1.10,1.00,1.00,850,143425
20210701,12:15,1.05,1.15,1.05,1.10,475,143150
20210701,12:16,1.15,1.15,1.15,1.15,900,143150
20210701,12:17,1.10,1.10,1.10,1.10,25,143150
20210701,12:18,1.10,1.10,0.95,0.95,2575,143850
20210701,12:19,1.10,1.15,1.05,1.15,1250,143850
20210701,12:20,1.20,1.20,1.20,1.20,275,143850
20210701,12:21,1.10,1.10,1.10,1.10,250,143850
20210701,12:22,1.10,1.10,1.10,1.10,25,143900
20210701,12:23,1.10,1.20,1.10,1.20,1200,143900
20210701,12:24,1.10,1.10,1.10,1.10,25,142900
20210701,12:28,1.10,1.10,1.10,1.10,25,142900
20210701,12:29,1.20,1.20,1.20,1.20,125,142875
20210701,12:30,1.20,1.20,1.20,1.20,50,142950
20210701,12:31,1.10,1.10,1.05,1.10,5700,142950
20210701,12:32,1.05,1.15,1.00,1.10,3200,142950
20210701,12:33,1.10,1.15,1.10,1.15,1550,140100
20210701,12:34,1.10,1.10,1.10,1.10,225,140100
20210701,12:35,1.15,1.15,1.05,1.05,275,140100
20210701,12:36,1.05,1.25,1.05,1.25,1750,140225
20210701,12:37,1.10,1.70,1.10,1.20,15375,140225
20210701,12:38,1.10,1.10,0.95,0.95,2225,140225
20210701,12:39,1.05,1.15,0.95,1.00,4450,142025
20210701,12:40,1.00,1.35,1.00,1.20,3825,142025
20210701,12:41,1.10,1.15,1.10,1.15,400,142025
20210701,12:42,1.15,1.20,1.05,1.10,1650,143675
20210701,12:43,1.15,1.15,1.05,1.15,400,143675
20210701,12:44,1.05,1.20,1.05,1.15,1425,143675
20210701,12:45,1.15,1.15,1.15,1.15,1000,142350
20210701,12:46,1.10,1.15,1.05,1.05,975,142350
20210701,12:47,1.15,1.15,1.15,1.15,25,142350
20210701,12:48,1.10,1.15,1.10,1.10,1775,142975
20210701,12:49,1.05,1.20,1.05,1.20,1125,142975
20210701,12:50,1.20,1.20,1.10,1.10,1025,142975
20210701,12:51,1.10,1.10,1.05,1.05,425,142975
20210701,12:52,1.20,1.30,1.10,1.25,5525,143575
20210701,12:53,1.25,1.25,1.10,1.25,1050,143575
20210701,12:54,1.25,1.30,1.25,1.30,450,144000
20210701,12:55,1.30,1.60,1.20,1.30,1525,144000
20210701,12:56,1.25,1.25,1.25,1.25,700,144000
20210701,12:57,1.20,1.25,1.05,1.20,4200,143725
20210701,12:58,1.20,1.25,1.10,1.25,1900,143725
20210701,12:59,1.20,1.30,1.15,1.25,1000,143725
20210701,13:00,1.15,1.30,1.15,1.30,1300,145425
20210701,13:01,1.25,1.30,1.25,1.30,50,145425
20210701,13:03,1.35,1.35,1.20,1.20,1000,146100
20210701,13:04,1.20,1.20,1.20,1.20,100,146100
20210701,13:05,1.15,1.15,1.15,1.15,925,146100
20210701,13:06,1.15,1.25,1.15,1.25,250,146100
20210701,13:07,1.25,1.30,1.25,1.30,875,145800
20210701,13:08,1.20,1.25,1.20,1.25,175,145800
20210701,13:09,1.20,1.20,1.20,1.20,50,145800
20210701,13:10,1.30,1.30,1.20,1.20,750,146225
20210701,13:11,1.35,1.35,1.20,1.20,2600,146225
20210701,13:12,1.25,1.50,1.25,1.40,8375,147750
20210701,13:13,1.35,1.35,1.25,1.25,575,147750
20210701,13:14,1.30,1.30,1.10,1.10,3600,147750
20210701,13:15,1.10,1.10,0.95,1.00,4700,146375
20210701,13:16,0.95,1.10,0.95,1.00,2350,146375
20210701,13:17,1.05,1.10,1.05,1.10,1200,146375
20210701,13:18,1.10,1.10,1.00,1.00,150,147025
20210701,13:19,1.05,1.15,1.05,1.10,2200,147025
20210701,13:20,1.10,1.10,0.80,0.95,7175,147025
20210701,13:21,0.90,1.00,0.85,0.90,2800,143175
20210701,13:22,0.80,0.90,0.80,0.90,975,143175
20210701,13:23,0.85,1.45,0.85,1.15,13300,143175
20210701,13:24,1.05,1.40,0.95,1.20,11000,147725
20210701,13:25,1.30,1.30,0.90,1.05,7225,147725
20210701,13:26,1.10,1.25,1.00,1.00,10500,147725
20210701,13:27,1.05,1.05,0.90,1.00,3475,148600
20210701,13:28,0.90,1.00,0.90,0.90,750,148600
20210701,13:29,0.90,1.00,0.90,1.00,1600,148600
20210701,13:30,1.00,1.00,0.85,1.00,875,146350
20210701,13:31,0.85,0.85,0.85,0.85,625,146350
20210701,13:32,0.85,0.85,0.85,0.85,1225,146350
20210701,13:33,0.95,0.95,0.95,0.95,550,145675
20210701,13:34,0.90,0.95,0.80,0.80,325,145675
20210701,13:35,0.95,0.95,0.70,0.90,3325,145675
20210701,13:36,0.80,0.90,0.75,0.85,1875,146775
20210701,13:37,0.75,0.85,0.70,0.85,3350,146775
20210701,13:38,0.75,0.85,0.75,0.80,625,146775
20210701,13:39,0.80,0.85,0.75,0.75,2425,147400
20210701,13:40,0.85,0.85,0.70,0.80,3150,147400
20210701,13:41,0.85,0.95,0.80,0.80,1800,147400
20210701,13:42,0.75,0.85,0.75,0.85,2325,146100
20210701,13:43,0.80,0.80,0.75,0.80,2400,146100
20210701,13:44,0.80,0.80,0.65,0.65,1000,146100
20210701,13:45,0.70,0.70,0.70,0.70,300,145050
20210701,13:46,0.55,0.70,0.55,0.60,1325,145050
20210701,13:47,0.55,0.55,0.40,0.40,23450,145050
20210701,13:48,0.40,0.75,0.40,0.45,10025,140700
20210701,13:49,0.55,0.55,0.50,0.55,3650,140700
20210701,13:50,0.50,0.65,0.50,0.60,4100,140700
20210701,13:51,0.55,0.65,0.55,0.55,500,141925
20210701,13:52,0.60,0.75,0.55,0.55,7775,141925
20210701,13:53,0.55,0.55,0.45,0.45,3175,141925
20210701,13:54,0.45,0.55,0.45,0.45,150,141925
20210701,13:55,0.45,0.45,0.45,0.45,150,141925
20210701,13:56,0.45,0.45,0.45,0.45,200,142450
20210701,14:00,0.45,0.45,0.40,0.45,1825,141500
20210701,14:01,0.40,0.70,0.40,0.50,4675,141500
20210701,14:02,0.50,0.50,0.35,0.40,3600,141500
20210701,14:03,0.45,0.45,0.40,0.40,950,139975
20210701,14:04,0.40,0.45,0.40,0.45,900,139975
20210701,14:05,0.50,0.50,0.40,0.40,1375,139975
20210701,14:06,0.40,0.60,0.40,0.50,1800,139975
20210701,14:07,0.45,0.45,0.40,0.40,475,138500
20210701,14:08,0.45,0.45,0.45,0.45,400,138500
20210701,14:09,0.45,0.50,0.40,0.45,1375,138325
20210701,14:10,0.55,0.65,0.55,0.55,5975,138325
20210701,14:11,0.55,0.60,0.50,0.60,2475,138325
20210701,14:12,0.50,0.50,0.40,0.40,1300,141175
20210701,14:13,0.55,0.75,0.55,0.60,4025,141175
20210701,14:14,0.55,0.55,0.55,0.55,125,141175
20210701,14:15,0.60,0.60,0.60,0.60,25,142075
20210701,14:16,0.50,0.50,0.50,0.50,25,142075
20210701,14:17,0.45,0.50,0.45,0.50,425,142075
20210701,14:18,0.50,0.60,0.50,0.60,225,142075
20210701,14:20,0.45,0.60,0.40,0.40,2225,142025
20210701,14:21,0.40,0.40,0.40,0.40,25,143125
20210701,14:22,0.40,0.40,0.35,0.35,5575,143125
20210701,14:23,0.35,0.35,0.25,0.30,12500,143125
20210701,14:24,0.25,0.30,0.25,0.25,6875,136500
20210701,14:25,0.20,0.25,0.20,0.20,2650,136500
20210701,14:26,0.20,0.25,0.20,0.25,100,136500
20210701,14:27,0.25,0.25,0.20,0.25,525,136500
20210701,14:28,0.20,0.25,0.20,0.25,875,135550
20210701,14:29,0.25,0.30,0.20,0.20,2725,135550
20210701,14:30,0.25,0.25,0.20,0.20,2925,133100
20210701,14:31,0.25,0.25,0.25,0.25,825,133100
20210701,14:32,0.30,0.30,0.20,0.30,2500,133100
20210701,14:33,0.30,0.30,0.20,0.20,1450,133100
20210701,14:34,0.25,0.25,0.20,0.25,425,133850
20210701,14:35,0.20,0.25,0.20,0.25,4600,133850
20210701,14:36,0.15,0.15,0.15,0.15,50,131675
20210701,14:37,0.15,0.15,0.15,0.15,3200,131675
20210701,14:38,0.15,0.20,0.15,0.15,5875,131675
20210701,14:39,0.25,0.25,0.15,0.15,300,131675
20210701,14:40,0.20,0.20,0.15,0.15,1875,132375
20210701,14:41,0.15,0.15,0.15,0.15,875,132375
20210701,14:42,0.15,0.15,0.10,0.15,5800,131450
20210701,14:43,0.15,0.20,0.10,0.10,1875,131450
20210701,14:44,0.20,0.20,0.10,0.10,3150,131450
20210701,14:45,0.10,0.10,0.10,0.10,1400,131450
20210701,14:46,0.10,0.15,0.10,0.15,3225,129575
20210701,14:47,0.10,0.10,0.10,0.10,1150,129575
20210701,14:48,0.10,0.10,0.10,0.10,3200,127925
20210701,14:49,0.10,0.10,0.05,0.10,1925,127925
20210701,14:50,0.10,0.10,0.05,0.10,500,127925
20210701,14:51,0.10,0.10,0.10,0.10,2125,127550
20210701,14:52,0.05,0.15,0.05,0.05,9725,127550
20210701,14:53,0.05,0.05,0.05,0.05,300,127550
20210701,14:54,0.05,0.05,0.05,0.05,1850,127550
20210701,14:55,0.05,0.05,0.05,0.05,50,127550
20210701,14:57,0.05,0.10,0.05,0.10,3875,127550
20210701,14:58,0.10,0.10,0.05,0.05,3100,130425
20210701,14:59,0.05,0.10,0.05,0.05,3800,130425
20210701,15:00,0.05,0.10,0.05,0.05,1550,130375
20210701,15:01,0.05,0.10,0.05,0.10,1975,130375
20210701,15:02,0.10,0.10,0.05,0.10,5250,130375
20210701,15:03,0.05,0.05,0.05,0.05,950,130375
20210701,15:04,0.05,0.05,0.05,0.05,50,129725
20210701,15:05,0.10,0.10,0.05,0.10,2675,129725
20210701,15:06,0.05,0.05,0.05,0.05,4200,129725
20210701,15:07,0.05,0.10,0.05,0.10,1025,129800
20210701,15:08,0.10,0.10,0.10,0.10,425,129800
20210701,15:09,0.10,0.10,0.10,0.10,25,129800
20210701,15:10,0.05,0.05,0.05,0.05,3300,128350
20210701,15:11,0.05,0.10,0.05,0.05,3000,128350
20210701,15:12,0.05,0.05,0.05,0.05,2450,128350
20210701,15:14,0.05,0.05,0.05,0.05,1000,122850
20210701,15:17,0.05,0.05,0.05,0.05,375,122850
20210701,15:18,0.05,0.05,0.05,0.05,275,123950
