20210222,14:17,449.95,449.95,449.95,449.95,151,150
20210222,14:21,464.95,464.95,464.95,464.95,100,150
20210222,14:25,464.95,464.95,464.95,464.95,25,250
20210222,14:37,410.30,410.30,410.30,410.30,25,275
20210222,14:43,410.30,410.30,410.30,410.30,75,300
20210222,14:49,355.95,355.95,355.95,355.95,75,375
20210222,14:50,355.95,355.95,355.95,355.95,275,375
20210222,15:27,456.10,456.10,456.10,456.10,25,650
20210223,09:40,380.00,380.00,380.00,380.00,26,675
20210223,10:00,380.10,380.10,380.10,380.10,25,675
20210223,10:01,380.10,380.10,380.10,380.10,25,675
20210223,10:49,307.00,307.00,307.00,307.00,25,650
20210223,10:50,300.00,300.00,300.00,300.00,25,650
20210223,11:42,300.00,300.00,300.00,300.00,25,650
20210223,12:30,388.10,388.10,388.10,388.10,25,650
20210223,12:32,435.90,435.90,435.90,435.90,25,650
20210223,13:28,435.90,435.90,435.90,435.90,25,675
20210223,13:45,360.00,360.00,360.00,360.00,100,675
20210223,14:30,360.00,360.00,360.00,360.00,200,675
20210223,14:58,389.70,389.70,389.70,389.70,25,750
20210223,15:03,405.00,405.00,405.00,405.00,25,750
20210223,15:07,396.10,396.10,396.10,396.10,25,775
20210224,09:15,399.75,405.00,399.75,405.00,52,800
20210224,09:22,341.20,341.20,341.20,341.20,25,800
20210224,09:24,326.60,326.60,326.60,326.60,25,825
20210224,09:27,326.60,326.60,326.60,326.60,25,800
20210224,09:31,312.05,312.05,312.05,312.05,25,800
20210224,09:32,312.00,312.00,312.00,312.00,50,800
20210224,09:36,312.00,312.00,312.00,312.00,200,800
20210224,09:38,312.00,312.00,312.00,312.00,25,800
20210224,09:43,333.95,333.95,333.95,333.95,25,800
20210224,09:52,303.00,303.00,303.00,303.00,25,1050
20210224,09:58,303.00,303.20,303.00,303.20,50,1075
20210224,10:03,280.05,280.05,280.05,280.05,200,1100
20210224,10:04,253.90,253.90,253.90,253.90,50,1100
20210224,10:06,280.05,280.05,280.05,280.05,50,1275
20210224,10:07,265.05,265.05,265.05,265.05,25,1275
20210224,10:08,265.05,265.05,265.05,265.05,25,1275
20210224,10:09,265.05,265.05,265.05,265.05,25,1325
20210224,10:11,265.05,265.05,265.05,265.05,75,1325
20210224,10:13,265.05,265.05,265.05,265.05,50,1325
20210224,10:22,265.05,265.05,265.05,265.05,25,1325
20210224,10:35,290.00,290.00,290.00,290.00,100,1325
20210224,10:53,283.85,283.85,283.85,283.85,25,1325
20210224,11:05,266.00,266.00,266.00,266.00,125,1325
20210224,11:10,230.00,230.00,230.00,230.00,50,1325
20210224,11:11,223.15,223.15,220.00,220.00,200,1325
20210224,11:12,220.00,220.00,220.00,220.00,50,1325
20210224,11:17,248.10,248.10,248.10,248.10,25,1325
20210224,11:21,253.00,253.00,253.00,253.00,25,1325
20210224,11:22,234.40,234.40,234.40,234.40,25,1325
20210224,11:23,234.40,234.40,234.40,234.40,25,1325
20210224,11:35,244.75,244.75,243.20,243.20,50,1325
20210224,11:39,268.20,268.20,268.20,268.20,25,1325
20210224,15:56,256.00,256.00,256.00,256.00,25,1800
20210224,16:03,220.25,220.25,220.25,220.25,25,1800
20210224,16:04,220.15,220.15,220.15,220.15,25,1850
20210224,16:06,229.15,229.15,229.15,229.15,25,1875
20210224,16:07,227.95,227.95,227.95,227.95,25,1900
20210224,16:08,229.65,229.65,229.65,229.65,25,1900
20210224,16:13,201.90,201.90,201.90,201.90,50,1900
20210224,16:15,190.00,190.45,189.00,189.00,650,1900
20210224,16:16,178.00,178.00,178.00,178.00,50,2325
20210224,16:17,176.75,176.75,173.35,173.90,275,2325
20210224,16:19,173.00,173.00,173.00,173.00,25,2600
20210224,16:21,173.00,173.00,173.00,173.00,25,2600
20210224,16:28,169.00,169.00,169.00,169.00,25,2625
20210224,16:30,165.75,165.75,136.15,136.15,50,2625
20210224,16:31,136.15,136.15,136.15,136.15,25,2675
20210224,16:32,167.45,167.45,167.45,167.45,25,2675
20210224,16:35,143.70,143.70,143.70,143.70,300,2725
20210224,16:36,170.00,170.00,170.00,170.00,200,2725
20210224,16:40,162.10,162.10,162.10,162.10,50,2925
20210224,16:41,158.00,162.10,158.00,162.10,75,2875
20210224,16:42,162.15,162.15,162.15,162.15,50,2875
20210224,16:45,150.00,150.00,150.00,150.00,550,2950
20210224,16:46,155.00,155.00,155.00,155.00,25,2950
20210224,16:48,153.95,156.20,153.95,156.20,150,2900
20210224,16:50,156.65,157.75,155.05,157.75,75,2875
20210224,16:52,157.20,157.20,157.15,157.15,75,2875
20210224,16:53,163.25,163.25,158.30,161.40,125,2875
20210224,16:54,161.40,161.40,161.40,161.40,125,2875
20210224,16:57,163.85,163.85,162.00,162.00,150,2875
20210224,16:58,150.60,152.15,150.60,152.00,225,2900
20210224,16:59,150.10,150.20,150.10,150.20,50,2900
20210225,09:15,120.00,120.00,120.00,120.00,26,2900
20210225,09:18,114.95,114.95,114.95,114.95,100,2900
20210225,09:24,111.95,111.95,111.95,111.95,75,3000
20210225,09:25,111.10,111.10,111.10,111.10,75,3000
20210225,09:28,106.50,131.50,105.10,105.10,250,3000
20210225,09:30,105.05,105.05,105.05,105.05,25,3000
20210225,09:31,105.05,105.05,105.05,105.05,25,3000
20210225,09:32,129.40,129.40,110.00,110.00,50,3000
20210225,09:36,120.00,120.00,120.00,120.00,25,3000
20210225,09:43,110.00,110.00,110.00,110.00,25,3050
20210225,09:45,102.80,102.80,102.10,102.10,100,3100
20210225,09:46,102.10,102.10,102.10,102.10,75,3100
20210225,09:47,103.00,103.00,102.00,102.00,250,3125
20210225,09:48,102.00,102.00,102.00,102.00,25,3125
20210225,09:51,102.00,111.35,102.00,111.35,75,3125
20210225,09:56,104.95,104.95,104.95,104.95,175,3125
20210225,09:59,100.35,100.35,99.95,99.95,500,3125
20210225,10:00,99.95,102.15,99.95,102.15,550,3125
20210225,10:01,105.85,105.85,105.85,105.85,75,3125
20210225,10:05,103.90,103.90,103.90,103.90,75,3125
20210225,10:06,102.85,102.85,102.85,102.85,25,3125
20210225,10:08,103.20,103.20,102.40,102.80,100,3125
20210225,10:09,102.00,102.00,102.00,102.00,50,3125
20210225,10:10,103.80,103.80,103.80,103.80,25,3125
20210225,10:12,104.55,104.55,104.55,104.55,25,3125
20210225,10:13,106.50,106.50,106.50,106.50,50,3125
20210225,10:15,108.05,109.60,108.05,109.60,125,3150
20210225,10:17,108.80,108.80,108.80,108.80,50,3150
20210225,10:18,101.30,101.30,101.00,101.00,100,3150
20210225,10:19,100.00,106.20,100.00,106.20,75,3150
20210225,10:23,101.25,101.25,101.25,101.25,25,3050
20210225,10:27,102.00,105.30,102.00,105.30,100,3050
20210225,10:32,103.60,103.60,103.60,103.60,25,2925
20210225,10:35,103.70,103.70,103.70,103.70,150,2925
20210225,10:36,103.80,103.80,103.80,103.80,200,2925
20210225,10:38,103.75,103.75,103.75,103.75,25,2925
20210225,10:39,103.75,103.75,103.75,103.75,225,2975
20210225,10:40,103.70,103.70,102.25,102.25,50,2975
20210225,10:41,103.75,103.75,103.75,103.75,75,2975
20210225,10:52,101.65,103.65,101.65,103.65,75,2850
20210225,10:57,97.50,97.50,97.50,97.50,25,2825
20210225,10:59,97.50,97.50,97.50,97.50,25,2825
20210225,11:02,99.00,99.00,99.00,99.00,75,2850
20210225,11:03,95.40,95.40,95.40,95.40,50,2925
20210225,11:13,95.40,95.40,95.40,95.40,25,2850
20210225,11:16,99.55,99.55,99.00,99.00,50,2850
20210225,11:18,95.40,95.40,95.40,95.40,25,2825
20210225,11:19,95.00,95.00,95.00,95.00,50,2825
20210225,11:24,95.00,95.00,95.00,95.00,25,2850
20210225,11:38,105.10,105.10,105.10,105.10,25,2650
20210225,11:39,107.50,107.50,107.50,107.50,25,2675
20210225,11:49,99.95,99.95,99.95,99.95,25,2675
20210225,11:51,107.65,107.65,107.65,107.65,50,2675
20210225,11:52,101.55,101.55,101.55,101.55,25,2675
20210225,11:53,104.20,104.20,104.20,104.20,25,2675
20210225,12:00,107.00,107.00,107.00,107.00,125,2675
20210225,12:02,108.00,108.00,108.00,108.00,25,2675
20210225,12:16,105.00,105.00,105.00,105.00,25,2625
20210225,12:32,106.50,106.50,106.50,106.50,25,2625
20210225,12:33,98.95,98.95,98.95,98.95,25,2625
20210225,12:36,101.55,101.55,101.55,101.55,50,2625
20210225,12:37,101.00,101.00,101.00,101.00,25,2625
20210225,12:40,102.00,104.50,102.00,104.50,75,2650
20210225,12:48,104.50,105.00,104.50,105.00,100,2650
20210225,12:49,105.25,105.25,105.25,105.25,25,2650
20210225,12:51,105.05,105.05,105.05,105.05,50,2650
20210225,12:57,103.75,103.75,103.75,103.75,25,2650
20210225,12:59,105.00,105.00,105.00,105.00,50,2650
20210225,13:04,109.00,109.00,109.00,109.00,25,2675
20210225,13:09,109.00,109.00,109.00,109.00,25,2675
20210225,13:10,105.05,105.05,105.05,105.05,25,2675
20210225,13:12,101.65,101.65,101.65,101.65,25,2675
20210225,13:27,99.70,99.70,99.70,99.70,75,2700
20210225,13:28,100.00,100.00,100.00,100.00,25,2700
20210225,13:42,100.70,100.70,100.70,100.70,25,2750
20210225,13:45,92.50,92.50,92.50,92.50,25,2750
20210225,13:49,92.50,92.50,92.50,92.50,25,2750
20210225,13:53,100.20,104.75,100.20,104.75,100,2750
20210225,13:57,101.15,101.15,101.15,101.15,25,2775
20210225,14:00,103.00,103.00,102.00,102.00,125,2775
20210225,14:05,95.05,95.05,95.05,95.05,75,2775
20210225,14:08,96.00,96.00,96.00,96.00,50,2775
20210225,14:11,99.00,99.00,99.00,99.00,25,2775
20210225,14:15,101.05,101.05,101.05,101.05,25,2775
20210225,14:16,96.05,96.05,96.05,96.05,25,2775
20210225,14:17,100.15,100.15,100.15,100.15,50,2775
20210225,14:20,97.65,97.65,97.65,97.65,25,2775
20210225,14:21,101.95,101.95,101.95,101.95,25,2775
20210225,14:22,101.85,101.85,101.85,101.85,25,2775
20210225,14:24,98.00,98.00,98.00,98.00,75,2775
20210225,14:25,96.00,96.00,95.00,95.00,175,2775
20210225,14:27,90.00,90.00,89.05,89.05,75,2775
20210225,14:28,87.15,87.15,87.15,87.15,50,2775
20210225,14:29,87.15,87.15,87.15,87.15,50,2775
20210225,14:34,87.00,87.00,87.00,87.00,25,2775
20210225,14:36,87.00,87.00,87.00,87.00,25,2775
20210225,14:38,84.50,84.50,84.50,84.50,125,2775
20210225,14:39,84.50,84.50,84.50,84.50,25,2775
20210225,14:40,85.10,85.10,85.10,85.10,50,2775
20210225,14:42,81.80,81.80,81.80,81.80,25,2775
20210225,14:45,81.80,81.80,81.80,81.80,50,2775
20210225,14:47,87.95,87.95,87.95,87.95,50,2775
20210225,14:51,89.60,89.60,89.60,89.60,25,2775
20210225,14:54,92.00,92.00,92.00,92.00,25,2775
20210225,14:56,88.50,94.85,88.50,94.85,75,2775
20210225,14:57,96.65,96.65,96.65,96.65,25,2775
20210225,14:59,97.25,97.25,97.25,97.25,25,2775
20210225,15:01,98.50,98.50,98.50,98.50,25,2775
20210225,15:02,98.95,99.20,98.95,99.20,150,2775
20210225,15:03,102.00,102.00,98.45,98.45,175,2775
20210225,15:04,94.45,95.00,94.45,95.00,50,2775
20210225,15:06,100.00,100.00,100.00,100.00,25,2775
20210225,15:07,100.00,100.00,100.00,100.00,250,2775
20210225,15:08,100.00,100.00,100.00,100.00,50,2775
20210225,15:09,100.00,100.00,100.00,100.00,350,2775
20210225,15:10,100.00,100.00,100.00,100.00,25,2775
20210225,15:11,100.00,100.00,100.00,100.00,25,2775
20210225,15:12,102.00,102.00,102.00,102.00,25,2775
20210225,15:13,102.00,102.00,100.00,100.00,250,2775
20210225,15:17,100.00,110.00,100.00,110.00,150,2775
20210225,15:18,101.00,110.00,101.00,110.00,1050,2775
20210225,15:19,110.00,110.00,110.00,110.00,300,2775
20210225,15:21,107.00,107.00,107.00,107.00,25,2775
20210225,15:22,105.00,105.00,105.00,105.00,25,2800
20210225,15:24,102.00,102.00,102.00,102.00,25,2800
20210225,15:26,100.70,100.70,100.70,100.70,25,2775
20210225,15:28,101.60,101.60,101.60,101.60,50,2775
20210225,15:29,103.10,121.00,101.10,101.10,150,2775
20210226,09:15,299.95,351.00,299.95,351.00,401,5000
20210226,09:16,351.00,499.55,247.80,499.55,1075,5000
20210226,09:17,280.05,396.85,280.05,354.55,325,5050
20210226,09:18,356.30,362.20,341.75,358.70,1275,5050
20210226,09:19,359.40,368.20,347.05,368.20,3350,5050
20210226,09:20,360.00,373.45,350.00,350.00,325,6875
20210226,09:21,332.15,342.50,320.80,327.50,4175,6875
20210226,09:22,320.70,345.30,320.70,337.00,5175,6875
20210226,09:23,330.85,335.00,308.60,312.60,3075,7300
20210226,09:24,311.55,327.25,305.50,326.45,3475,7300
20210226,09:25,330.80,330.80,295.45,300.00,1775,7300
20210226,09:26,303.50,306.60,270.30,283.75,1200,7975
20210226,09:27,291.75,304.00,286.70,304.00,2050,7975
20210226,09:28,295.35,305.75,290.65,299.25,2150,7975
20210226,09:29,302.30,310.55,302.30,306.85,3550,8225
20210226,09:30,307.35,327.65,307.35,321.50,3625,8225
20210226,09:31,317.65,326.85,316.30,320.70,1750,8225
20210226,09:32,316.30,319.60,306.35,314.95,1500,9150
20210226,09:33,321.80,325.00,311.30,317.60,875,9150
20210226,09:34,319.60,328.35,317.90,328.35,750,9150
20210226,09:35,330.45,343.35,326.20,335.15,1725,9475
20210226,09:36,335.75,349.50,333.50,336.00,1675,9475
20210226,09:37,336.00,340.70,330.35,335.45,625,9475
20210226,09:38,329.45,336.35,329.45,331.20,225,9725
20210226,09:39,341.25,343.30,334.10,335.30,825,9725
20210226,09:40,335.60,342.00,334.10,341.40,525,9725
20210226,09:41,341.50,344.05,321.05,321.05,1750,10300
20210226,09:42,322.35,334.50,322.35,329.85,900,10300
20210226,09:43,327.55,337.20,326.15,333.50,650,10300
20210226,09:44,340.65,342.35,335.95,338.05,1400,10725
20210226,09:45,345.95,360.55,339.25,340.20,1425,10725
20210226,09:46,341.35,341.35,317.70,322.00,3275,10725
20210226,09:47,323.80,325.05,322.55,322.75,425,12175
20210226,09:48,324.95,330.00,320.25,322.75,500,12175
20210226,09:49,319.05,321.00,308.00,308.00,500,12175
20210226,09:50,309.20,309.20,299.90,301.90,800,12600
20210226,09:51,298.20,307.55,295.55,307.55,750,12600
20210226,09:52,300.90,313.65,300.90,313.65,850,12600
20210226,09:53,316.30,318.30,312.10,312.10,350,13025
20210226,09:54,313.90,324.65,313.90,324.55,1300,13025
20210226,09:55,326.90,338.30,326.00,329.20,1650,13025
20210226,09:56,331.65,331.75,321.35,325.90,1700,14025
20210226,09:57,329.55,335.10,328.00,328.00,200,14025
20210226,09:58,332.60,334.85,322.75,323.05,250,14025
20210226,09:59,324.85,324.85,315.10,315.10,925,14150
20210226,10:00,318.60,333.15,318.60,328.25,200,14150
20210226,10:01,331.70,331.70,325.05,326.45,125,14150
20210226,10:02,326.50,331.15,324.55,330.35,200,13425
20210226,10:03,335.45,335.45,324.60,326.20,450,13425
20210226,10:04,327.00,330.00,327.00,330.00,600,13425
20210226,10:05,330.00,337.85,317.85,317.85,900,13350
20210226,10:06,314.00,319.25,304.85,312.40,1350,13350
20210226,10:07,317.60,326.35,317.60,324.10,300,13350
20210226,10:08,325.95,328.00,325.95,328.00,50,13725
20210226,10:09,328.35,328.40,323.55,323.55,900,13725
20210226,10:10,322.30,327.10,319.60,321.80,900,13725
20210226,10:11,323.45,324.90,312.75,313.85,425,12900
20210226,10:12,314.85,320.95,314.10,318.80,150,12900
20210226,10:13,323.15,323.40,320.05,320.05,325,12900
20210226,10:14,319.45,319.45,313.95,318.10,750,12575
20210226,10:15,322.30,328.20,322.30,328.20,75,12575
20210226,10:16,327.85,330.00,327.85,330.00,425,12575
20210226,10:17,335.95,373.40,335.95,353.20,3825,12450
20210226,10:18,355.10,363.60,355.10,357.05,1175,12450
20210226,10:19,355.50,364.90,352.15,364.90,750,12450
20210226,10:20,375.00,375.85,370.75,374.15,1300,12550
20210226,10:21,380.65,383.95,373.70,373.70,2750,12550
20210226,10:22,377.85,377.85,359.65,361.05,600,12550
20210226,10:23,360.85,371.75,360.85,370.10,525,12800
20210226,10:24,370.05,370.30,364.70,369.10,450,12800
20210226,10:25,369.25,399.80,368.55,396.20,1225,12800
20210226,10:26,401.00,417.55,401.00,415.65,500,12850
20210226,10:27,419.70,419.70,410.00,414.75,825,12850
20210226,10:28,411.35,411.35,401.10,404.65,600,12850
20210226,10:29,400.00,403.10,400.00,400.30,200,13275
20210226,10:30,403.00,422.15,403.00,422.15,450,13275
20210226,10:31,422.30,426.35,420.60,421.25,500,13275
20210226,10:32,422.95,424.75,413.85,420.30,1175,13525
20210226,10:33,424.20,424.20,411.25,411.25,200,13525
20210226,10:34,424.95,425.00,424.95,425.00,125,13525
20210226,10:35,432.15,440.00,415.00,415.00,1175,15100
20210226,10:36,424.35,424.35,413.45,416.90,225,15100
20210226,10:37,415.10,421.60,414.95,418.50,700,15100
20210226,10:38,419.85,428.15,418.10,421.95,750,15225
20210226,10:39,422.30,422.30,413.40,419.40,525,15225
20210226,10:40,423.00,423.60,419.35,423.60,75,15225
20210226,10:41,426.75,427.95,420.15,420.15,250,14800
20210226,10:42,419.70,420.05,418.00,418.40,425,14800
20210226,10:43,421.00,421.00,420.80,420.80,50,14800
20210226,10:44,421.45,421.45,421.45,421.45,25,14800
20210226,10:45,421.45,422.65,410.35,411.05,600,15075
20210226,10:46,419.95,420.00,419.35,419.65,125,15075
20210226,10:47,424.90,427.55,424.90,426.85,200,15075
20210226,10:48,427.05,427.05,418.95,425.10,300,14800
20210226,10:49,422.20,423.50,414.10,416.50,1000,14800
20210226,10:50,417.75,417.75,410.50,410.50,275,15175
20210226,10:51,411.60,415.10,411.60,414.60,450,15175
20210226,10:52,419.10,419.70,416.80,416.80,75,15175
20210226,10:53,419.00,420.05,418.60,420.05,100,15075
20210226,10:54,417.30,418.75,413.70,418.00,250,15075
20210226,10:55,420.00,420.05,419.60,420.05,100,15075
20210226,10:56,415.60,415.80,404.40,414.95,550,15025
20210226,10:57,416.75,420.00,416.75,420.00,150,15025
20210226,10:58,423.55,424.10,423.55,424.10,100,15025
20210226,10:59,427.95,449.10,427.95,449.10,575,15125
20210226,11:00,450.35,469.85,450.35,454.50,575,15125
20210226,11:01,460.35,470.75,460.35,470.15,200,15125
20210226,11:02,471.35,477.80,471.35,475.60,675,15150
20210226,11:03,480.00,490.25,476.60,490.25,700,15150
20210226,11:04,482.15,492.20,482.15,491.45,150,15150
20210226,11:05,489.40,495.20,479.10,493.90,450,15150
20210226,11:06,496.00,502.80,496.00,502.80,100,15150
20210226,11:07,494.00,494.00,481.65,481.65,850,15150
20210226,11:08,483.75,483.75,478.55,482.30,375,14800
20210226,11:09,490.65,495.05,490.65,495.05,50,14800
20210226,11:10,500.00,505.55,499.30,501.05,675,14800
20210226,11:11,494.30,494.30,487.45,490.40,400,14675
20210226,11:12,489.95,491.60,482.75,485.90,450,14675
20210226,11:13,480.70,480.85,472.80,472.80,475,14675
20210226,11:14,472.15,472.15,462.40,465.00,325,14875
20210226,11:15,468.30,491.00,468.30,489.75,175,14875
20210226,11:16,495.00,495.00,491.55,492.90,150,14875
20210226,11:17,495.00,495.00,488.65,490.30,400,15475
20210226,11:18,493.20,498.65,491.60,497.50,425,15475
20210226,11:19,497.10,523.95,497.10,522.05,2025,15475
20210226,11:20,523.20,531.25,522.20,530.05,725,15325
20210226,11:21,534.10,541.60,524.25,541.60,2600,15325
20210226,11:22,543.55,549.40,537.00,545.05,1200,15325
20210226,11:23,545.90,548.05,538.75,540.00,1275,15150
20210226,11:24,546.60,546.60,538.00,543.30,325,15150
20210226,11:25,552.00,555.50,544.85,544.85,750,15150
20210226,11:26,547.55,564.25,547.55,556.75,1250,15200
20210226,11:27,558.40,559.25,550.05,558.40,1775,15200
20210226,11:28,557.05,558.70,540.40,551.70,1050,15200
20210226,11:29,549.20,549.20,540.75,540.75,150,15200
20210226,11:30,557.10,585.50,557.10,575.10,625,15200
20210226,11:31,583.25,583.25,575.15,576.75,425,15200
20210226,11:32,575.85,614.25,575.10,614.25,1125,15050
20210226,11:33,618.55,632.30,606.40,632.30,475,15050
20210226,11:34,632.30,637.50,619.25,619.25,525,15050
20210226,11:35,625.40,671.75,625.40,666.50,1075,15350
20210226,11:36,667.30,672.00,641.85,646.85,1750,15350
20210226,11:37,647.60,647.85,627.00,629.60,1200,15350
20210226,11:38,625.00,633.90,615.30,630.00,400,15275
20210226,11:39,621.65,621.65,614.45,619.55,400,15275
20210226,11:40,619.45,620.10,613.90,619.40,425,15275
20210226,11:41,623.60,623.60,602.70,602.70,550,15375
20210226,11:42,601.70,615.00,601.70,615.00,250,15375
20210226,11:43,634.55,634.55,616.00,616.00,200,15375
20210226,11:44,610.50,616.00,610.20,610.20,325,15375
20210226,11:45,613.45,627.65,613.00,623.05,500,15500
20210226,11:46,625.10,630.35,620.00,620.45,950,15500
20210226,11:47,621.20,622.75,617.60,622.75,875,15825
20210226,11:48,621.70,623.20,614.35,621.85,1100,15825
20210226,11:49,626.15,637.00,622.25,637.00,650,15825
20210226,11:50,629.15,633.45,629.15,629.20,600,15850
20210226,11:51,639.50,639.50,627.00,628.95,700,15850
20210226,11:52,625.15,632.40,621.30,623.45,600,15850
20210226,11:53,616.95,617.55,567.25,567.80,5075,15950
20210226,11:54,571.60,571.60,541.00,549.45,675,15950
20210226,11:55,541.35,541.35,522.70,537.80,325,15950
20210226,11:56,544.75,556.50,543.25,555.95,225,15950
20210226,11:57,554.25,562.65,554.25,557.55,150,15350
20210226,11:58,555.20,565.85,554.15,565.85,200,15350
20210226,11:59,575.70,576.35,569.05,569.05,450,15450
20210226,12:00,569.35,602.80,569.35,598.05,600,15450
20210226,12:01,598.05,610.45,598.05,610.45,250,15450
20210226,12:02,615.00,627.65,615.00,627.05,350,15450
20210226,12:03,624.90,628.95,624.90,625.90,375,15750
20210226,12:04,630.90,658.40,630.90,654.90,875,15750
20210226,12:05,654.25,654.25,637.10,637.10,200,15750
20210226,12:06,643.55,676.70,643.55,673.95,550,15800
20210226,12:07,673.15,673.15,652.20,652.20,375,15800
20210226,12:08,651.40,652.00,637.05,646.95,600,15800
20210226,12:09,642.35,645.20,636.55,645.20,325,15875
20210226,12:10,643.25,651.35,640.40,646.75,525,15875
20210226,12:11,645.40,648.15,632.30,632.30,275,15875
20210226,12:12,635.05,637.60,635.05,636.40,150,15875
20210226,12:13,631.45,636.55,631.45,636.55,125,15875
20210226,12:14,638.55,646.10,638.55,646.10,175,15875
20210226,12:15,656.60,693.40,656.60,681.70,950,16375
20210226,12:16,681.70,689.30,681.70,689.30,275,16375
20210226,12:17,688.60,691.75,679.35,686.95,900,16375
20210226,12:18,689.00,689.00,665.40,665.40,700,17125
20210226,12:19,664.05,664.05,645.80,648.45,650,17125
20210226,12:20,648.40,651.15,635.75,651.15,750,17125
20210226,12:21,649.30,666.45,649.30,655.00,500,18175
20210226,12:22,655.70,665.60,655.70,663.45,550,18175
20210226,12:23,660.10,660.60,657.90,660.60,250,18175
20210226,12:24,664.40,664.40,657.95,660.30,175,18450
20210226,12:25,658.90,661.30,658.90,661.30,150,18450
20210226,12:27,658.75,660.70,655.10,657.95,500,18625
20210226,12:28,653.55,654.25,641.85,641.85,250,18625
20210226,12:29,645.35,654.25,645.35,654.25,200,18625
20210226,12:30,657.45,675.35,657.45,666.20,325,18875
20210226,12:31,658.15,658.35,653.80,658.35,350,18875
20210226,12:32,659.95,671.30,659.95,668.50,150,18875
20210226,12:33,667.40,682.75,667.40,675.80,975,19400
20210226,12:34,681.05,684.05,680.60,684.05,175,19400
20210226,12:35,688.95,700.00,687.95,688.00,550,19400
20210226,12:36,690.00,707.65,690.00,703.50,450,19700
20210226,12:37,703.00,707.90,696.50,702.10,575,19700
20210226,12:38,706.00,725.00,704.70,718.00,1125,19700
20210226,12:39,706.95,716.70,703.50,712.30,325,19425
20210226,12:40,709.90,710.65,704.25,704.25,100,19425
20210226,12:41,707.30,740.00,707.30,740.00,800,19425
20210226,12:42,739.20,739.20,720.75,720.75,850,19450
20210226,12:43,722.40,722.40,710.25,710.25,75,19450
20210226,12:44,721.25,724.35,719.45,724.00,350,19450
20210226,12:45,722.20,738.20,720.40,738.20,150,19250
20210226,12:46,730.00,730.00,710.95,710.95,475,19250
20210226,12:47,711.60,712.05,707.50,712.05,100,19250
20210226,12:48,712.05,712.05,700.00,705.15,300,19300
20210226,12:49,708.20,708.20,708.20,708.20,50,19300
20210226,12:50,681.00,693.10,681.00,690.85,725,19300
20210226,12:51,684.65,686.80,684.65,686.80,75,19300
20210226,12:52,691.60,701.35,691.60,701.35,75,19175
20210226,12:53,690.95,690.95,661.05,667.85,375,19175
20210226,12:54,673.70,674.70,670.05,672.35,550,19800
20210226,12:55,671.85,671.85,649.10,649.10,275,19800
20210226,12:56,641.00,655.55,631.80,631.80,500,19800
20210226,12:57,617.10,640.00,617.10,639.95,500,20075
20210226,12:58,636.70,636.70,592.15,599.25,425,20075
20210226,12:59,594.60,613.00,582.70,582.70,300,20075
20210226,13:00,584.75,620.20,584.75,620.20,1675,20100
20210226,13:01,616.75,632.65,608.45,632.65,525,20100
20210226,13:02,622.45,630.60,622.45,630.60,100,20100
20210226,13:03,636.00,637.70,635.65,635.65,75,20375
20210226,13:04,633.40,633.40,633.40,633.40,25,20375
20210226,13:05,629.55,650.50,617.55,650.50,300,20375
20210226,13:06,645.50,646.40,640.00,640.15,250,20525
20210226,13:07,646.00,646.00,640.10,643.60,175,20525
20210226,13:08,625.70,647.45,625.70,647.45,150,20525
20210226,13:09,648.15,650.15,639.65,639.65,225,20625
20210226,13:10,641.70,650.00,641.70,650.00,100,20625
20210226,13:11,648.70,648.70,646.35,646.35,75,20625
20210226,13:12,649.30,670.00,649.30,668.35,225,20850
20210226,13:13,670.75,672.10,665.75,667.10,200,20850
20210226,13:14,671.70,676.90,671.70,675.65,150,20850
20210226,13:15,674.05,687.00,671.75,684.65,375,21650
20210226,13:17,683.80,687.00,680.90,687.00,125,21650
20210226,13:18,684.10,684.10,680.85,680.85,50,22525
20210226,13:19,680.85,687.00,679.55,687.00,200,22525
20210226,13:20,686.15,693.55,684.65,693.55,250,22525
20210226,13:21,690.00,690.00,667.75,667.75,150,24925
20210226,13:22,654.20,654.20,628.75,634.85,575,24925
20210226,13:23,630.85,630.85,623.85,630.10,225,24925
20210226,13:24,616.90,616.90,616.30,616.30,150,25000
20210226,13:25,615.70,624.65,606.65,624.65,150,25000
20210226,13:26,615.65,615.65,615.65,615.65,25,25000
20210226,13:27,616.05,617.45,615.80,615.80,75,25150
20210226,13:28,622.40,629.90,622.40,627.25,75,25150
20210226,13:29,637.60,637.60,637.00,637.00,50,25150
20210226,13:30,627.30,635.05,627.25,635.05,75,25350
20210226,13:31,654.00,654.90,654.00,654.90,75,25350
20210226,13:32,654.90,658.80,645.70,645.70,150,25350
20210226,13:33,655.05,655.05,650.60,650.60,50,25475
20210226,13:34,645.40,645.40,641.75,644.10,125,25475
20210226,13:35,652.05,652.05,648.10,651.70,175,25475
20210226,13:36,654.45,654.45,634.50,635.60,125,25625
20210226,13:37,625.15,626.55,617.50,617.50,175,25625
20210226,13:38,616.00,618.30,601.00,610.10,250,25625
20210226,13:39,605.45,606.95,596.55,601.75,250,25775
20210226,13:40,593.50,595.00,593.50,595.00,125,25775
20210226,13:41,596.70,601.45,596.70,601.45,100,25775
20210226,13:42,610.00,610.00,610.00,610.00,125,25775
20210226,13:43,603.95,604.90,599.90,599.90,100,26100
20210226,13:44,598.90,609.85,598.90,604.75,175,26100
20210226,13:45,610.65,625.95,610.65,620.00,250,26150
20210226,13:46,625.60,638.10,625.10,631.05,2025,26150
20210226,13:47,643.55,643.55,631.95,632.40,375,26150
20210226,13:48,621.20,621.20,604.50,604.50,250,26200
20210226,13:49,595.75,595.75,561.00,573.20,700,26200
20210226,13:50,584.20,585.70,580.00,580.00,550,26200
20210226,13:51,574.45,574.45,561.05,567.75,350,26200
20210226,13:52,565.00,572.20,552.80,572.20,525,26050
20210226,13:53,569.65,569.65,569.65,569.65,125,26050
20210226,13:54,574.45,581.50,574.45,581.50,150,26225
20210226,13:55,574.10,574.10,550.00,553.00,375,26225
20210226,13:56,541.00,544.40,541.00,542.65,100,26225
20210226,13:57,545.65,550.85,540.00,550.85,125,26800
20210226,13:58,545.00,545.00,534.65,541.25,600,26800
20210226,13:59,539.35,539.35,525.30,525.30,425,26800
20210226,14:00,531.45,552.75,531.45,545.05,350,27250
20210226,14:01,552.75,561.20,552.75,558.00,75,27250
20210226,14:02,550.00,550.00,550.00,550.00,75,27250
20210226,14:03,550.00,550.00,550.00,550.00,50,27250
20210226,14:04,521.15,521.15,507.55,508.05,200,28025
20210226,14:05,503.55,514.25,496.05,514.25,550,28025
20210226,14:06,508.55,509.60,506.65,506.65,275,27925
20210226,14:07,508.50,508.50,500.15,503.25,475,27925
20210226,14:08,493.05,504.00,489.00,504.00,325,27925
20210226,14:09,497.60,521.25,497.00,515.40,350,28025
20210226,14:10,505.35,505.35,489.85,498.60,375,28025
20210226,14:11,499.75,501.00,495.00,501.00,150,28025
20210226,14:12,502.50,522.65,502.50,522.65,200,27950
20210226,14:13,514.85,514.85,502.05,502.05,75,27950
20210226,14:14,500.00,500.00,486.80,490.00,1125,27950
20210226,14:15,469.40,469.40,465.00,468.30,300,27800
20210226,14:16,470.00,475.05,470.00,475.05,100,27800
20210226,14:17,475.00,493.05,475.00,493.05,275,27800
20210226,14:18,494.95,513.55,494.95,513.55,475,27800
20210226,14:19,512.00,520.80,509.40,520.80,700,27800
20210226,14:20,528.05,534.65,528.05,534.65,175,27800
20210226,14:21,531.45,531.45,515.00,517.20,450,28200
20210226,14:22,520.55,520.70,503.60,503.60,275,28200
20210226,14:23,502.15,509.90,502.15,509.50,125,28200
20210226,14:24,505.85,507.95,496.65,507.95,150,28150
20210226,14:25,502.60,502.60,502.60,502.60,25,28150
20210226,14:26,500.00,500.05,496.35,500.05,400,28150
20210226,14:27,495.00,495.00,474.00,474.00,400,28150
20210226,14:28,476.10,478.20,476.10,478.20,50,28275
20210226,14:29,470.90,470.90,470.90,470.90,50,28275
20210226,14:30,468.85,482.00,468.85,482.00,100,28275
20210226,14:31,484.55,484.55,484.55,484.55,25,28450
20210226,14:32,490.50,499.15,490.50,499.15,75,28450
20210226,14:33,495.00,506.60,495.00,506.60,200,28450
20210226,14:34,514.05,515.75,513.30,513.30,100,28325
20210226,14:36,505.00,505.00,505.00,505.00,50,28325
20210226,14:37,489.30,489.30,487.40,487.40,125,28975
20210226,14:38,480.00,484.25,480.00,484.25,375,28975
20210226,14:39,486.20,490.40,486.20,490.40,50,28975
20210226,14:40,477.10,482.35,477.10,482.35,175,28975
20210226,14:41,467.30,471.00,455.85,455.85,850,28975
20210226,14:42,441.60,442.35,430.40,439.10,1125,29050
20210226,14:43,433.85,433.85,414.80,425.50,1275,29050
20210226,14:44,433.25,433.25,424.70,424.70,1075,29050
20210226,14:45,421.30,424.00,412.85,423.85,2175,29025
20210226,14:46,422.05,423.30,408.10,408.10,775,29025
20210226,14:47,411.30,418.40,408.20,416.95,800,29025
20210226,14:48,416.85,417.50,406.00,412.60,1175,28850
20210226,14:49,411.25,411.25,406.75,408.35,1300,28850
20210226,14:50,413.00,432.65,413.00,424.70,350,28850
20210226,14:51,417.45,423.30,417.45,417.45,500,28450
20210226,14:52,421.25,445.65,421.25,444.30,575,28450
20210226,14:53,440.00,440.00,433.45,436.05,250,28450
20210226,14:54,436.10,441.95,433.50,433.50,275,28450
20210226,14:55,436.00,436.00,431.45,431.45,125,28175
20210226,14:56,430.25,438.90,430.25,438.90,175,28175
20210226,14:57,438.15,457.90,438.15,457.90,500,26900
20210226,14:58,456.40,456.40,444.90,450.85,200,26900
20210226,14:59,451.65,459.35,450.95,459.35,200,26900
20210226,15:00,459.75,507.35,459.75,507.35,550,25475
20210226,15:01,536.70,552.65,509.95,552.65,800,25475
20210226,15:02,549.50,573.80,547.00,563.40,900,25475
20210226,15:03,570.30,570.30,550.00,560.55,875,23875
20210226,15:04,563.60,589.15,560.90,589.15,600,23875
20210226,15:05,593.75,593.75,565.15,565.15,1975,23875
20210226,15:06,568.60,582.35,568.60,572.50,475,23175
20210226,15:07,575.80,600.00,573.95,600.00,225,23175
20210226,15:08,598.25,602.30,581.35,588.70,750,23175
20210226,15:09,587.00,595.00,585.00,585.00,1025,23250
20210226,15:10,587.90,616.05,587.90,614.60,2300,23250
20210226,15:11,618.50,618.50,598.60,602.60,400,23250
20210226,15:12,602.60,602.60,577.85,583.20,400,23275
20210226,15:13,583.35,583.35,566.00,566.00,175,23275
20210226,15:14,559.35,562.30,547.05,547.05,350,23275
20210226,15:15,563.00,567.45,563.00,565.60,125,23275
20210226,15:16,579.25,599.00,579.25,599.00,325,23150
20210226,15:17,594.05,609.00,594.05,609.00,250,23150
20210226,15:18,605.10,605.10,600.25,600.25,425,23150
20210226,15:19,608.65,608.65,591.10,591.10,425,22950
20210226,15:20,591.30,601.05,591.30,600.00,225,22950
20210226,15:21,606.60,614.00,606.60,614.00,1600,22875
20210226,15:22,614.55,614.55,607.70,608.05,2825,22875
20210226,15:23,611.15,614.55,609.05,614.45,450,22875
20210226,15:24,604.90,604.90,592.45,596.15,750,22925
20210226,15:25,594.90,601.00,594.00,598.75,400,22925
20210226,15:26,593.50,605.00,593.50,605.00,625,22925
20210226,15:27,599.50,599.50,587.00,587.00,950,22900
20210226,15:28,587.85,587.85,573.60,573.60,1800,22900
20210226,15:29,575.00,575.00,565.05,570.00,525,22900
20210226,15:30,568.00,568.00,568.00,568.00,125,22900
20210301,09:15,429.50,440.75,251.25,440.75,1027,24150
20210301,09:16,427.60,443.10,414.60,414.60,1900,24150
20210301,09:17,408.90,430.00,408.90,430.00,2000,24600
20210301,09:18,424.35,429.75,422.00,426.10,1575,24600
20210301,09:19,421.90,421.90,404.00,414.45,825,24600
20210301,09:20,411.25,411.25,384.70,392.45,825,24900
20210301,09:21,388.40,391.20,381.00,383.25,1000,24900
20210301,09:22,380.00,402.10,379.55,402.10,2050,24900
20210301,09:23,403.60,412.60,401.50,401.50,1775,25625
20210301,09:24,402.05,405.10,391.35,396.45,1575,25625
20210301,09:25,395.05,395.05,386.65,387.85,450,25625
20210301,09:26,387.80,395.00,382.80,394.00,1400,26950
20210301,09:27,389.45,403.25,389.45,400.10,1650,26950
20210301,09:28,402.45,422.20,401.75,421.20,2550,26950
20210301,09:29,421.90,434.35,420.00,420.00,1575,29000
20210301,09:30,420.35,448.05,419.60,444.40,1875,29000
20210301,09:31,443.85,443.85,436.95,439.90,1350,29000
20210301,09:32,442.20,497.95,440.00,484.45,2450,29400
20210301,09:33,477.40,479.95,459.30,459.30,650,29400
20210301,09:34,460.10,474.80,460.10,471.85,775,29400
20210301,09:35,457.70,459.65,431.55,437.95,700,29400
20210301,09:36,434.75,434.75,418.95,425.00,375,29400
20210301,09:37,421.25,422.70,408.60,417.80,1125,29400
20210301,09:38,411.20,418.50,407.60,407.60,575,29700
20210301,09:39,409.85,409.85,393.50,395.95,625,29700
20210301,09:40,395.60,401.35,390.00,390.05,550,29700
20210301,09:41,380.00,392.10,380.00,391.15,375,30225
20210301,09:42,393.55,402.05,390.00,390.00,300,30225
20210301,09:43,376.20,378.70,372.15,378.45,1200,30225
20210301,09:44,373.50,381.25,373.50,379.80,400,30775
20210301,09:45,367.30,369.40,360.00,361.75,550,30775
20210301,09:46,353.10,365.05,351.45,357.55,650,30775
20210301,09:47,356.60,357.30,340.00,340.00,1525,30725
20210301,09:48,344.70,353.05,341.60,353.05,1925,30725
20210301,09:49,350.35,350.35,347.45,347.45,300,30725
20210301,09:50,345.00,355.60,343.05,353.85,3100,33300
20210301,09:51,354.45,368.10,354.30,368.10,1075,33300
20210301,09:52,368.80,368.80,351.00,354.90,650,33300
20210301,09:53,356.45,363.40,350.00,363.40,425,33250
20210301,09:54,357.50,360.15,349.25,349.25,600,33250
20210301,09:55,349.40,362.30,342.20,359.75,1000,33250
20210301,09:56,357.55,358.55,350.95,358.55,250,34075
20210301,09:57,363.00,364.70,353.05,355.00,325,34075
20210301,09:58,356.55,373.75,356.50,370.35,425,34075
20210301,09:59,370.35,380.65,366.80,371.40,1250,34100
20210301,10:00,369.05,370.45,353.95,363.30,1700,34100
20210301,10:01,361.80,362.30,359.30,362.30,425,34100
20210301,10:02,362.40,370.15,358.95,370.15,300,35450
20210301,10:03,370.50,376.25,370.50,376.25,275,35450
20210301,10:04,372.10,372.10,361.60,365.40,250,35450
20210301,10:05,380.35,391.35,372.35,372.55,775,35825
20210301,10:06,375.65,383.35,375.65,382.50,250,35825
20210301,10:07,383.55,385.50,373.10,373.80,375,35825
20210301,10:08,377.50,377.50,365.05,375.00,375,35750
20210301,10:09,374.85,380.65,374.85,380.65,75,35750
20210301,10:10,373.95,374.95,368.65,374.95,125,35750
20210301,10:11,377.30,382.00,377.30,379.65,200,35675
20210301,10:13,371.40,373.90,371.40,373.90,100,35675
20210301,10:14,375.50,380.00,375.50,378.40,225,35800
20210301,10:15,375.35,375.35,366.90,371.10,275,35800
20210301,10:16,366.90,366.95,366.90,366.95,75,35800
20210301,10:17,365.00,365.60,357.70,357.70,550,36275
20210301,10:18,351.10,358.90,351.10,358.90,350,36275
20210301,10:19,363.85,363.85,359.60,359.60,100,36275
20210301,10:20,355.40,357.05,342.60,348.85,775,36150
20210301,10:21,347.50,349.70,343.10,346.55,425,36150
20210301,10:22,349.20,350.15,345.00,350.15,250,36150
20210301,10:24,347.45,347.45,340.00,344.00,425,36425
20210301,10:25,344.05,344.05,320.00,320.00,975,36425
20210301,10:26,321.00,321.00,314.30,319.70,550,36450
20210301,10:27,320.00,322.50,318.00,321.85,875,36450
20210301,10:28,325.00,328.00,318.00,318.00,425,36450
20210301,10:29,319.20,319.20,311.65,311.65,3800,35225
20210301,10:30,313.10,313.10,303.35,305.90,2700,35225
20210301,10:31,306.85,314.55,306.50,314.55,575,35225
20210301,10:32,315.00,315.00,311.00,314.20,100,34975
20210301,10:33,313.50,318.00,313.40,315.65,550,34975
20210301,10:34,317.55,317.55,317.55,317.55,25,34975
20210301,10:35,318.00,323.00,318.00,321.45,700,34975
20210301,10:36,323.85,325.80,319.05,319.05,375,35150
20210301,10:37,324.85,324.85,318.00,321.00,350,35150
20210301,10:38,319.50,322.55,319.50,320.40,150,35025
20210301,10:39,322.85,322.85,312.55,314.55,400,35025
20210301,10:40,311.80,311.80,298.80,303.00,1175,35025
20210301,10:41,301.90,305.90,301.90,304.40,575,35675
20210301,10:42,308.00,308.40,305.45,308.15,825,35675
20210301,10:43,312.25,314.00,310.95,311.95,225,35675
20210301,10:44,309.05,309.05,306.30,306.30,50,35450
20210301,10:45,314.00,315.15,311.70,315.10,275,35450
20210301,10:46,312.60,312.60,312.60,312.60,75,35450
20210301,10:47,317.65,319.70,314.30,318.80,300,35475
20210301,10:48,317.00,334.60,317.00,321.75,325,35475
20210301,10:49,331.25,331.25,323.00,323.00,175,35475
20210301,10:50,320.00,324.60,318.90,324.60,1675,35475
20210301,10:51,323.30,326.35,322.85,325.80,725,35475
20210301,10:52,329.80,330.25,325.80,325.80,175,35475
20210301,10:53,323.60,335.00,321.90,335.00,400,35000
20210301,10:54,335.20,337.75,330.30,337.75,275,35000
20210301,10:55,334.00,336.90,325.40,325.40,125,35000
20210301,10:56,326.60,326.60,321.35,322.00,125,35000
20210301,10:57,320.00,320.00,310.00,316.35,525,35000
20210301,10:58,318.25,320.25,314.25,314.40,575,35000
20210301,10:59,312.35,317.60,312.35,317.60,500,35250
20210301,11:00,318.20,318.20,306.15,310.25,450,35250
20210301,11:01,312.85,312.85,312.15,312.15,75,35250
20210301,11:02,320.00,326.30,318.75,323.20,425,35500
20210301,11:03,328.40,330.15,328.40,330.15,50,35500
20210301,11:04,327.95,329.45,325.30,326.55,400,35500
20210301,11:05,330.00,342.20,330.00,336.85,875,35550
20210301,11:06,333.75,336.35,329.55,336.35,250,35550
20210301,11:07,338.35,338.35,331.00,331.00,525,35550
20210301,11:08,329.05,333.10,328.85,331.40,200,35150
20210301,11:09,331.30,334.90,322.95,322.95,225,35150
20210301,11:10,320.00,320.00,315.10,316.60,600,35150
20210301,11:11,327.75,329.60,326.75,329.60,575,34950
20210301,11:12,329.05,331.60,326.05,327.00,625,34950
20210301,11:13,328.30,329.00,322.95,326.15,725,34950
20210301,11:14,331.80,332.65,329.95,329.95,350,35025
20210301,11:15,329.30,336.70,325.50,332.70,925,35025
20210301,11:16,333.20,339.55,333.20,335.95,500,35025
20210301,11:17,337.50,339.65,334.90,338.05,325,34975
20210301,11:18,338.95,339.00,332.70,336.10,800,34975
20210301,11:19,336.10,343.95,336.10,343.95,500,34975
20210301,11:20,343.00,358.60,343.00,355.25,800,34575
20210301,11:21,359.65,359.65,354.25,354.25,100,34575
20210301,11:22,350.45,354.70,350.45,354.05,275,34575
20210301,11:23,351.85,352.25,344.30,347.95,425,34425
20210301,11:24,350.70,357.60,349.15,357.60,725,34425
20210301,11:25,357.75,363.55,355.35,355.35,575,34425
20210301,11:26,351.50,351.75,349.60,351.75,100,34150
20210301,11:27,345.60,348.60,340.40,340.40,600,34150
20210301,11:28,343.45,348.00,343.45,348.00,500,34150
20210301,11:29,348.65,352.95,348.65,352.95,75,33525
20210301,11:30,352.15,368.70,352.15,361.10,550,33525
20210301,11:31,360.00,360.00,351.30,351.30,100,33525
20210301,11:32,352.65,353.95,352.65,353.95,50,33525
20210301,11:33,357.00,358.45,353.30,353.30,125,33600
20210301,11:34,350.00,350.00,348.30,349.80,100,33600
20210301,11:35,350.80,350.80,335.15,340.75,1700,33575
20210301,11:36,340.85,341.10,324.00,324.00,700,33575
20210301,11:37,325.00,327.35,322.65,322.65,275,33575
20210301,11:38,333.80,338.05,333.20,338.05,200,33875
20210301,11:39,338.05,340.25,338.05,340.25,75,33875
20210301,11:40,351.65,368.55,351.65,368.55,550,33875
20210301,11:41,369.80,386.75,363.15,386.35,2575,33525
20210301,11:42,380.50,380.50,372.45,378.05,300,33525
20210301,11:43,378.30,380.00,370.05,370.05,325,33525
20210301,11:44,375.00,396.90,375.00,392.60,650,33625
20210301,11:45,393.20,407.45,393.20,400.00,1025,33625
20210301,11:46,406.10,406.10,400.10,401.25,875,33625
20210301,11:47,400.20,403.25,391.05,403.25,1175,33200
20210301,11:48,410.90,410.90,396.00,396.20,375,33200
20210301,11:49,396.00,400.90,389.70,391.75,500,33200
20210301,11:50,403.75,403.75,381.25,383.55,1425,32625
20210301,11:51,380.70,390.75,380.70,388.60,275,32625
20210301,11:52,389.95,393.60,389.95,390.05,100,32625
20210301,11:53,392.20,393.40,390.90,393.40,225,32425
20210301,11:54,399.95,403.55,389.95,402.25,525,32425
20210301,11:55,403.70,418.40,401.25,401.25,525,32425
20210301,11:56,401.25,407.85,401.25,406.35,125,32425
20210301,11:57,407.30,408.75,403.10,403.10,450,32650
20210301,11:58,406.05,408.10,403.70,403.70,75,32650
20210301,11:59,400.25,417.15,400.25,412.90,425,32550
20210301,12:00,414.70,420.15,402.55,402.55,325,32550
20210301,12:01,404.65,407.00,398.30,407.00,150,32550
20210301,12:03,413.45,415.45,413.45,415.00,325,32350
20210301,12:04,413.70,420.00,411.90,420.00,100,32350
20210301,12:05,429.80,436.05,429.80,435.05,525,32350
20210301,12:06,427.70,429.65,418.60,420.25,500,32500
20210301,12:07,422.35,422.35,409.80,410.80,450,32500
20210301,12:08,402.40,410.15,401.85,407.00,325,32500
20210301,12:09,412.00,413.60,412.00,413.60,75,32600
20210301,12:10,417.35,417.35,417.35,417.35,25,32600
20210301,12:11,414.95,414.95,404.35,404.35,275,32600
20210301,12:12,408.50,408.50,397.65,400.20,350,32725
20210301,12:13,404.45,404.45,400.00,400.00,125,32725
20210301,12:14,402.00,407.00,392.40,394.30,500,32725
20210301,12:15,390.05,405.00,388.25,405.00,425,32550
20210301,12:16,408.00,413.20,408.00,410.00,200,32550
20210301,12:17,413.05,415.25,413.05,414.00,150,32550
20210301,12:18,409.65,416.20,409.65,416.20,100,32400
20210301,12:19,419.75,420.50,413.50,417.70,800,32400
20210301,12:20,421.20,425.95,415.90,417.60,325,32400
20210301,12:21,413.20,413.20,410.65,411.60,125,32225
20210301,12:22,412.35,413.70,412.35,413.70,50,32225
20210301,12:23,414.00,429.65,414.00,429.15,225,32225
20210301,12:24,436.50,445.50,436.50,443.15,975,32075
20210301,12:25,447.25,448.00,434.90,439.20,1000,32075
20210301,12:26,438.35,438.50,429.95,431.55,275,32075
20210301,12:27,429.05,434.75,429.05,431.15,125,31700
20210301,12:28,434.90,452.60,434.90,452.60,300,31700
20210301,12:29,448.05,467.85,448.05,463.40,1250,31700
20210301,12:30,464.60,470.75,453.05,464.10,800,32125
20210301,12:31,462.35,462.60,444.15,444.15,950,32125
20210301,12:32,446.85,455.55,446.85,455.55,225,32125
20210301,12:33,455.55,458.90,454.80,454.80,125,31550
20210301,12:34,457.75,463.25,454.30,460.00,975,31550
20210301,12:35,462.00,466.70,446.00,446.00,350,31550
20210301,12:36,447.80,447.80,419.40,420.55,1375,31800
20210301,12:37,420.55,430.60,420.55,428.85,200,31800
20210301,12:38,428.60,435.35,428.60,432.70,425,31800
20210301,12:39,433.70,442.35,433.70,442.35,50,31325
20210301,12:40,449.25,449.25,438.10,438.10,200,31325
20210301,12:41,437.45,438.20,433.10,438.20,550,31325
20210301,12:42,439.30,443.65,434.40,443.65,475,31525
20210301,12:43,442.60,454.60,442.60,443.00,700,31525
20210301,12:44,440.80,442.40,432.75,435.90,350,31525
20210301,12:45,434.15,434.15,405.35,410.35,875,31650
20210301,12:46,412.60,416.65,404.75,404.75,475,31650
20210301,12:47,398.90,403.10,397.35,397.35,500,31650
20210301,12:48,393.10,393.45,372.90,381.70,550,31850
20210301,12:49,383.45,393.75,381.05,393.10,2550,31850
20210301,12:50,393.30,397.95,383.85,387.20,700,31850
20210301,12:51,388.00,392.80,387.20,387.20,500,32050
20210301,12:52,383.35,387.00,380.25,387.00,825,32050
20210301,12:53,390.90,399.95,389.90,391.10,1450,32050
20210301,12:54,393.45,396.40,384.80,393.40,1450,32800
20210301,12:55,395.75,404.00,394.05,397.95,650,32800
20210301,12:56,393.85,401.45,393.85,401.45,350,32800
20210301,12:57,398.75,400.65,398.20,400.65,500,33725
20210301,12:58,404.50,408.30,404.50,405.05,400,33725
20210301,12:59,410.00,410.00,395.35,402.00,550,33725
20210301,13:00,395.30,397.00,395.30,395.95,175,33950
20210301,13:01,395.80,395.80,367.55,367.55,500,33950
20210301,13:02,369.55,369.55,355.60,357.60,975,33950
20210301,13:03,360.00,364.95,358.30,364.95,450,33850
20210301,13:04,364.90,365.90,364.90,365.10,175,33850
20210301,13:05,359.55,359.55,346.55,346.55,1400,33850
20210301,13:06,345.95,353.95,345.95,353.95,400,34300
20210301,13:07,356.00,361.65,356.00,361.65,250,34300
20210301,13:08,362.20,365.05,359.90,360.45,1325,34300
20210301,13:09,365.40,367.90,356.70,356.70,325,35025
20210301,13:10,357.80,357.80,357.80,357.80,25,35025
20210301,13:11,363.50,363.50,360.75,362.35,325,35025
20210301,13:12,368.80,369.25,364.15,364.35,125,35150
20210301,13:13,363.85,363.85,352.60,352.60,200,35150
20210301,13:14,354.15,355.60,344.85,355.60,475,35150
20210301,13:15,351.85,351.85,339.30,345.20,650,35375
20210301,13:16,345.60,356.35,345.00,356.35,300,35375
20210301,13:17,357.75,359.45,357.75,359.45,150,35375
20210301,13:18,369.40,369.60,365.00,368.15,400,35400
20210301,13:19,366.00,366.00,364.55,365.15,150,35400
20210301,13:20,364.60,382.50,364.60,373.40,850,35400
20210301,13:21,372.30,375.45,365.85,365.85,400,35300
20210301,13:22,376.05,376.05,375.10,375.10,75,35300
20210301,13:23,370.25,373.60,369.10,369.10,125,35300
20210301,13:24,365.45,366.30,363.00,366.30,75,35300
20210301,13:25,365.00,367.05,353.75,356.35,475,35300
20210301,13:26,350.00,350.00,345.00,345.00,150,35300
20210301,13:27,345.65,354.65,345.65,354.65,225,35100
20210301,13:28,348.65,350.60,347.30,348.55,275,35100
20210301,13:29,349.00,349.00,338.00,338.00,1575,35100
20210301,13:30,335.05,337.40,314.35,320.00,1500,35100
20210301,13:31,319.55,323.65,319.55,323.65,275,35100
20210301,13:32,324.45,329.95,320.45,323.00,650,35100
20210301,13:33,320.30,321.75,318.20,318.20,250,35125
20210301,13:34,328.80,328.80,324.05,324.05,75,35125
20210301,13:35,328.95,336.50,328.95,336.50,550,35125
20210301,13:36,331.35,339.90,329.75,339.90,275,35075
20210301,13:37,336.70,336.70,331.45,333.95,275,35075
20210301,13:38,334.40,334.40,333.05,333.05,1675,35075
20210301,13:39,332.65,332.65,319.55,319.55,375,35775
20210301,13:40,316.95,319.05,310.00,312.50,850,35775
20210301,13:41,310.00,310.00,303.05,310.00,1000,35775
20210301,13:42,310.00,313.10,308.55,311.40,425,35000
20210301,13:43,314.35,315.65,312.00,315.65,425,35000
20210301,13:44,316.65,322.75,313.90,319.65,475,35000
20210301,13:45,316.25,316.25,309.60,314.00,325,34750
20210301,13:46,320.00,332.90,320.00,332.90,325,34750
20210301,13:47,330.10,335.90,329.20,335.00,425,34750
20210301,13:48,326.05,332.85,326.05,329.00,75,34675
20210301,13:49,327.95,333.95,327.95,333.95,200,34675
20210301,13:50,329.10,329.25,324.85,327.15,225,34675
20210301,13:51,333.95,338.90,333.95,338.85,225,34900
20210301,13:52,335.75,338.90,330.00,330.00,675,34900
20210301,13:53,331.90,331.90,325.05,325.05,100,34900
20210301,13:54,328.90,330.30,326.85,326.85,125,35175
20210301,13:55,332.95,335.60,330.90,335.55,375,35175
20210301,13:56,337.00,337.00,332.00,336.00,275,35175
20210301,13:57,338.40,346.35,336.25,346.35,425,35300
20210301,13:58,343.25,343.25,340.95,341.00,275,35300
20210301,13:59,343.70,350.25,343.70,347.05,125,35300
20210301,14:00,340.00,340.35,335.00,338.85,225,35200
20210301,14:01,338.30,338.30,329.10,331.70,300,35200
20210301,14:02,325.05,327.60,325.05,327.60,125,35200
20210301,14:03,325.40,326.95,320.00,326.95,200,34925
20210301,14:04,325.20,325.20,320.45,324.00,400,34925
20210301,14:05,320.45,322.75,315.30,317.35,350,34925
20210301,14:06,315.60,324.95,315.60,324.95,100,35100
20210301,14:07,318.25,318.95,317.50,318.95,175,35100
20210301,14:08,319.85,319.85,315.90,315.90,75,35100
20210301,14:09,318.25,325.00,318.25,324.85,225,35025
20210301,14:10,325.05,325.05,321.95,321.95,50,35025
20210301,14:11,319.55,319.55,319.55,319.55,50,35025
20210301,14:12,322.45,322.45,319.55,319.55,150,34950
20210301,14:13,312.55,312.55,312.55,312.55,50,34950
20210301,14:14,323.25,330.00,322.95,330.00,250,34950
20210301,14:15,326.00,338.75,326.00,329.20,850,35350
20210301,14:16,330.00,330.00,318.45,318.45,175,35350
20210301,14:17,314.55,314.55,314.55,314.55,25,35350
20210301,14:18,314.15,319.25,314.15,319.25,125,35350
20210301,14:20,328.00,337.00,328.00,337.00,1050,35125
20210301,14:21,334.55,346.70,333.80,342.60,275,35750
20210301,14:22,341.30,353.00,338.80,344.30,825,35750
20210301,14:23,340.80,350.00,340.30,350.00,950,35750
20210301,14:24,352.10,352.10,339.15,348.65,750,36375
20210301,14:25,349.00,352.60,340.15,345.70,1475,36375
20210301,14:26,345.10,348.60,343.45,346.55,300,36375
20210301,14:27,350.00,351.05,347.25,347.25,250,36175
20210301,14:28,349.50,349.55,341.85,343.00,1825,36175
20210301,14:29,349.70,365.20,349.70,365.20,750,36175
20210301,14:30,361.00,361.00,338.20,338.20,1550,36600
20210301,14:31,337.35,337.35,309.35,319.55,1200,36600
20210301,14:32,320.50,326.20,320.50,322.05,775,36600
20210301,14:33,319.95,322.95,319.90,322.40,1350,37575
20210301,14:34,319.75,326.95,319.75,326.95,325,37575
20210301,14:35,322.25,325.70,317.85,321.40,375,37575
20210301,14:36,324.85,326.90,323.05,326.30,275,37775
20210301,14:37,326.30,326.30,322.90,322.90,400,37775
20210301,14:38,328.60,328.60,320.00,320.00,75,37775
20210301,14:39,324.55,324.95,322.30,324.95,175,37600
20210301,14:40,323.60,327.85,323.60,327.85,50,37600
20210301,14:41,325.75,326.65,325.75,326.65,50,37600
20210301,14:42,322.00,322.00,312.55,313.10,550,37500
20210301,14:43,312.65,320.70,312.65,320.70,75,37500
20210301,14:44,316.90,322.00,316.90,321.15,325,37500
20210301,14:45,329.25,341.25,328.35,341.25,250,37750
20210301,14:46,340.30,346.50,334.95,346.50,475,37750
20210301,14:47,341.20,345.15,339.15,345.10,350,37750
20210301,14:48,342.30,342.30,338.15,338.65,175,37625
20210301,14:49,345.30,345.30,345.30,345.30,50,37625
20210301,14:50,343.40,349.90,341.10,348.35,200,37625
20210301,14:51,347.25,347.25,347.25,347.25,25,37625
20210301,14:52,342.30,358.70,342.30,357.10,1675,37650
20210301,14:53,358.55,371.40,356.75,371.40,525,37650
20210301,14:54,369.50,371.75,368.30,369.45,375,37475
20210301,14:55,367.20,367.20,358.80,361.25,275,37475
20210301,14:56,357.90,360.95,351.00,351.00,600,37475
20210301,14:57,349.35,360.40,349.35,360.40,150,37325
20210301,14:58,364.70,364.95,356.05,356.05,175,37325
20210301,14:59,358.60,361.95,351.25,352.45,1275,37325
20210301,15:00,348.70,348.70,320.00,323.05,675,37125
20210301,15:01,331.90,335.20,328.00,335.20,700,37125
20210301,15:02,332.80,334.75,331.50,334.75,300,37125
20210301,15:03,339.10,339.15,335.00,336.35,200,37000
20210301,15:04,343.00,345.40,342.90,345.40,75,37000
20210301,15:05,339.70,348.00,339.70,343.15,125,37000
20210301,15:06,347.30,347.40,336.60,336.70,475,36950
20210301,15:07,337.60,339.95,330.00,337.05,800,36950
20210301,15:08,334.95,338.30,334.95,338.30,250,36950
20210301,15:09,336.00,337.65,333.00,337.65,250,36200
20210301,15:10,337.00,340.45,335.65,339.70,125,36200
20210301,15:11,338.45,340.00,338.45,340.00,175,36200
20210301,15:12,334.00,334.00,334.00,334.00,25,36150
20210301,15:13,333.60,334.50,324.45,324.45,600,36150
20210301,15:14,326.90,326.90,309.25,312.55,550,36150
20210301,15:15,314.50,316.65,313.50,316.65,625,35850
20210301,15:16,313.35,314.00,307.50,308.95,850,35850
20210301,15:17,309.70,312.30,301.75,302.00,825,35850
20210301,15:18,301.00,305.10,300.50,305.05,800,35375
20210301,15:19,304.90,306.80,302.20,306.05,500,35375
20210301,15:20,305.50,321.95,305.50,321.95,650,35375
20210301,15:21,314.10,318.00,314.10,318.00,625,35800
20210301,15:22,317.30,319.90,309.15,314.40,1175,35800
20210301,15:23,314.50,315.30,310.00,312.55,850,35800
20210301,15:24,312.70,312.70,305.50,306.80,1375,35050
20210301,15:25,307.15,307.15,301.80,302.70,1500,35050
20210301,15:26,304.60,305.40,302.00,302.80,1600,35050
20210301,15:27,306.75,309.05,303.70,303.70,1675,33875
20210301,15:28,303.70,306.35,302.05,302.05,425,33875
20210301,15:29,303.75,305.00,300.30,301.00,1075,33875
20210302,09:15,292.80,297.75,272.65,288.30,2827,33875
20210302,09:16,284.50,288.40,250.00,263.60,3800,33875
20210302,09:17,260.25,265.00,251.05,264.10,2725,33975
20210302,09:18,261.60,267.60,249.80,251.95,3225,33975
20210302,09:19,253.75,253.75,243.40,244.05,1600,33975
20210302,09:20,244.35,244.35,227.40,228.35,4750,37925
20210302,09:21,227.20,230.85,225.00,227.95,1125,37925
20210302,09:22,226.65,231.90,226.65,230.00,1875,37925
20210302,09:23,230.30,231.35,227.00,227.75,1425,40525
20210302,09:24,227.30,228.75,222.70,227.25,2725,40525
20210302,09:25,223.85,228.95,221.00,223.55,1550,40525
20210302,09:26,226.20,231.85,225.90,226.05,1000,38800
20210302,09:27,225.80,227.75,220.80,220.80,325,38800
20210302,09:28,220.80,222.30,219.05,221.50,1575,38800
20210302,09:29,221.30,221.50,210.50,210.50,2300,39250
20210302,09:30,208.95,208.95,201.00,204.10,1975,39250
20210302,09:31,203.60,210.00,202.35,207.00,1775,39250
20210302,09:32,207.70,208.65,201.80,206.15,1050,40150
20210302,09:33,207.20,215.30,203.55,212.60,850,40150
20210302,09:34,208.05,216.75,208.00,215.20,1500,40150
20210302,09:35,216.45,222.20,213.15,219.70,1425,40300
20210302,09:36,219.50,227.35,218.60,224.85,875,40300
20210302,09:37,224.95,228.40,222.80,227.00,500,40300
20210302,09:38,227.05,228.25,222.65,227.70,625,40550
20210302,09:39,230.00,233.70,225.65,228.05,1100,40550
20210302,09:40,232.60,234.00,227.65,227.65,375,40550
20210302,09:41,227.55,233.00,223.90,232.15,975,39900
20210302,09:42,234.70,237.90,232.05,232.05,525,39900
20210302,09:43,236.15,239.20,231.70,235.50,2525,39900
20210302,09:44,235.85,236.65,229.45,233.55,850,41650
20210302,09:45,235.90,251.60,235.90,250.25,2925,41650
20210302,09:46,250.00,257.40,247.25,257.40,1625,41650
20210302,09:47,254.65,255.40,246.65,246.65,950,42625
20210302,09:48,247.45,247.45,239.75,239.75,425,42625
20210302,09:49,241.30,253.00,241.30,253.00,525,42625
20210302,09:50,252.25,252.25,241.35,241.35,775,43200
20210302,09:51,241.30,241.35,233.45,237.40,600,43200
20210302,09:52,238.55,243.00,237.70,240.45,775,43200
20210302,09:53,242.85,242.85,239.30,239.30,1550,44000
20210302,09:54,238.10,242.85,236.25,236.25,1050,44000
20210302,09:55,233.25,233.25,221.45,222.35,1325,44000
20210302,09:56,222.35,227.00,222.35,225.75,1250,44225
20210302,09:57,229.75,230.00,224.20,228.20,1300,44225
20210302,09:58,226.80,230.00,224.55,230.00,300,44225
20210302,09:59,228.95,235.30,227.65,235.15,225,44775
20210302,10:00,230.65,230.65,222.00,222.00,325,44775
20210302,10:01,222.15,223.40,216.15,217.90,400,44775
20210302,10:02,219.25,220.50,215.00,218.00,750,45550
20210302,10:03,217.05,217.95,215.00,217.95,900,45550
20210302,10:04,217.75,219.45,216.95,217.00,650,45550
20210302,10:05,213.10,213.10,202.90,202.90,1625,45400
20210302,10:06,202.35,208.50,201.50,208.50,425,45400
20210302,10:07,208.95,213.90,208.65,210.70,325,45400
20210302,10:08,214.00,214.05,210.20,214.05,175,45475
20210302,10:09,215.40,218.65,215.20,215.20,675,45475
20210302,10:10,211.60,211.60,207.45,209.90,325,45475
20210302,10:11,212.65,215.70,212.65,214.50,475,45200
20210302,10:12,213.60,213.60,209.60,211.10,300,45200
20210302,10:13,211.50,214.25,211.15,211.25,250,45200
20210302,10:14,212.45,212.45,209.30,209.30,300,45175
20210302,10:15,209.85,211.05,206.30,211.05,875,45175
20210302,10:16,213.90,214.85,210.90,214.85,1400,45175
20210302,10:17,213.90,224.90,213.90,221.65,775,45925
20210302,10:18,222.10,230.00,222.10,226.75,1125,45925
20210302,10:19,224.85,231.55,223.70,223.70,325,45925
20210302,10:20,227.10,230.00,223.35,226.00,6675,45975
20210302,10:21,226.75,230.00,226.00,228.55,525,45975
20210302,10:22,230.70,232.30,229.15,231.55,275,45975
20210302,10:23,231.55,231.55,228.65,230.00,425,49000
20210302,10:24,229.25,229.25,224.45,225.60,550,49000
20210302,10:25,228.65,229.00,218.35,218.35,425,49000
20210302,10:26,218.85,218.85,211.60,214.35,525,49125
20210302,10:27,212.35,215.20,211.80,215.20,375,49125
20210302,10:28,214.15,217.90,214.15,216.50,250,49125
20210302,10:29,215.25,219.45,215.25,219.45,625,49375
20210302,10:30,222.55,238.45,222.55,236.45,1175,49375
20210302,10:31,239.35,239.35,235.50,236.85,475,49375
20210302,10:32,237.10,239.60,234.95,239.60,375,49825
20210302,10:33,240.60,241.10,240.00,241.10,325,49825
20210302,10:34,241.00,244.00,235.15,235.65,1000,49825
20210302,10:35,238.95,249.00,238.95,239.15,2100,49975
20210302,10:36,240.85,250.05,240.85,248.90,1225,49975
20210302,10:37,249.00,257.00,247.90,248.85,1750,49975
20210302,10:38,248.25,254.40,248.25,253.50,1225,49425
20210302,10:39,254.75,255.15,249.50,249.50,1500,49425
20210302,10:40,252.30,268.70,251.60,264.95,1625,49425
20210302,10:41,264.95,264.95,256.00,260.30,900,49550
20210302,10:42,257.20,257.20,252.85,252.85,300,49550
20210302,10:43,252.35,256.15,249.25,250.10,6550,49550
20210302,10:44,251.35,259.40,251.35,256.65,1000,50750
20210302,10:45,258.55,265.15,258.55,259.55,2450,50750
20210302,10:46,260.00,260.00,251.55,253.45,1850,50750
20210302,10:47,254.20,262.75,253.20,261.30,750,48825
20210302,10:48,262.00,268.00,262.00,268.00,875,48825
20210302,10:49,270.60,271.75,264.65,264.65,600,48825
20210302,10:50,267.90,274.90,267.90,274.90,3250,51600
20210302,10:51,277.75,286.05,277.20,278.25,1850,51600
20210302,10:52,279.30,279.30,273.50,273.75,1200,51600
20210302,10:53,273.90,274.05,266.95,268.20,1925,52550
20210302,10:54,267.75,273.95,267.20,273.95,700,52550
20210302,10:55,274.25,284.25,274.25,276.95,1525,52550
20210302,10:56,275.60,275.95,268.25,269.70,2400,53150
20210302,10:57,271.10,271.10,262.25,264.00,475,53150
20210302,10:58,266.80,270.00,264.15,265.00,800,53150
20210302,10:59,262.65,264.00,259.55,260.40,1200,53075
20210302,11:00,261.45,261.75,253.00,254.45,1525,53075
20210302,11:01,253.50,259.55,253.00,258.60,750,53075
20210302,11:02,261.35,268.15,260.80,268.15,625,53675
20210302,11:03,266.35,266.35,262.95,264.95,300,53675
20210302,11:04,263.05,265.20,262.40,265.20,475,53675
20210302,11:05,265.00,275.65,265.00,274.05,825,54650
20210302,11:06,272.25,285.00,272.25,285.00,1200,54650
20210302,11:07,290.80,300.45,289.95,294.25,1850,54650
20210302,11:08,293.60,306.60,293.60,305.00,1350,55225
20210302,11:09,299.65,304.45,297.05,297.05,7700,55225
20210302,11:10,300.40,313.70,300.40,309.50,3475,55225
20210302,11:11,312.10,312.10,293.35,296.30,4725,55275
20210302,11:12,298.60,299.55,293.90,295.15,4725,55275
20210302,11:13,294.65,295.85,289.10,290.00,2050,55275
20210302,11:14,290.00,317.80,290.00,316.80,925,56425
20210302,11:15,315.05,347.80,315.05,342.00,5975,56425
20210302,11:16,341.00,358.00,337.85,347.25,6375,56425
20210302,11:17,346.10,352.70,343.80,347.90,4400,56650
20210302,11:18,348.00,350.00,327.90,334.00,3375,56650
20210302,11:19,335.25,366.30,334.95,359.25,1775,56650
20210302,11:20,367.80,368.00,341.55,342.00,4925,56575
20210302,11:21,340.85,346.25,338.00,339.20,1400,56575
20210302,11:22,337.15,345.65,337.15,341.80,675,56575
20210302,11:23,340.45,340.45,328.85,330.00,525,56775
20210302,11:24,330.10,336.50,328.65,336.50,300,56775
20210302,11:25,329.40,334.60,325.00,332.80,1850,56775
20210302,11:26,332.70,332.70,315.00,319.25,1575,56825
20210302,11:27,318.80,331.60,317.35,331.20,750,56825
20210302,11:28,333.50,336.95,329.85,332.35,3775,56825
20210302,11:29,331.25,335.95,329.00,335.95,2700,57100
20210302,11:30,335.50,339.60,326.60,332.30,7275,57100
20210302,11:31,334.60,349.45,334.60,342.90,1900,57100
20210302,11:32,346.50,346.80,330.00,331.95,875,57000
20210302,11:33,329.45,333.20,317.35,321.65,1375,57000
20210302,11:34,322.90,326.55,316.75,317.05,750,57000
20210302,11:35,318.75,323.45,317.70,319.00,500,56850
20210302,11:36,313.55,321.30,310.00,310.00,200,56850
20210302,11:37,308.65,313.80,307.30,307.30,925,56850
20210302,11:38,308.60,309.55,301.65,301.65,3350,54175
20210302,11:39,302.20,303.50,293.45,303.50,1550,54175
20210302,11:40,307.60,309.75,288.60,294.10,800,54175
20210302,11:41,293.10,300.15,293.10,298.70,975,53375
20210302,11:42,296.80,304.65,293.05,304.65,2475,53375
20210302,11:43,300.55,311.95,300.55,307.25,900,53375
20210302,11:44,309.10,312.55,305.00,305.00,925,53075
20210302,11:45,298.55,298.55,278.00,280.55,3550,53075
20210302,11:46,275.80,280.00,275.00,277.45,1400,53075
20210302,11:47,278.45,283.80,278.45,280.50,650,53075
20210302,11:48,279.00,283.55,275.15,283.05,1375,53175
20210302,11:49,280.50,285.00,280.00,282.75,375,53175
20210302,11:50,281.50,281.50,273.85,275.35,1150,50725
20210302,11:51,275.85,281.45,275.45,280.40,250,50725
20210302,11:52,282.35,288.90,280.15,284.35,1875,50725
20210302,11:53,284.55,293.00,283.50,293.00,375,50725
20210302,11:54,293.00,293.00,288.00,288.00,475,50825
20210302,11:55,287.20,298.70,287.20,298.70,475,50825
20210302,11:56,298.15,300.15,294.35,297.45,1150,50825
20210302,11:57,291.75,298.85,291.75,298.55,325,52175
20210302,11:58,295.70,296.45,295.70,296.40,150,52175
20210302,11:59,296.40,299.05,290.50,290.50,825,52175
20210302,12:00,293.55,296.70,293.15,294.85,375,52625
20210302,12:01,295.05,312.50,295.05,312.50,2875,52625
20210302,12:02,310.45,320.00,309.55,317.85,1300,52625
20210302,12:03,319.55,327.90,319.55,324.00,775,53625
20210302,12:04,323.05,323.10,316.90,322.15,775,53625
20210302,12:05,324.55,324.55,323.70,324.55,175,53625
20210302,12:06,324.55,326.95,314.00,316.70,525,53475
20210302,12:07,314.95,325.95,314.95,325.95,300,53475
20210302,12:08,322.45,324.00,318.55,319.05,350,53475
20210302,12:09,324.75,330.00,323.95,330.00,300,54950
20210302,12:10,333.85,333.85,322.60,322.60,675,54950
20210302,12:11,322.80,323.35,318.85,322.55,575,54950
20210302,12:12,321.15,321.15,314.10,314.50,850,54275
20210302,12:13,314.70,314.70,308.80,312.90,500,54275
20210302,12:14,307.45,307.45,297.50,297.50,800,54275
20210302,12:15,294.35,294.35,285.30,285.30,1050,54925
20210302,12:16,286.85,290.35,285.50,289.75,250,54925
20210302,12:17,288.90,288.90,276.00,278.35,1100,54925
20210302,12:18,280.70,287.45,280.70,287.45,200,54950
20210302,12:19,283.30,284.65,280.80,280.80,375,54950
20210302,12:20,283.85,288.00,282.00,288.00,325,54950
20210302,12:21,289.75,293.00,289.75,293.00,725,54575
20210302,12:22,296.30,296.30,292.45,292.45,125,54575
20210302,12:23,296.35,307.75,296.35,304.65,1175,54575
20210302,12:24,308.00,313.50,308.00,310.50,375,54750
20210302,12:25,310.00,310.25,305.00,306.25,525,54750
20210302,12:26,308.00,319.90,308.00,316.55,925,54750
20210302,12:27,312.95,316.60,312.50,312.50,425,54900
20210302,12:28,308.35,309.85,305.00,307.10,500,54900
20210302,12:29,309.10,312.65,307.00,308.75,675,54900
20210302,12:30,314.90,317.95,310.00,312.45,625,55075
20210302,12:31,309.35,309.35,295.35,297.45,800,55075
20210302,12:32,294.20,298.70,287.45,298.70,1725,55075
20210302,12:33,297.60,297.60,293.10,293.10,75,55800
20210302,12:34,293.60,293.60,287.80,287.80,50,55800
20210302,12:35,291.75,300.20,291.00,298.40,975,55800
20210302,12:36,300.45,320.00,300.35,318.05,1600,55325
20210302,12:37,322.55,328.40,320.00,327.90,1150,55325
20210302,12:38,325.05,325.05,321.65,321.65,300,55325
20210302,12:39,319.90,324.95,317.55,317.55,1725,55300
20210302,12:40,318.05,325.50,317.25,318.05,2150,55300
20210302,12:41,313.00,319.60,312.25,316.55,1150,55300
20210302,12:42,315.15,315.15,301.60,306.70,975,55675
20210302,12:43,306.70,311.95,306.70,310.90,350,55675
20210302,12:44,309.45,317.00,308.00,316.65,475,55675
20210302,12:45,320.80,320.80,311.00,311.00,775,56275
20210302,12:46,310.55,327.80,310.55,327.80,525,56275
20210302,12:47,329.50,329.50,320.15,325.95,875,56275
20210302,12:48,326.20,334.85,326.05,329.90,575,56775
20210302,12:49,327.15,328.35,321.15,321.60,1475,56775
20210302,12:50,330.20,340.00,329.80,332.15,1900,56775
20210302,12:51,333.00,334.15,317.95,320.50,950,57050
20210302,12:52,320.15,322.10,313.00,313.00,700,57050
20210302,12:53,313.75,313.75,305.00,308.95,575,57050
20210302,12:54,310.40,316.35,310.40,312.85,750,57250
20210302,12:55,310.00,314.15,306.05,314.15,600,57250
20210302,12:56,317.10,324.65,317.10,324.65,675,57250
20210302,12:57,317.10,320.25,313.50,313.50,575,57250
20210302,12:58,312.85,314.10,310.10,314.10,525,57250
20210302,12:59,310.85,310.85,308.10,310.35,1425,57250
20210302,13:00,305.00,305.00,295.00,295.00,1200,57250
20210302,13:01,291.10,295.80,287.85,295.80,325,57250
20210302,13:02,297.75,304.00,296.50,304.00,950,57250
20210302,13:03,302.60,314.20,301.65,314.20,625,57100
20210302,13:04,314.80,314.80,311.50,311.50,250,57100
20210302,13:05,314.70,320.90,314.30,315.40,1525,57100
20210302,13:06,311.40,311.40,305.90,308.20,1375,56775
20210302,13:07,309.15,313.20,305.60,307.80,600,56775
20210302,13:08,310.35,310.35,304.55,304.55,100,56775
20210302,13:09,303.75,303.75,303.65,303.65,75,57300
20210302,13:10,303.85,304.65,301.30,304.65,125,57300
20210302,13:11,310.55,317.45,310.55,317.45,175,57300
20210302,13:12,316.45,330.00,316.45,329.10,525,57500
20210302,13:13,326.75,326.75,326.75,326.75,25,57500
20210302,13:14,323.90,323.90,322.30,322.30,75,57500
20210302,13:15,321.00,332.00,321.00,330.00,200,57575
20210302,13:16,324.30,332.20,324.30,325.15,400,57575
20210302,13:17,319.30,319.30,312.00,312.00,225,57575
20210302,13:18,313.35,314.15,313.35,314.15,75,58000
20210302,13:19,310.00,310.00,302.00,305.55,225,58000
20210302,13:21,309.90,311.65,308.15,310.75,350,59975
20210302,13:22,319.15,323.85,318.10,321.85,550,59975
20210302,13:23,322.60,328.00,322.00,327.25,450,59975
20210302,13:24,325.60,325.60,322.95,323.95,325,60850
20210302,13:25,326.70,327.55,318.10,318.10,575,60850
20210302,13:26,324.85,329.10,320.20,320.20,375,60850
20210302,13:27,319.95,321.20,314.60,318.80,825,60500
20210302,13:28,315.10,322.50,310.90,322.50,275,60500
20210302,13:29,323.55,327.50,321.60,327.50,900,60500
20210302,13:30,325.60,328.30,321.05,322.85,2175,60600
20210302,13:31,319.90,336.35,316.70,334.10,1675,60600
20210302,13:32,335.80,345.90,335.80,344.50,4800,60600
20210302,13:33,348.75,349.95,344.25,345.65,3425,60825
20210302,13:34,346.60,347.10,337.20,345.20,2425,60825
20210302,13:35,345.65,346.50,336.50,339.40,1400,60825
20210302,13:36,345.00,360.90,345.00,359.75,3075,61350
20210302,13:37,359.25,359.95,345.00,345.00,1200,61350
20210302,13:38,349.55,353.05,346.90,347.15,1325,61350
20210302,13:39,343.15,344.00,334.45,339.80,3825,61325
20210302,13:40,337.30,337.80,320.00,325.15,1375,61325
20210302,13:41,326.80,326.80,293.65,302.05,3425,61325
20210302,13:42,302.15,304.45,290.00,291.80,2975,61475
20210302,13:43,293.00,295.30,281.00,289.80,1675,61475
20210302,13:44,289.65,292.85,283.80,289.90,1575,61475
20210302,13:45,286.35,286.35,267.20,268.00,2300,61925
20210302,13:46,266.20,273.25,265.15,268.85,1650,61925
20210302,13:47,268.35,271.70,256.15,256.15,400,61925
20210302,13:48,257.65,258.25,252.45,256.55,900,62100
20210302,13:49,250.00,263.90,250.00,263.90,2700,62100
20210302,13:50,266.35,275.05,266.35,271.30,775,62100
20210302,13:51,273.90,281.00,272.05,276.30,2950,62225
20210302,13:52,276.10,279.60,275.80,279.60,1150,62225
20210302,13:53,279.50,282.65,275.70,280.00,1875,62225
20210302,13:54,280.00,280.00,273.95,276.90,1350,63200
20210302,13:55,278.20,278.55,271.10,274.35,1400,63200
20210302,13:56,283.30,292.55,282.30,290.70,775,63200
20210302,13:57,291.10,294.25,286.05,291.20,2125,64325
20210302,13:58,290.70,291.15,285.30,290.60,825,64325
20210302,13:59,288.70,297.85,287.25,295.00,700,64325
20210302,14:00,299.55,302.80,295.85,295.85,1300,64075
20210302,14:01,299.75,300.85,297.95,298.75,225,64075
20210302,14:02,299.80,299.80,287.90,287.90,475,64075
20210302,14:03,288.55,292.50,280.05,281.25,875,63950
20210302,14:04,283.65,283.65,275.45,277.45,2225,63950
20210302,14:05,282.85,283.55,273.55,273.55,1050,63950
20210302,14:06,274.05,278.30,274.05,278.05,350,63200
20210302,14:07,277.65,277.65,268.50,268.60,525,63200
20210302,14:08,269.45,272.45,264.00,268.40,1225,63200
20210302,14:09,267.20,271.10,266.50,271.10,875,64225
20210302,14:10,269.90,274.80,269.90,274.25,1350,64225
20210302,14:11,273.30,277.15,270.65,277.00,800,64225
20210302,14:12,274.85,277.00,273.45,276.10,600,64175
20210302,14:13,271.85,273.65,266.05,266.05,300,64175
20210302,14:14,266.00,266.00,258.45,258.45,1250,64175
20210302,14:15,260.85,262.45,254.20,259.20,500,64200
20210302,14:16,255.70,266.60,255.10,266.60,500,64200
20210302,14:17,266.60,271.15,265.45,268.80,1100,64200
20210302,14:18,273.20,277.05,269.45,270.75,625,64250
20210302,14:19,268.75,269.60,267.85,269.15,225,64250
20210302,14:20,270.05,273.60,270.05,272.85,175,64250
20210302,14:21,271.90,277.25,271.90,275.00,100,64275
20210302,14:22,272.00,272.00,267.95,267.95,775,64275
20210302,14:23,268.95,269.00,267.00,269.00,175,64275
20210302,14:24,263.00,265.15,263.00,264.75,475,64350
20210302,14:25,268.85,276.15,268.85,273.50,550,64350
20210302,14:26,273.40,273.40,262.55,264.15,450,64350
20210302,14:27,260.65,264.75,257.45,264.75,1100,64400
20210302,14:28,270.00,275.65,270.00,274.45,500,64400
20210302,14:29,274.25,280.00,274.25,275.00,1375,64400
20210302,14:30,272.90,274.75,267.00,269.30,475,64350
20210302,14:31,275.00,278.20,274.15,274.85,1800,64350
20210302,14:32,271.15,281.65,271.15,281.40,525,64350
20210302,14:33,277.85,283.05,277.85,283.05,700,63875
20210302,14:34,278.25,278.65,275.45,278.65,325,63875
20210302,14:35,282.95,286.00,282.75,284.50,250,63875
20210302,14:36,275.85,282.65,274.20,279.95,1300,64950
20210302,14:37,276.30,277.05,274.05,274.05,1650,64950
20210302,14:38,276.25,276.25,265.75,267.95,925,64950
20210302,14:39,266.30,266.30,258.85,260.95,3500,64650
20210302,14:40,260.15,270.90,260.15,270.90,1625,64650
20210302,14:41,269.55,270.25,266.10,266.40,475,64650
20210302,14:42,268.25,273.05,268.25,272.80,175,64650
20210302,14:43,269.00,270.75,268.45,269.30,1000,67225
20210302,14:44,269.10,271.15,266.10,269.50,500,67225
20210302,14:45,267.75,271.10,265.00,265.35,775,67275
20210302,14:46,259.30,259.95,255.55,255.55,725,67275
20210302,14:47,256.45,258.40,254.85,254.85,225,67275
20210302,14:48,259.30,271.45,259.30,271.00,575,68125
20210302,14:49,272.05,279.00,272.05,279.00,500,68125
20210302,14:50,278.55,289.20,278.55,282.15,1525,68125
20210302,14:51,279.70,279.70,274.55,276.50,225,69475
20210302,14:52,282.05,282.05,268.55,272.30,375,69475
20210302,14:53,271.65,273.95,268.80,269.70,725,69475
20210302,14:54,264.30,270.30,264.30,270.30,625,69675
20210302,14:55,267.05,269.80,264.05,268.00,325,69675
20210302,14:56,267.50,268.60,266.05,268.60,225,69675
20210302,14:57,268.00,271.05,267.55,268.00,525,69825
20210302,14:58,270.10,270.10,264.05,265.20,1400,69825
20210302,14:59,267.20,269.90,265.00,265.00,875,69825
20210302,15:00,263.45,267.55,253.00,253.00,2100,70600
20210302,15:01,254.25,254.25,244.25,250.30,1650,70600
20210302,15:02,250.80,250.80,246.65,249.95,1575,70600
20210302,15:03,250.35,250.35,240.00,241.30,1525,70050
20210302,15:04,244.90,247.50,244.85,245.45,450,70050
20210302,15:05,246.45,256.05,246.35,254.85,775,70050
20210302,15:06,255.00,255.00,244.25,245.00,600,69050
20210302,15:07,244.75,252.20,244.05,249.55,725,69050
20210302,15:08,249.15,252.85,248.05,248.90,475,69050
20210302,15:09,249.15,249.15,238.00,238.00,1350,69750
20210302,15:10,232.30,233.40,216.60,217.25,3800,69750
20210302,15:11,215.50,219.75,207.10,209.25,3225,69750
20210302,15:12,207.10,207.10,200.05,201.55,10500,70175
20210302,15:13,201.70,210.55,201.70,209.80,2425,70175
20210302,15:14,210.45,212.20,196.95,199.00,3525,70175
20210302,15:15,199.00,201.90,196.55,199.00,1175,69275
20210302,15:16,199.55,199.90,194.95,198.30,3025,69275
20210302,15:17,198.35,203.40,198.35,200.00,2525,69275
20210302,15:18,200.55,200.80,196.15,196.15,3000,69325
20210302,15:19,197.70,201.15,196.30,197.60,1550,69325
20210302,15:20,196.45,206.50,196.45,205.60,2225,69325
20210302,15:21,205.90,205.90,200.00,202.65,1500,69575
20210302,15:22,200.75,204.05,192.00,192.00,4225,69575
20210302,15:23,195.15,197.55,192.50,194.55,1675,69575
20210302,15:24,195.65,195.65,192.60,193.25,1900,69525
20210302,15:25,193.05,195.30,192.10,195.00,1500,69525
20210302,15:26,193.70,196.65,193.70,195.25,2050,69525
20210302,15:27,196.00,197.45,195.90,197.00,1250,69750
20210302,15:28,196.80,196.95,191.10,192.60,700,69750
20210302,15:29,191.45,198.00,190.00,198.00,1450,69750
20210303,09:15,160.00,160.00,112.40,127.40,2301,59075
20210303,09:16,127.35,127.35,120.00,124.10,2975,59075
20210303,09:17,124.95,136.15,124.95,135.50,7650,60475
20210303,09:18,135.00,138.80,133.00,138.80,4100,60475
20210303,09:19,138.25,138.75,130.00,131.75,1825,60475
20210303,09:20,131.00,131.00,117.00,117.00,4725,60275
20210303,09:21,117.30,117.35,115.00,115.00,3000,60275
20210303,09:22,114.55,115.30,110.15,113.50,3775,60275
20210303,09:23,112.55,113.25,108.70,110.30,1800,63600
20210303,09:24,110.85,116.60,110.20,114.50,1450,63600
20210303,09:25,114.15,118.00,113.10,118.00,2175,63600
20210303,09:26,117.25,119.15,116.00,119.15,3425,64150
20210303,09:27,117.95,119.50,114.70,119.50,1250,64150
20210303,09:28,120.00,122.75,118.30,118.30,2775,64150
20210303,09:29,118.45,118.45,116.00,116.40,850,64525
20210303,09:30,117.30,117.30,113.20,113.95,1175,64525
20210303,09:31,114.95,116.00,112.70,113.05,2050,64525
20210303,09:32,112.50,115.00,110.25,115.00,1200,64425
20210303,09:33,115.55,118.80,115.20,117.20,925,64425
20210303,09:34,117.35,127.05,117.35,124.20,3900,64425
20210303,09:35,125.00,130.85,124.85,126.80,4275,64700
20210303,09:36,127.05,130.35,125.90,129.85,1700,64700
20210303,09:37,130.00,130.00,118.20,118.25,4550,64700
20210303,09:38,118.05,121.65,118.05,120.00,1350,66150
20210303,09:39,120.70,120.70,117.60,120.35,1400,66150
20210303,09:40,121.40,125.80,120.95,121.75,1225,66150
20210303,09:41,120.00,124.35,118.60,124.35,1150,66525
20210303,09:42,123.85,123.85,117.30,120.60,575,66525
20210303,09:43,124.00,124.00,123.05,123.05,100,66525
20210303,09:44,125.00,129.05,124.00,128.80,1225,66600
20210303,09:45,130.00,134.85,129.85,131.25,1475,66600
20210303,09:46,131.25,131.25,122.40,123.75,700,66600
20210303,09:47,120.75,122.75,119.20,122.30,850,67125
20210303,09:48,121.95,124.70,120.85,122.00,700,67125
20210303,09:49,123.05,125.00,119.85,120.30,2300,67125
20210303,09:50,119.00,119.00,115.70,116.50,2225,68100
20210303,09:51,116.90,116.90,114.00,116.00,3775,68100
20210303,09:52,118.35,118.95,115.55,115.75,600,68100
20210303,09:53,116.05,116.40,113.95,114.55,2450,67775
20210303,09:54,114.75,115.20,110.00,111.85,3475,67775
20210303,09:55,110.00,112.60,107.30,112.60,3500,67775
20210303,09:56,110.00,111.45,108.00,108.00,2875,67300
20210303,09:57,107.65,109.10,107.15,108.55,3175,67300
20210303,09:58,107.50,111.90,107.50,111.90,1575,67300
20210303,09:59,111.15,111.15,106.80,106.80,3800,64750
20210303,10:00,106.15,110.00,104.95,108.40,1825,64750
20210303,10:01,107.80,109.20,106.35,107.15,1725,64750
20210303,10:02,108.00,108.00,106.85,106.90,3100,65675
20210303,10:03,105.35,110.60,105.35,107.85,1975,65675
20210303,10:04,108.80,110.95,107.25,109.05,1125,65675
20210303,10:05,110.00,113.40,108.80,109.00,1900,67675
20210303,10:06,107.30,107.90,105.90,106.35,525,67675
20210303,10:07,107.40,108.15,106.70,106.80,1225,67675
20210303,10:08,106.00,108.95,105.75,108.80,2525,67300
20210303,10:09,108.85,108.85,106.40,106.50,425,67300
20210303,10:10,106.40,109.85,105.75,109.85,1875,67300
20210303,10:11,109.85,110.95,107.60,110.75,3400,66650
20210303,10:12,112.30,113.15,110.95,112.00,1325,66650
20210303,10:13,111.00,113.60,110.70,113.00,1675,66650
20210303,10:14,112.00,115.00,112.00,114.75,1875,68475
20210303,10:15,114.00,115.20,106.35,106.35,1500,68475
20210303,10:16,106.30,106.80,103.15,104.65,3000,68475
20210303,10:17,105.00,106.45,105.00,105.80,975,68325
20210303,10:18,105.05,105.50,103.20,103.30,1125,68325
20210303,10:19,102.65,104.25,101.70,103.20,3800,68325
20210303,10:20,102.85,105.80,102.85,105.05,1125,68850
20210303,10:21,104.80,107.20,104.80,106.15,525,68850
20210303,10:22,106.00,106.10,104.00,106.10,850,68850
20210303,10:23,106.00,106.35,102.60,103.90,2900,71225
20210303,10:24,105.00,105.00,102.10,103.90,4125,71225
20210303,10:25,103.70,107.15,103.70,106.70,775,71225
20210303,10:26,107.20,109.95,107.20,107.45,1650,72150
20210303,10:27,107.15,107.55,105.95,107.15,725,72150
20210303,10:28,107.00,107.15,104.75,107.00,1700,72150
20210303,10:29,105.40,108.20,104.85,105.85,1500,72850
20210303,10:30,106.50,106.75,103.25,104.20,2250,72850
20210303,10:31,103.70,103.95,100.00,102.10,3850,72850
20210303,10:32,102.95,103.20,101.85,102.90,850,74775
20210303,10:33,101.00,103.00,100.15,103.00,1250,74775
20210303,10:34,101.60,102.40,101.15,101.85,1025,74775
20210303,10:35,100.45,102.40,100.45,102.30,1575,75775
20210303,10:36,103.00,103.00,100.00,100.00,1975,75775
20210303,10:37,100.60,102.40,99.95,101.45,1850,75775
20210303,10:38,99.55,99.60,97.30,98.55,3050,75750
20210303,10:39,98.60,100.35,97.25,100.30,3175,75750
20210303,10:40,99.60,100.15,97.15,98.45,2875,75750
20210303,10:41,98.00,98.60,96.35,98.25,2150,76350
20210303,10:42,98.25,98.35,97.05,97.65,1050,76350
20210303,10:43,97.50,98.25,97.50,97.80,425,76350
20210303,10:44,97.90,99.30,97.45,98.65,2150,78575
20210303,10:45,99.85,99.90,98.90,98.90,1750,78575
20210303,10:46,98.50,100.00,98.30,98.30,2050,78575
20210303,10:47,99.00,100.55,99.00,100.55,1550,79150
20210303,10:48,99.50,102.00,99.30,102.00,1750,79150
20210303,10:49,101.65,103.70,101.10,103.70,1600,79150
20210303,10:50,103.45,104.45,102.05,102.05,450,80575
20210303,10:51,102.10,102.85,102.00,102.20,550,80575
20210303,10:52,102.05,103.10,101.85,103.00,1500,80575
20210303,10:53,103.65,104.35,102.75,103.60,375,80575
20210303,10:54,103.10,103.10,101.10,101.10,725,80650
20210303,10:55,101.25,102.15,101.15,101.75,1300,80650
20210303,10:56,102.20,103.95,102.20,103.75,500,82100
20210303,10:57,102.65,103.60,102.20,102.35,1125,82100
20210303,10:58,102.95,104.30,102.25,104.30,3125,82100
20210303,10:59,103.95,105.55,103.35,104.25,2100,82950
20210303,11:00,104.75,105.75,103.15,104.85,1300,82950
20210303,11:01,104.55,104.55,103.00,103.15,925,82950
20210303,11:02,103.25,103.25,101.00,101.80,625,82950
20210303,11:03,101.70,103.00,101.70,103.00,325,83175
20210303,11:04,103.60,103.60,103.45,103.45,325,83175
20210303,11:05,103.10,104.70,103.10,103.85,900,83050
20210303,11:06,103.35,104.45,103.20,103.90,700,83050
20210303,11:07,103.25,103.45,101.20,101.20,550,83050
20210303,11:08,101.15,101.95,98.90,98.90,700,84850
20210303,11:09,99.50,100.50,99.20,100.00,500,84850
20210303,11:10,100.10,100.10,97.85,99.00,2175,84850
20210303,11:11,99.00,103.45,99.00,103.45,925,87100
20210303,11:12,102.60,103.35,102.60,102.85,600,87100
20210303,11:13,102.95,103.65,102.45,103.65,775,87100
20210303,11:14,103.60,105.00,102.90,104.60,1300,89225
20210303,11:15,104.60,105.00,103.00,103.00,125,89225
20210303,11:16,103.05,103.90,102.80,103.30,300,89225
20210303,11:17,103.40,103.40,101.95,101.95,200,89200
20210303,11:18,101.85,102.85,101.85,102.45,125,89200
20210303,11:19,103.85,103.85,102.65,103.55,400,89200
20210303,11:20,103.40,105.00,103.40,103.55,875,89200
20210303,11:21,102.55,103.15,101.85,103.15,400,88950
20210303,11:22,102.45,102.95,101.80,102.40,250,88950
20210303,11:23,102.25,102.70,99.10,100.30,1400,90450
20210303,11:24,99.50,101.40,99.35,101.40,300,90450
20210303,11:25,100.95,101.85,99.10,101.05,1400,90450
20210303,11:26,101.40,102.00,101.05,101.65,400,90350
20210303,11:27,101.90,102.85,101.65,101.90,150,90350
20210303,11:28,101.30,101.30,100.85,100.85,100,90350
20210303,11:29,100.50,101.00,100.30,100.80,450,90350
20210303,11:30,100.75,102.10,100.75,101.50,575,91825
20210303,11:31,101.90,101.90,100.70,101.60,275,91825
20210303,11:32,101.25,101.40,101.00,101.00,125,91825
20210303,11:33,100.95,101.60,100.95,101.05,550,92125
20210303,11:34,101.10,102.90,100.95,101.55,1450,92125
20210303,11:35,100.95,100.95,98.00,98.65,2325,92575
20210303,11:36,98.20,99.40,98.20,98.80,125,92575
20210303,11:37,99.00,99.30,98.15,98.15,500,92575
20210303,11:38,98.55,99.75,98.15,99.20,1325,92575
20210303,11:39,99.55,100.00,98.70,99.75,1950,94400
20210303,11:40,99.55,100.30,99.40,100.00,700,94400
20210303,11:41,101.05,103.00,100.25,102.45,1175,94000
20210303,11:42,101.85,104.30,101.75,104.00,1275,94000
20210303,11:43,103.65,103.65,101.90,102.90,125,94000
20210303,11:44,103.20,103.20,102.40,102.40,100,94000
20210303,11:45,103.00,103.00,100.35,100.60,1150,94325
20210303,11:46,101.25,103.60,101.25,103.05,1650,94325
20210303,11:47,100.95,102.75,100.95,102.50,650,94325
20210303,11:48,102.55,102.95,102.15,102.15,350,94850
20210303,11:49,101.10,101.75,100.65,100.65,350,94850
20210303,11:50,100.70,100.70,99.70,99.75,375,94850
20210303,11:51,99.75,100.40,98.20,99.35,1925,95500
20210303,11:52,100.45,100.45,98.25,98.25,700,95500
20210303,11:53,99.15,99.85,98.95,99.35,475,95500
20210303,11:54,100.50,101.90,100.35,101.20,700,95500
20210303,11:55,100.50,101.35,100.50,101.35,175,95500
20210303,11:56,101.50,103.00,101.50,102.90,650,95500
20210303,11:57,102.35,103.95,102.35,103.00,775,97775
20210303,11:58,102.60,102.60,102.60,102.60,175,97775
20210303,11:59,100.00,101.25,100.00,101.25,400,97775
20210303,12:00,100.70,101.00,100.70,100.75,175,98300
20210303,12:01,100.50,101.90,97.00,98.45,800,98300
20210303,12:02,97.35,97.85,95.90,97.20,3025,98300
20210303,12:03,97.20,97.75,96.05,96.05,225,98500
20210303,12:04,97.45,97.45,95.55,95.55,525,98500
20210303,12:05,95.55,96.85,95.55,96.50,775,98500
20210303,12:06,96.10,97.70,96.10,96.10,425,99525
20210303,12:07,96.10,96.50,95.20,96.50,1025,99525
20210303,12:08,96.50,97.15,96.05,96.80,650,99525
20210303,12:09,97.05,97.05,96.65,96.75,150,100250
20210303,12:10,97.45,98.15,97.25,97.95,475,100250
20210303,12:11,97.55,98.65,97.05,98.35,300,100250
20210303,12:12,97.60,97.60,97.45,97.55,250,100375
20210303,12:13,98.25,98.95,97.65,98.00,775,100375
20210303,12:14,98.00,98.10,94.95,95.55,2075,100375
20210303,12:15,95.20,95.95,93.00,95.20,2425,100175
20210303,12:16,95.95,95.95,93.05,95.15,450,100175
20210303,12:17,95.05,96.00,94.25,94.85,500,100175
20210303,12:18,94.85,95.90,94.80,95.05,1075,101250
20210303,12:19,95.25,95.25,94.30,95.00,900,101250
20210303,12:20,95.15,96.20,95.00,95.00,575,101250
20210303,12:21,94.75,95.45,94.10,95.20,600,102400
20210303,12:22,94.05,94.60,93.85,93.90,375,102400
20210303,12:23,95.10,95.70,93.35,93.35,750,102400
20210303,12:24,93.70,95.40,93.70,95.10,925,102575
20210303,12:25,95.45,95.90,93.95,95.90,800,102575
20210303,12:26,95.00,96.40,94.25,96.15,650,102575
20210303,12:27,95.85,96.00,95.00,96.00,300,102300
20210303,12:28,95.35,97.30,95.35,97.05,1075,102300
20210303,12:29,96.65,97.90,96.20,96.35,800,102300
20210303,12:30,97.15,98.05,96.35,96.45,1625,102975
20210303,12:31,96.35,96.35,95.30,96.20,400,102975
20210303,12:32,98.00,98.00,96.25,97.20,950,102975
20210303,12:33,97.15,98.00,97.15,98.00,150,103825
20210303,12:34,98.25,99.00,97.60,97.60,325,103825
20210303,12:35,96.65,96.75,92.20,92.20,1675,103825
20210303,12:36,92.15,94.80,92.15,93.65,1050,103925
20210303,12:37,94.20,95.05,94.00,95.05,625,103925
20210303,12:38,94.75,95.90,94.50,95.90,475,103925
20210303,12:39,95.25,98.15,95.25,98.10,6000,104400
20210303,12:40,97.30,97.65,95.40,97.15,1025,104400
20210303,12:41,97.00,98.10,96.00,96.00,975,104400
20210303,12:42,96.00,96.60,96.00,96.00,775,103525
20210303,12:43,95.05,95.70,94.80,95.65,675,103525
20210303,12:44,95.30,95.30,94.35,94.55,300,103525
20210303,12:45,95.65,96.65,95.05,96.65,725,104375
20210303,12:46,96.15,96.50,94.40,94.40,650,104375
20210303,12:47,94.30,94.90,91.00,93.20,1425,104375
20210303,12:48,93.55,94.85,93.15,94.85,550,104600
20210303,12:49,94.10,94.65,93.95,93.95,275,104600
20210303,12:50,93.35,93.35,93.25,93.30,225,104600
20210303,12:51,92.10,93.25,92.10,93.00,675,104950
20210303,12:52,92.75,94.20,92.00,94.20,600,104950
20210303,12:53,93.30,93.30,91.70,91.70,800,104950
20210303,12:54,91.70,91.70,89.25,90.50,2025,105750
20210303,12:55,90.65,91.25,90.05,91.10,1600,105750
20210303,12:56,91.35,91.95,89.60,91.45,1825,105750
20210303,12:57,91.75,91.75,89.20,89.20,1575,106200
20210303,12:58,89.20,90.95,89.00,89.70,2375,106200
20210303,12:59,89.45,90.00,88.25,88.25,1200,106200
20210303,13:00,88.25,88.75,86.75,86.75,1600,106325
20210303,13:01,88.30,90.85,88.25,89.00,1750,106325
20210303,13:02,88.90,90.50,88.90,89.70,1000,106325
20210303,13:03,89.65,91.30,89.55,90.00,1575,106950
20210303,13:04,90.15,91.20,90.15,91.05,425,106950
20210303,13:05,91.80,91.85,91.00,91.00,800,106950
20210303,13:06,90.95,91.75,90.15,91.75,625,106725
20210303,13:07,91.80,92.75,90.00,90.00,1275,106725
20210303,13:08,90.00,91.10,90.00,90.25,250,106725
20210303,13:09,90.25,90.25,89.95,89.95,75,107325
20210303,13:10,89.20,90.50,89.20,90.00,1300,107325
20210303,13:11,90.00,92.25,89.70,90.60,925,107325
20210303,13:12,91.35,92.65,91.35,91.85,1150,107750
20210303,13:13,91.75,92.60,91.25,92.45,1475,107750
20210303,13:14,92.10,92.75,91.55,92.75,1925,107750
20210303,13:15,91.95,92.00,89.00,90.25,1700,107775
20210303,13:16,90.15,90.15,89.80,90.00,350,107775
20210303,13:17,90.25,91.15,88.90,88.90,575,107775
20210303,13:18,88.75,89.65,88.20,89.65,750,107475
20210303,13:19,89.00,89.00,86.75,88.00,1150,107475
20210303,13:20,87.90,88.50,87.00,87.00,675,107475
20210303,13:21,87.40,87.40,82.50,82.50,1875,107075
20210303,13:22,83.05,83.60,82.05,82.70,2075,107075
20210303,13:23,82.50,84.85,82.45,84.75,3225,107075
20210303,13:24,84.50,86.50,84.50,85.00,1375,107125
20210303,13:25,85.00,85.15,83.65,84.90,1100,107125
20210303,13:26,85.00,85.45,84.50,85.00,600,107125
20210303,13:27,83.90,84.95,81.15,81.15,3000,107075
20210303,13:28,81.30,83.25,81.05,82.45,2900,107075
20210303,13:29,82.45,83.15,81.95,82.25,1600,107075
20210303,13:30,83.90,84.45,83.20,83.90,900,106975
20210303,13:31,84.05,84.30,82.85,82.85,1550,106975
20210303,13:32,82.50,83.55,81.50,83.00,1225,106975
20210303,13:33,83.35,83.85,82.65,83.55,725,108075
20210303,13:34,82.65,84.50,82.65,84.20,725,108075
20210303,13:35,83.70,85.25,83.70,84.25,475,108075
20210303,13:36,84.60,85.35,83.40,85.35,250,108275
20210303,13:37,85.00,85.00,81.85,82.25,1925,108275
20210303,13:38,82.00,82.95,81.00,81.50,1600,108275
20210303,13:39,81.65,82.70,81.00,81.15,2200,108350
20210303,13:40,81.50,81.50,80.15,80.65,725,108350
20210303,13:41,80.50,81.60,80.00,80.90,2125,108350
20210303,13:42,80.85,80.85,79.75,80.00,2550,108675
20210303,13:43,78.25,79.00,76.10,76.85,3750,108675
20210303,13:44,76.60,79.80,76.60,79.60,3000,108675
20210303,13:45,78.60,78.90,77.70,78.00,1225,109250
20210303,13:46,77.50,77.90,75.00,75.00,2150,109250
20210303,13:47,75.00,77.20,75.00,76.35,1850,109250
20210303,13:48,75.60,77.00,75.20,77.00,4725,109250
20210303,13:49,77.25,77.25,75.55,75.80,2150,109250
20210303,13:50,76.55,79.70,74.60,79.20,13525,109250
20210303,13:51,79.05,80.50,78.00,78.00,3900,109600
20210303,13:52,77.80,81.10,77.80,80.90,1775,109600
20210303,13:53,81.50,84.00,81.00,82.95,5075,109600
20210303,13:54,84.15,84.90,79.80,81.50,2700,110050
20210303,13:55,81.50,83.95,80.00,80.00,975,110050
20210303,13:56,80.45,81.05,78.45,80.15,2375,110050
20210303,13:57,80.15,81.40,80.15,81.40,800,110450
20210303,13:58,81.15,81.15,78.50,79.00,1900,110450
20210303,13:59,81.00,81.00,79.45,79.45,675,110450
20210303,14:00,80.95,81.15,78.10,78.10,850,112150
20210303,14:01,78.00,79.80,78.00,79.80,350,112150
20210303,14:02,79.35,81.00,79.15,81.00,550,112150
20210303,14:03,80.65,81.80,78.80,80.55,3275,112425
20210303,14:04,82.00,82.75,81.70,81.70,1900,112425
20210303,14:05,81.90,81.90,80.00,81.00,1000,112425
20210303,14:06,80.00,80.00,80.00,80.00,50,112425
20210303,14:07,81.25,83.45,81.00,81.35,1925,112550
20210303,14:08,81.30,81.30,79.45,79.75,1900,112550
20210303,14:09,80.00,81.00,79.65,80.40,1500,112875
20210303,14:10,80.90,82.00,80.45,81.15,1125,112875
20210303,14:11,81.50,82.90,81.50,82.90,750,112875
20210303,14:12,83.35,85.00,83.30,83.55,1100,113400
20210303,14:13,84.35,85.30,84.35,85.30,250,113400
20210303,14:14,84.95,86.30,84.00,84.30,350,113400
20210303,14:15,84.25,85.95,81.20,85.20,850,112800
20210303,14:16,84.85,84.85,82.80,83.45,950,112800
20210303,14:17,83.15,83.55,81.15,81.15,1375,112800
20210303,14:18,81.50,82.80,81.00,82.80,1525,113400
20210303,14:19,82.80,83.55,82.30,82.60,1600,113400
20210303,14:20,82.10,82.80,80.15,80.65,300,113400
20210303,14:21,80.65,81.40,80.05,80.75,1125,113575
20210303,14:22,80.00,82.30,79.20,80.25,1450,113575
20210303,14:23,79.50,81.75,79.50,81.50,800,113575
20210303,14:24,81.70,81.70,77.80,77.80,4525,113900
20210303,14:25,77.90,81.15,77.65,80.30,3650,113900
20210303,14:26,80.45,80.90,79.45,79.90,3775,113900
20210303,14:27,80.30,80.50,78.95,78.95,3500,114175
20210303,14:28,78.40,78.40,75.00,75.05,1175,114175
20210303,14:29,75.00,76.25,75.00,75.95,950,114175
20210303,14:30,74.80,77.15,74.15,77.15,675,114175
20210303,14:31,77.00,77.00,75.70,76.30,1225,114175
20210303,14:32,77.25,78.00,76.30,78.00,825,114175
20210303,14:33,78.15,80.45,78.00,78.00,3025,113200
20210303,14:34,78.65,79.95,78.65,79.95,600,113200
20210303,14:35,78.90,78.90,77.00,77.05,625,113200
20210303,14:36,76.50,76.50,75.10,75.40,1250,113250
20210303,14:37,75.35,75.35,74.90,75.00,325,113250
20210303,14:38,73.65,74.40,72.15,73.70,375,113250
20210303,14:39,74.25,75.05,73.80,75.00,1050,113050
20210303,14:40,75.20,76.60,74.05,76.60,975,113050
20210303,14:41,76.00,76.55,76.00,76.55,1125,113050
20210303,14:42,76.20,76.20,74.05,74.70,550,113875
20210303,14:43,74.80,74.95,73.35,73.65,575,113875
20210303,14:44,73.50,74.40,73.50,73.50,1300,113875
20210303,14:45,72.10,72.10,71.95,71.95,250,113550
20210303,14:46,72.00,72.95,71.05,72.00,1175,113550
20210303,14:47,72.85,72.95,71.95,72.95,1800,113550
20210303,14:48,72.25,73.00,72.10,72.10,400,114250
20210303,14:49,72.35,73.70,70.00,70.00,3600,114250
20210303,14:50,71.00,73.70,71.00,73.50,275,114250
20210303,14:51,74.20,74.75,73.10,74.75,1625,113925
20210303,14:52,74.95,74.95,73.35,74.00,1200,113925
20210303,14:53,73.95,74.00,73.20,73.50,250,113925
20210303,14:54,74.05,74.55,74.05,74.45,500,114700
20210303,14:55,74.35,75.00,74.20,75.00,475,114700
20210303,14:56,75.00,75.50,74.00,75.00,1100,114700
20210303,14:57,75.15,76.95,75.10,76.05,575,114750
20210303,14:58,76.00,77.10,76.00,76.35,525,114750
20210303,14:59,76.35,76.35,74.80,75.45,675,114750
20210303,15:00,74.20,74.55,71.70,72.60,650,114975
20210303,15:01,71.85,73.45,71.70,72.00,1625,114975
20210303,15:02,73.20,75.15,73.15,75.05,500,114975
20210303,15:03,74.45,75.70,73.30,73.70,825,114975
20210303,15:04,75.50,75.70,74.90,75.55,275,115325
20210303,15:05,74.95,75.70,74.00,75.00,925,115325
20210303,15:06,75.00,75.60,74.60,75.05,250,115525
20210303,15:07,75.00,75.55,73.00,74.90,1850,115525
20210303,15:08,75.60,76.50,74.85,75.85,1375,115525
20210303,15:09,76.05,76.70,75.60,76.15,1225,116275
20210303,15:10,77.00,77.25,75.75,75.75,350,116275
20210303,15:11,75.75,75.75,73.50,73.80,2075,116275
20210303,15:12,73.80,74.00,72.95,73.60,1950,117125
20210303,15:13,73.20,74.10,72.55,73.25,1125,117125
20210303,15:14,74.15,74.95,73.90,73.90,675,117125
20210303,15:15,74.50,75.00,74.00,75.00,2500,119075
20210303,15:16,74.75,75.50,74.30,75.50,1375,119075
20210303,15:17,75.70,75.90,74.65,75.00,1475,119075
20210303,15:18,75.25,75.25,73.75,74.50,1650,119075
20210303,15:19,73.75,74.00,73.50,73.50,675,119500
20210303,15:20,74.00,74.95,74.00,74.15,1000,119500
20210303,15:21,74.00,74.10,72.25,73.50,950,119700
20210303,15:22,74.75,75.20,72.60,73.85,2750,119700
20210303,15:23,73.85,74.60,73.75,74.05,1475,119700
20210303,15:24,74.25,76.70,74.00,76.00,1325,123900
20210303,15:25,76.35,76.85,75.75,76.85,1625,123900
20210303,15:26,75.95,77.90,75.50,76.85,1325,123900
20210303,15:27,76.85,77.45,75.55,77.25,3100,124425
20210303,15:28,77.45,78.40,76.00,77.75,1750,124425
20210303,15:29,78.05,79.90,70.00,70.00,4925,124425
20210303,15:30,79.90,79.90,79.90,79.90,25,124425
20210304,09:15,163.80,200.00,138.25,147.45,7401,120625
20210304,09:16,142.70,146.85,140.00,142.60,6075,120625
20210304,09:17,142.65,145.80,136.65,141.30,14575,120075
20210304,09:18,141.00,142.40,136.40,136.40,6575,120075
20210304,09:19,139.00,144.35,138.40,143.55,3975,120075
20210304,09:20,143.55,148.90,143.55,144.00,5475,121175
20210304,09:21,141.80,144.00,141.00,141.60,7175,121175
20210304,09:22,140.05,145.00,139.40,143.60,6150,121175
20210304,09:23,143.65,144.60,140.65,141.40,2525,120175
20210304,09:24,139.55,140.35,129.15,129.65,4425,120175
20210304,09:25,128.90,132.10,121.05,124.85,5950,120175
20210304,09:26,125.75,134.00,125.50,133.05,5350,122750
20210304,09:27,133.80,139.95,133.35,139.35,4625,122750
20210304,09:28,138.00,148.00,135.75,147.30,9275,122750
20210304,09:29,147.00,150.00,147.00,149.50,5575,121925
20210304,09:30,149.80,150.95,145.50,149.00,9475,121925
20210304,09:31,150.25,158.25,149.50,156.00,3850,121925
20210304,09:32,156.00,157.95,151.60,152.35,4525,122400
20210304,09:33,152.35,155.25,150.60,153.40,7150,122400
20210304,09:34,153.70,157.15,153.70,156.00,4000,122400
20210304,09:35,156.45,160.00,155.00,159.85,5775,123675
20210304,09:36,159.85,165.00,159.25,164.90,5225,123675
20210304,09:37,164.00,177.05,164.00,175.00,7950,123675
20210304,09:38,175.00,175.00,170.00,174.30,6200,124025
20210304,09:39,174.30,175.00,161.10,161.15,6350,124025
20210304,09:40,161.00,166.05,159.05,164.55,2925,124025
20210304,09:41,165.05,171.05,165.05,169.65,3300,122650
20210304,09:42,169.05,170.35,167.00,167.00,1700,122650
20210304,09:43,167.00,169.00,165.10,169.00,2900,122650
20210304,09:44,168.45,170.40,166.00,168.55,3600,124400
20210304,09:45,169.95,172.15,169.55,171.20,1700,124400
20210304,09:46,171.75,180.00,171.75,177.95,6475,124400
20210304,09:47,178.80,188.00,177.20,188.00,9175,126975
20210304,09:48,189.80,199.00,188.50,196.95,5800,126975
20210304,09:49,196.15,196.40,190.90,193.50,5300,126975
20210304,09:50,193.50,193.50,185.00,187.65,5425,125525
20210304,09:51,186.00,189.05,184.50,184.50,6200,125525
20210304,09:52,182.65,183.30,176.00,176.45,2375,125525
20210304,09:53,176.95,180.10,176.00,180.10,800,125350
20210304,09:54,180.10,181.45,177.20,181.45,3725,125350
20210304,09:55,181.80,181.80,175.20,175.55,3625,125350
20210304,09:56,176.00,177.55,175.05,176.55,4350,126525
20210304,09:57,175.45,177.30,172.00,173.50,6125,126525
20210304,09:58,173.95,176.80,171.05,174.20,3775,126525
20210304,09:59,175.85,180.80,174.50,180.80,1975,129125
20210304,10:00,180.25,185.10,179.25,181.40,975,129125
20210304,10:01,181.50,181.80,172.60,172.60,2975,129125
20210304,10:02,172.60,173.10,164.50,165.00,4075,130350
20210304,10:03,166.95,174.95,166.95,174.95,1175,130350
20210304,10:04,174.30,175.15,171.10,172.60,2725,130350
20210304,10:05,169.45,169.85,168.80,168.80,450,131325
20210304,10:06,168.65,168.65,164.95,167.75,750,131325
20210304,10:07,166.70,167.75,163.75,163.75,1225,131325
20210304,10:08,162.95,162.95,158.40,159.10,1625,129850
20210304,10:09,158.00,158.00,148.85,148.85,2225,129850
20210304,10:10,150.70,150.70,146.10,146.10,3125,129850
20210304,10:11,145.10,145.10,139.10,141.80,3900,127900
20210304,10:12,143.10,147.40,140.25,147.25,4100,127900
20210304,10:13,147.20,151.80,146.80,146.80,4500,127900
20210304,10:14,147.65,147.65,143.10,147.60,1525,131475
20210304,10:15,145.55,152.45,144.60,152.15,1800,131475
20210304,10:16,152.00,154.00,150.15,154.00,2550,131475
20210304,10:17,154.10,156.75,154.00,155.70,3125,131800
20210304,10:18,153.95,158.45,153.95,156.30,1250,131800
20210304,10:19,156.00,157.35,152.85,156.85,750,131800
20210304,10:20,157.85,161.90,157.85,160.50,2675,131775
20210304,10:21,162.60,169.10,160.55,166.00,4000,131775
20210304,10:22,165.45,169.80,165.45,166.60,2200,131775
20210304,10:23,166.00,172.85,163.60,170.55,2375,131225
20210304,10:24,171.00,171.45,168.00,168.00,2150,131225
20210304,10:25,169.10,169.90,166.00,166.00,1450,131225
20210304,10:26,166.00,166.05,161.55,161.55,3250,132650
20210304,10:27,160.00,160.00,153.55,153.55,3550,132650
20210304,10:28,154.30,154.30,149.55,149.75,3700,132650
20210304,10:29,150.50,152.85,149.90,151.60,825,132100
20210304,10:30,151.35,151.35,145.50,145.50,2800,132100
20210304,10:31,145.85,145.85,140.00,140.45,6450,132100
20210304,10:32,142.10,142.10,139.15,139.80,3525,133825
20210304,10:33,140.85,142.60,139.40,140.85,2100,133825
20210304,10:34,140.00,143.00,139.95,141.25,1525,133825
20210304,10:35,139.95,141.60,138.30,141.60,2775,134100
20210304,10:36,141.60,143.95,140.00,143.05,2025,134100
20210304,10:37,142.40,146.35,142.40,145.45,2375,134100
20210304,10:38,146.20,147.50,143.50,145.00,1975,133675
20210304,10:39,144.50,146.35,142.85,142.85,1650,133675
20210304,10:40,144.05,147.70,143.35,147.70,2500,133675
20210304,10:41,146.80,153.65,146.80,152.40,3175,135400
20210304,10:42,152.85,152.85,148.55,149.40,2425,135400
20210304,10:43,149.20,153.00,149.00,150.40,2900,135400
20210304,10:44,150.70,152.10,149.60,151.10,2825,135950
20210304,10:45,150.80,154.25,150.30,152.65,2325,135950
20210304,10:46,152.35,153.45,150.20,150.20,1550,135950
20210304,10:47,150.05,150.65,145.65,145.65,3125,135650
20210304,10:48,145.65,150.80,144.10,150.35,2875,135650
20210304,10:49,150.65,152.65,150.00,150.05,3250,135650
20210304,10:50,150.65,152.80,146.95,147.00,2825,136000
20210304,10:51,147.00,148.50,144.80,147.15,2200,136000
20210304,10:52,149.55,151.40,148.05,151.40,1250,136000
20210304,10:53,150.95,151.80,147.20,148.10,1775,136650
20210304,10:54,148.60,148.60,146.00,147.45,1050,136650
20210304,10:55,146.60,152.20,146.45,152.20,2250,136650
20210304,10:56,151.30,154.65,151.30,153.45,2000,136225
20210304,10:57,152.70,154.95,151.65,154.50,725,136225
20210304,10:58,153.90,154.95,151.00,152.00,1075,136225
20210304,10:59,151.00,153.40,150.80,152.75,575,135550
20210304,11:00,152.00,153.00,151.10,151.10,250,135550
20210304,11:01,151.15,153.05,151.15,151.65,325,135550
20210304,11:02,151.95,152.90,149.00,149.00,1425,134625
20210304,11:03,149.00,149.40,146.90,149.40,2150,134625
20210304,11:04,149.45,149.45,148.05,148.45,825,134625
20210304,11:05,150.00,150.00,148.30,149.35,525,135100
20210304,11:06,149.65,150.50,147.35,148.65,650,135100
20210304,11:07,150.30,150.30,148.25,149.20,325,135100
20210304,11:08,148.95,148.95,146.05,146.05,1650,134600
20210304,11:09,147.50,147.50,137.50,137.50,4750,134600
20210304,11:10,136.40,136.40,120.45,122.20,6275,134600
20210304,11:11,121.40,121.60,108.20,110.20,12250,134925
20210304,11:12,110.60,115.45,109.80,114.95,4450,134925
20210304,11:13,115.80,117.40,113.20,115.95,2250,134925
20210304,11:14,116.40,118.60,114.00,114.00,8300,134850
20210304,11:15,113.85,116.75,111.60,116.00,3350,134850
20210304,11:16,116.20,116.90,115.55,116.05,2900,134850
20210304,11:17,116.15,116.20,105.15,105.90,7475,134575
20210304,11:18,105.85,108.40,105.40,108.05,2725,134575
20210304,11:19,108.15,109.70,107.00,108.15,1850,134575
20210304,11:20,108.10,108.10,102.75,105.95,5700,134200
20210304,11:21,105.85,107.40,104.10,106.45,5725,134200
20210304,11:22,107.00,107.25,103.50,104.35,5525,134200
20210304,11:23,104.55,106.20,104.35,106.20,850,134425
20210304,11:24,106.00,111.20,106.00,109.05,3350,134425
20210304,11:25,109.65,111.45,107.00,108.35,5700,134425
20210304,11:26,108.20,111.50,107.80,111.40,2150,133900
20210304,11:27,111.25,112.95,109.60,112.15,1600,133900
20210304,11:28,112.20,116.70,112.20,115.90,4725,133900
20210304,11:29,115.55,118.90,114.35,117.85,2775,133900
20210304,11:30,117.15,118.30,113.80,113.80,1650,133900
20210304,11:31,113.85,114.45,112.95,114.05,1075,133900
20210304,11:32,112.15,112.25,110.00,110.80,950,133025
20210304,11:33,110.00,113.85,110.00,113.85,500,133025
20210304,11:34,114.85,118.45,114.85,115.55,2650,133025
20210304,11:35,115.85,120.95,115.45,117.90,1325,134325
20210304,11:36,118.20,118.20,114.65,114.95,1775,134325
20210304,11:37,114.50,115.00,110.65,112.00,1050,134325
20210304,11:38,113.40,115.65,110.70,110.70,2500,134075
20210304,11:39,110.35,111.30,104.05,104.85,3600,134075
20210304,11:40,103.65,103.65,97.40,97.40,4700,134075
20210304,11:41,98.10,101.70,98.10,100.80,1250,135775
20210304,11:42,100.55,103.05,100.55,101.70,2525,135775
20210304,11:43,101.00,101.00,97.30,99.70,1825,135775
20210304,11:44,99.95,101.60,98.95,98.95,3225,138325
20210304,11:45,99.00,100.25,93.05,93.05,4025,138325
20210304,11:46,93.05,95.90,92.05,92.45,3450,138325
20210304,11:47,94.80,96.70,92.75,95.85,4475,138025
20210304,11:48,95.55,99.30,95.55,97.60,2575,138025
20210304,11:49,98.60,102.50,98.15,100.95,3525,138025
20210304,11:50,100.00,100.00,96.00,97.95,3825,138025
20210304,11:51,97.40,99.05,97.40,99.05,800,138700
20210304,11:52,99.05,100.45,97.60,100.00,1225,138700
20210304,11:53,100.00,100.25,97.85,97.85,1050,138700
20210304,11:54,98.00,100.40,98.00,99.60,1275,139125
20210304,11:55,99.90,102.25,99.40,101.15,1875,139125
20210304,11:56,101.35,101.35,98.75,99.10,2400,139600
20210304,11:57,97.50,98.10,93.90,94.80,2350,139600
20210304,11:58,94.05,96.10,94.00,96.05,800,139600
20210304,11:59,95.00,99.60,94.75,99.60,3550,139600
20210304,12:00,99.80,100.45,98.60,99.00,1975,139875
20210304,12:01,97.90,98.40,95.65,95.65,1525,139875
20210304,12:02,95.30,98.60,95.30,98.60,1200,139875
20210304,12:03,97.40,98.00,97.35,97.50,200,142100
20210304,12:04,99.00,101.15,96.60,101.15,3550,142100
20210304,12:05,101.20,102.80,99.75,102.25,1400,142100
20210304,12:06,102.55,103.00,101.45,103.00,475,142500
20210304,12:07,102.25,102.25,101.15,101.80,700,142500
20210304,12:08,101.30,101.50,96.30,97.10,3275,142500
20210304,12:09,96.75,99.50,96.75,98.55,600,142750
20210304,12:10,100.25,100.80,99.50,100.80,1700,142750
20210304,12:11,100.35,101.25,99.45,100.55,1700,142750
20210304,12:12,100.25,101.05,99.55,100.15,750,142400
20210304,12:13,100.30,100.45,99.10,99.90,700,142400
20210304,12:14,99.90,102.10,98.80,100.30,4875,142400
20210304,12:15,100.00,103.15,100.00,102.80,5650,142025
20210304,12:16,102.90,104.30,101.90,102.95,1125,142025
20210304,12:17,103.00,105.00,103.00,103.80,750,142025
20210304,12:18,103.85,105.90,103.85,105.10,875,142675
20210304,12:19,103.95,104.20,101.85,102.70,2175,142675
20210304,12:20,102.75,102.90,101.30,101.30,975,142675
20210304,12:21,100.85,101.50,100.65,101.50,875,142575
20210304,12:22,101.20,101.20,99.75,100.60,925,142575
20210304,12:23,100.55,102.00,100.55,101.00,750,142575
20210304,12:24,100.55,103.30,100.55,102.65,925,142975
20210304,12:25,102.20,102.65,101.55,102.40,550,142975
20210304,12:26,101.25,102.00,99.85,99.85,550,142975
20210304,12:27,100.10,100.10,96.50,96.60,1875,142700
20210304,12:28,96.65,97.15,93.15,93.55,925,142700
20210304,12:29,93.55,94.95,90.95,92.00,2000,142700
20210304,12:30,92.70,94.70,91.95,92.50,900,142700
20210304,12:31,93.05,93.90,89.60,90.35,7300,142700
20210304,12:32,90.40,90.40,87.00,87.00,5850,142700
20210304,12:33,86.55,88.00,82.45,82.75,9100,145000
20210304,12:34,83.45,84.85,81.85,83.05,5325,145000
20210304,12:35,83.40,89.00,83.40,88.75,1450,145000
20210304,12:36,88.90,89.95,88.15,89.30,3050,145300
20210304,12:37,89.10,89.85,88.30,89.00,1050,145300
20210304,12:38,89.30,89.95,88.40,88.40,1450,145300
20210304,12:39,87.20,87.45,82.20,82.20,4400,145225
20210304,12:40,80.90,81.25,79.00,79.00,3850,145225
20210304,12:41,79.00,79.55,77.15,78.10,3950,145225
20210304,12:42,78.20,80.00,78.20,79.95,6275,147600
20210304,12:43,80.25,82.00,78.85,80.35,3475,147600
20210304,12:44,80.30,81.90,80.05,81.20,2800,147600
20210304,12:45,80.55,81.50,77.30,79.80,4800,148075
20210304,12:46,80.05,81.35,79.05,80.05,3300,148075
20210304,12:47,80.25,80.80,78.75,80.00,2475,148075
20210304,12:48,80.00,81.40,79.95,80.00,4400,151450
20210304,12:49,80.85,81.40,80.00,81.00,1200,151450
20210304,12:50,81.45,87.05,81.45,87.00,3250,151450
20210304,12:51,87.00,87.95,84.75,84.75,1900,151050
20210304,12:52,85.35,85.35,80.75,81.00,2725,151050
20210304,12:53,81.85,82.55,80.40,80.55,1900,151050
20210304,12:54,80.60,82.50,80.00,82.50,2175,150125
20210304,12:55,81.80,81.80,79.95,80.55,3550,150125
20210304,12:56,80.95,82.80,80.80,82.50,1300,150125
20210304,12:57,82.45,82.90,81.20,81.50,1450,151175
20210304,12:58,81.35,82.05,80.20,81.90,1300,151175
20210304,12:59,81.65,82.15,80.00,80.00,2850,151175
20210304,13:00,79.20,79.75,75.20,79.75,3750,153450
20210304,13:01,80.50,81.95,80.05,81.75,1150,153450
20210304,13:02,80.45,82.00,80.00,82.00,1275,153450
20210304,13:03,81.60,82.00,81.15,81.15,550,154350
20210304,13:04,81.35,82.40,80.90,81.25,3400,154350
20210304,13:05,80.65,83.00,78.25,83.00,1500,154350
20210304,13:06,83.65,85.60,83.00,85.60,1600,152975
20210304,13:07,84.90,86.00,84.45,85.40,4650,152975
20210304,13:08,85.45,85.75,81.05,82.85,2000,152975
20210304,13:09,82.55,82.55,80.65,82.25,500,152375
20210304,13:10,82.80,83.10,81.55,83.10,475,152375
20210304,13:11,82.35,83.35,82.25,82.80,425,152375
20210304,13:12,82.20,83.40,82.00,83.00,825,154175
20210304,13:13,83.80,84.65,83.15,84.05,1325,154175
20210304,13:14,84.20,84.30,82.05,82.60,2100,154175
20210304,13:15,82.50,82.95,80.85,82.95,1950,155675
20210304,13:16,82.65,84.75,82.10,82.35,1000,155675
20210304,13:17,83.15,84.30,83.15,84.20,1425,155675
20210304,13:18,84.70,85.25,83.90,84.75,3925,156125
20210304,13:19,85.25,86.55,84.65,85.10,1750,156125
20210304,13:20,84.40,92.00,83.95,90.20,5700,156125
20210304,13:21,88.15,89.15,85.95,87.75,2325,155500
20210304,13:22,87.30,93.60,87.30,92.45,3625,155500
20210304,13:23,92.15,94.00,91.05,91.05,2200,155500
20210304,13:24,90.90,93.15,90.60,93.15,2525,155600
20210304,13:25,92.65,95.65,90.55,95.40,2200,155600
20210304,13:26,94.80,99.90,94.10,99.90,5675,155600
20210304,13:27,99.70,102.45,99.30,101.70,3575,155125
20210304,13:28,101.25,102.00,100.65,101.00,5025,155125
20210304,13:29,100.65,101.40,99.00,100.25,3325,155125
20210304,13:30,100.15,101.50,93.80,95.00,4150,154900
20210304,13:31,95.25,95.65,88.35,88.35,2950,154900
20210304,13:32,88.40,89.85,86.95,88.95,2150,154900
20210304,13:33,88.40,88.90,87.30,88.50,2400,155250
20210304,13:34,88.95,90.95,88.90,90.10,2075,155250
20210304,13:35,90.05,90.05,85.00,85.00,3075,155250
20210304,13:36,86.00,87.40,84.30,87.00,1325,155450
20210304,13:37,86.00,90.15,85.70,90.15,4200,155450
20210304,13:38,89.70,91.50,89.15,91.50,450,155450
20210304,13:39,92.80,96.35,92.30,93.35,5225,155775
20210304,13:40,93.35,93.85,90.50,91.30,1600,155775
20210304,13:41,91.50,93.70,90.20,93.70,1400,155775
20210304,13:42,92.50,93.20,91.30,91.75,1300,155500
20210304,13:43,91.90,95.00,91.00,94.05,5050,155500
20210304,13:44,94.55,100.05,94.05,99.45,3475,155500
20210304,13:45,99.10,104.70,99.10,104.45,2700,156150
20210304,13:46,104.05,104.35,101.85,104.05,1125,156150
20210304,13:47,104.65,105.00,102.00,104.30,1825,156150
20210304,13:48,103.75,103.75,97.05,97.05,2300,156700
20210304,13:49,97.70,97.70,94.20,94.65,875,156700
20210304,13:50,93.75,97.35,93.15,94.50,1750,156700
20210304,13:51,94.00,96.00,94.00,95.55,1600,156900
20210304,13:52,95.00,99.65,95.00,98.60,1200,156900
20210304,13:53,98.85,100.50,98.00,100.00,1750,156900
20210304,13:54,100.70,102.45,99.80,102.05,2375,156750
20210304,13:55,102.00,110.00,102.00,109.35,5750,156750
20210304,13:56,109.35,109.95,106.35,108.45,4100,156750
20210304,13:57,107.85,109.00,106.30,108.00,1575,157600
20210304,13:58,108.50,110.00,107.50,110.00,3250,157600
20210304,13:59,109.95,114.40,109.25,113.25,9000,157600
20210304,14:00,112.65,114.80,110.75,113.50,3575,157125
20210304,14:01,114.00,114.10,109.55,109.95,6225,157125
20210304,14:02,111.05,111.90,105.45,105.55,4075,157125
20210304,14:03,105.65,106.15,103.05,104.25,3950,157025
20210304,14:04,104.45,105.60,102.05,102.95,3825,157025
20210304,14:05,102.85,102.85,94.15,96.20,6875,157025
20210304,14:06,97.95,101.55,97.25,101.55,2525,157300
20210304,14:07,102.15,104.50,101.50,104.20,2475,157300
20210304,14:08,105.00,105.60,103.30,105.30,1875,157300
20210304,14:09,106.00,106.00,98.00,98.00,2450,157550
20210304,14:10,97.40,101.65,97.30,101.65,1975,157550
20210304,14:11,100.15,101.45,99.10,100.35,750,157550
20210304,14:12,99.80,100.00,99.00,99.00,1650,157750
20210304,14:13,99.35,99.75,98.25,99.75,1150,157750
20210304,14:14,99.75,100.85,97.35,98.55,2125,157750
20210304,14:15,98.40,98.45,93.20,94.30,9900,155900
20210304,14:16,94.05,94.95,90.95,93.60,3950,155900
20210304,14:17,92.85,94.00,92.75,93.05,1600,155900
20210304,14:18,93.05,99.65,93.05,99.40,2300,156925
20210304,14:19,98.95,99.30,97.80,99.30,1025,156925
20210304,14:20,98.90,98.90,97.55,98.35,2200,156925
20210304,14:21,98.70,100.05,98.35,99.40,1500,156925
20210304,14:22,99.65,100.15,97.55,98.15,1375,156925
20210304,14:23,98.30,98.30,96.40,96.50,825,156925
20210304,14:24,96.00,96.00,92.00,95.00,2075,160450
20210304,14:25,94.85,96.35,94.70,96.35,625,160450
20210304,14:26,96.20,96.60,95.40,95.55,975,160450
20210304,14:27,95.70,96.00,94.50,96.00,125,160400
20210304,14:28,96.30,97.55,96.20,97.10,725,160400
20210304,14:29,96.60,96.60,95.25,95.85,450,160400
20210304,14:30,95.00,95.00,88.40,89.85,2350,160275
20210304,14:31,91.35,92.70,91.05,91.65,950,160275
20210304,14:32,91.85,93.65,91.55,92.85,550,160275
20210304,14:33,93.45,95.15,93.20,94.50,725,160875
20210304,14:34,94.10,94.10,92.20,94.00,1450,160875
20210304,14:35,93.60,94.50,93.00,94.15,1900,160875
20210304,14:36,93.85,95.45,93.65,94.40,3400,159675
20210304,14:37,94.90,96.00,94.40,95.10,1125,159675
20210304,14:38,95.55,96.25,95.00,95.10,1000,159675
20210304,14:39,95.00,99.75,93.60,99.75,2750,159225
20210304,14:40,99.50,103.20,99.50,100.25,4400,159225
20210304,14:41,99.80,100.05,96.30,99.65,2250,159225
20210304,14:42,100.00,104.05,99.45,103.85,4875,159525
20210304,14:43,103.75,105.60,103.00,105.30,2125,159525
20210304,14:44,105.00,105.30,103.65,104.85,1075,159525
20210304,14:45,105.00,111.35,104.80,108.25,3525,160675
20210304,14:46,110.00,113.25,108.85,110.65,8575,160675
20210304,14:47,111.35,111.35,102.05,102.80,12575,160675
20210304,14:48,102.20,107.15,102.20,106.35,3750,168950
20210304,14:49,106.00,106.95,105.40,106.95,4400,168950
20210304,14:50,107.00,108.00,103.20,103.20,1975,168950
20210304,14:51,103.20,106.80,101.05,106.25,8650,167500
20210304,14:52,106.20,107.10,105.05,106.30,2225,167500
20210304,14:53,106.40,106.40,102.35,104.95,4650,167500
20210304,14:54,105.15,108.80,105.05,108.80,5400,170450
20210304,14:55,108.70,111.05,108.70,110.00,6450,170450
20210304,14:56,109.35,109.35,105.80,106.35,2625,170450
20210304,14:57,106.45,108.90,105.70,107.60,7275,166900
20210304,14:58,107.10,109.95,105.80,105.80,4950,166900
20210304,14:59,106.35,107.25,105.85,106.50,1050,166900
20210304,15:00,106.55,107.75,105.15,107.75,1900,170575
20210304,15:01,107.90,110.95,106.95,110.40,5550,170575
20210304,15:02,110.75,114.20,110.30,114.20,6700,170575
20210304,15:03,114.70,117.00,112.15,113.60,13625,173550
20210304,15:04,113.60,124.40,113.60,121.30,10725,173550
20210304,15:05,121.55,126.30,120.80,125.75,10700,173550
20210304,15:06,125.70,138.00,124.10,132.00,12825,174050
20210304,15:07,131.50,131.50,125.35,125.60,8150,174050
20210304,15:08,125.65,127.40,125.00,125.30,7800,174050
20210304,15:09,125.60,125.60,116.50,122.30,7750,174875
20210304,15:10,122.45,124.00,120.70,124.00,3025,174875
20210304,15:11,124.00,124.85,121.05,121.40,4550,174875
20210304,15:12,120.70,120.75,114.95,120.10,6025,176975
20210304,15:13,120.50,123.50,120.40,122.95,8550,176975
20210304,15:14,123.00,124.05,122.85,123.25,5600,176975
20210304,15:15,123.20,130.95,123.20,130.50,8250,177275
20210304,15:16,130.55,136.15,129.40,134.25,21250,177275
20210304,15:17,133.90,138.70,133.55,138.70,7350,177275
20210304,15:18,137.35,138.35,136.85,138.35,9325,171050
20210304,15:19,138.30,139.75,138.00,138.00,12225,171050
20210304,15:20,137.80,138.15,136.00,137.55,9850,171050
20210304,15:21,137.55,142.90,137.50,142.75,13550,184225
20210304,15:22,143.05,147.35,142.85,147.10,12100,184225
20210304,15:23,147.60,149.80,146.35,149.20,19575,184225
20210304,15:24,149.10,152.10,148.75,152.10,30700,195900
20210304,15:25,151.25,154.75,151.20,154.70,23675,195900
20210304,15:26,154.90,160.45,153.60,158.00,35550,195900
20210304,15:27,157.85,162.65,157.85,161.95,25425,219150
20210304,15:28,162.20,165.10,157.75,158.00,20675,219150
20210304,15:29,157.60,161.80,155.05,161.80,20050,219150
20210304,15:30,156.05,156.05,156.05,156.05,25,219150
20210305,09:15,239.35,269.85,218.25,251.35,117952,215600
20210305,09:16,252.05,260.00,240.60,253.80,82850,215600
20210305,09:17,251.05,258.85,246.50,250.10,58300,242000
20210305,09:18,250.40,252.55,241.75,247.20,59725,242000
20210305,09:19,246.10,254.70,243.50,250.00,47450,242000
20210305,09:20,251.40,260.60,251.40,259.40,57675,266400
20210305,09:21,258.50,272.90,258.20,263.40,79700,266400
20210305,09:22,263.05,287.20,261.70,277.75,64750,266400
20210305,09:23,277.50,282.95,265.20,269.45,70700,279250
20210305,09:24,270.00,272.80,256.25,256.45,43175,279250
20210305,09:25,252.00,263.65,242.15,245.55,53650,279250
20210305,09:26,244.60,253.30,243.95,247.35,25950,298500
20210305,09:27,244.45,250.40,240.10,250.40,42300,298500
20210305,09:28,248.20,259.20,247.65,258.45,33175,298500
20210305,09:29,261.85,266.50,259.35,260.90,31100,304800
20210305,09:30,262.00,279.30,262.00,276.10,43850,304800
20210305,09:31,275.65,287.70,274.90,287.70,51275,304800
20210305,09:32,287.75,288.60,273.70,283.85,52800,299400
20210305,09:33,284.50,286.55,276.00,280.40,32250,299400
20210305,09:34,279.75,319.40,279.75,308.80,107100,299400
20210305,09:35,309.55,319.90,298.60,307.65,75325,301925
20210305,09:36,308.65,311.50,297.70,305.55,54100,301925
20210305,09:37,304.50,309.25,299.30,302.60,35825,301925
20210305,09:38,303.50,304.00,297.20,299.70,45800,312475
20210305,09:39,298.65,298.65,279.30,288.10,65650,312475
20210305,09:40,286.95,287.50,276.00,282.55,38675,312475
20210305,09:41,280.00,287.65,275.45,275.45,40850,320275
20210305,09:42,275.20,279.85,266.20,273.55,49075,320275
20210305,09:43,274.15,281.55,267.00,267.00,29150,320275
20210305,09:44,265.00,266.70,252.55,252.55,61150,337575
20210305,09:45,252.90,254.10,237.75,253.95,63050,337575
20210305,09:46,251.90,264.60,251.90,260.00,34475,337575
20210305,09:47,260.70,260.70,243.20,243.60,33550,344950
20210305,09:48,243.35,258.40,243.05,258.00,24550,344950
20210305,09:49,259.00,264.95,248.00,248.40,26775,344950
20210305,09:50,249.75,253.00,243.75,250.70,25550,353150
20210305,09:51,251.65,260.45,249.75,260.00,30775,353150
20210305,09:52,257.15,266.45,257.15,261.40,26425,353150
20210305,09:53,261.80,261.95,253.15,258.15,22975,348275
20210305,09:54,255.70,257.90,245.05,247.30,27800,348275
20210305,09:55,241.85,249.00,236.55,246.30,49625,348275
20210305,09:56,245.30,253.70,245.30,253.00,24125,354325
20210305,09:57,253.60,259.90,249.10,255.20,30550,354325
20210305,09:58,255.60,255.70,241.90,247.45,29050,354325
20210305,09:59,247.00,251.90,239.10,239.10,20975,357350
20210305,10:00,240.55,240.55,226.20,232.65,55525,357350
20210305,10:01,231.75,236.10,224.95,232.45,27925,357350
20210305,10:02,230.45,238.25,230.45,232.85,25475,370225
20210305,10:03,232.95,250.00,232.95,246.05,25850,370225
20210305,10:04,247.20,256.85,245.55,252.00,33350,370225
20210305,10:05,251.75,261.55,251.75,256.25,33400,373050
20210305,10:06,255.95,255.95,239.45,248.00,33200,373050
20210305,10:07,247.65,247.65,233.10,236.60,24300,373050
20210305,10:08,237.55,242.05,235.00,236.60,19525,378625
20210305,10:09,236.85,237.60,215.20,220.85,42925,378625
20210305,10:10,219.25,221.35,206.45,219.20,45175,378625
20210305,10:11,217.70,226.50,216.10,221.00,22175,388100
20210305,10:12,222.10,227.95,220.95,224.00,20300,388100
20210305,10:13,222.45,232.00,221.75,227.05,14575,388100
20210305,10:14,226.40,228.55,219.00,224.45,11125,395475
20210305,10:15,225.50,238.20,224.80,230.00,23175,395475
20210305,10:16,230.80,236.85,228.10,235.40,14000,395475
20210305,10:17,235.75,244.65,235.75,237.55,28725,402250
20210305,10:18,237.20,239.75,233.65,235.50,16350,402250
20210305,10:19,236.55,244.00,230.45,243.95,12825,402250
20210305,10:20,243.95,255.20,242.95,248.90,36700,407300
20210305,10:21,246.80,249.85,236.95,243.30,24050,407300
20210305,10:22,243.45,251.00,241.25,247.05,9775,407300
20210305,10:23,246.30,249.15,242.15,244.15,11650,411925
20210305,10:24,243.05,256.90,243.05,253.80,26250,411925
20210305,10:25,252.95,266.35,252.00,262.90,39950,411925
20210305,10:26,262.45,264.70,252.55,257.65,38675,421300
20210305,10:27,256.85,263.00,250.30,259.85,25300,421300
20210305,10:28,260.35,263.00,252.00,262.70,22300,421300
20210305,10:29,263.25,270.85,262.75,266.60,38625,431050
20210305,10:30,267.25,275.15,253.60,253.60,64575,431050
20210305,10:31,254.35,262.40,253.70,261.40,26375,431050
20210305,10:32,263.55,268.10,255.95,259.45,33500,440100
20210305,10:33,258.25,262.45,248.00,251.90,38800,440100
20210305,10:34,249.35,249.35,238.00,240.00,38850,440100
20210305,10:35,239.60,248.90,238.00,242.55,25100,446425
20210305,10:36,244.90,254.40,238.75,249.50,24400,446425
20210305,10:37,250.60,256.00,248.75,249.30,19375,446425
20210305,10:38,250.00,257.10,250.00,251.30,14175,454850
20210305,10:39,251.90,264.45,251.00,255.00,24450,454850
20210305,10:40,255.80,270.75,255.80,269.40,35900,454850
20210305,10:41,270.85,277.45,266.00,273.95,44750,461025
20210305,10:42,273.30,273.30,264.60,271.25,25550,461025
20210305,10:43,271.25,273.45,266.80,269.30,13200,461025
20210305,10:44,268.30,272.05,257.65,257.65,26125,459950
20210305,10:45,260.10,271.70,260.10,270.75,14400,459950
20210305,10:46,271.65,275.65,265.70,273.35,26600,459950
20210305,10:47,275.90,282.35,273.70,280.70,31925,456650
20210305,10:48,279.70,279.70,254.95,254.95,49425,456650
20210305,10:49,255.00,255.00,235.10,246.05,70100,456650
20210305,10:50,247.15,260.00,245.70,258.95,31100,458800
20210305,10:51,259.10,270.00,258.20,263.55,36500,458800
20210305,10:52,263.80,268.45,259.00,268.45,37275,458800
20210305,10:53,267.90,275.00,267.90,273.40,82350,481850
20210305,10:54,272.00,278.80,265.55,277.05,68100,481850
20210305,10:55,279.85,283.05,260.00,261.15,63350,481850
20210305,10:56,261.35,273.00,260.05,272.00,32025,513450
20210305,10:57,272.45,273.30,261.30,267.00,26825,513450
20210305,10:58,266.35,281.00,266.35,279.10,39150,513450
20210305,10:59,278.15,284.50,277.35,280.35,50350,511475
20210305,11:00,281.10,291.30,278.55,289.45,110900,511475
20210305,11:01,289.25,289.25,263.60,265.25,67575,511475
20210305,11:02,267.90,282.90,257.25,278.15,58025,523225
20210305,11:03,280.95,280.95,270.90,275.90,24525,523225
20210305,11:04,274.10,278.75,265.95,276.00,28100,523225
20210305,11:05,275.60,275.95,261.40,274.35,27100,536750
20210305,11:06,271.85,272.50,254.70,255.75,36575,536750
20210305,11:07,253.85,264.85,253.85,258.70,26025,536750
20210305,11:08,263.20,270.75,261.00,263.45,23450,543075
20210305,11:09,263.65,265.85,257.55,263.50,20450,543075
20210305,11:10,263.10,267.70,245.55,253.45,45400,543075
20210305,11:11,254.00,258.85,252.30,252.50,22525,547950
20210305,11:12,251.00,261.65,248.65,259.50,30075,547950
20210305,11:13,257.45,258.20,241.00,252.00,37375,547950
20210305,11:14,248.15,255.55,242.55,255.00,19175,549000
20210305,11:15,254.15,258.70,246.30,246.30,25650,549000
20210305,11:16,244.75,246.35,229.00,239.10,75350,549000
20210305,11:17,239.00,244.50,235.05,240.95,17575,549225
20210305,11:18,241.15,241.60,233.40,237.30,15700,549225
20210305,11:19,236.75,244.85,235.95,237.00,14450,549225
20210305,11:20,238.30,243.95,232.10,243.55,17125,557450
20210305,11:21,243.60,248.95,242.30,242.30,19525,557450
20210305,11:22,242.45,256.80,235.25,256.80,28825,557450
20210305,11:23,255.30,261.55,253.85,259.80,37700,564825
20210305,11:24,259.00,260.00,247.10,254.50,29950,564825
20210305,11:25,255.00,267.35,255.00,261.55,28975,564825
20210305,11:26,260.40,261.10,251.00,251.00,22650,573025
20210305,11:27,250.55,256.00,234.75,241.80,36575,573025
20210305,11:28,242.80,244.65,232.90,237.65,28950,573025
20210305,11:29,238.65,241.30,232.30,232.30,35300,575325
20210305,11:30,232.25,245.00,232.25,241.45,23400,575325
20210305,11:31,242.25,242.25,217.35,222.80,68500,575325
20210305,11:32,224.40,224.40,203.50,214.00,59650,578575
20210305,11:33,213.15,215.80,205.00,214.30,33175,578575
20210305,11:34,214.25,218.00,209.05,216.00,22425,578575
20210305,11:35,214.85,224.00,214.85,220.20,30725,577725
20210305,11:36,221.10,228.20,214.05,227.00,27900,577725
20210305,11:37,227.85,227.85,220.05,224.35,16975,577725
20210305,11:38,223.85,227.00,216.75,226.65,20825,582475
20210305,11:39,228.00,231.00,223.45,227.55,26725,582475
20210305,11:40,225.80,228.75,220.10,227.60,19000,582475
20210305,11:41,227.65,240.85,227.65,239.30,32375,578975
20210305,11:42,239.70,240.75,231.15,236.85,23875,578975
20210305,11:43,236.95,238.00,232.00,237.50,19600,578975
20210305,11:44,237.00,243.60,237.00,242.65,18250,582125
20210305,11:45,242.00,249.70,241.90,242.80,23500,582125
20210305,11:46,242.70,242.90,231.50,231.75,28300,582125
20210305,11:47,233.50,237.90,231.90,237.10,8650,582525
20210305,11:48,236.00,237.15,223.45,225.15,25275,582525
20210305,11:49,223.60,229.75,220.00,226.55,23300,582525
20210305,11:50,227.25,236.45,224.95,234.55,13600,577175
20210305,11:51,235.25,241.70,234.20,238.50,18075,577175
20210305,11:52,237.95,251.10,235.80,246.10,21100,577175
20210305,11:53,246.80,249.70,241.30,247.20,23900,576300
20210305,11:54,247.90,252.35,247.00,249.30,18900,576300
20210305,11:55,247.05,249.90,241.10,248.45,15200,576300
20210305,11:56,249.50,257.85,245.90,251.40,20225,579450
20210305,11:57,250.90,251.45,245.00,250.45,10575,579450
20210305,11:58,249.20,249.20,238.00,248.05,15700,579450
20210305,11:59,247.45,249.95,244.25,246.00,9650,579650
20210305,12:00,243.00,255.15,241.55,251.45,12875,579650
20210305,12:01,252.20,256.60,248.75,249.60,21250,579650
20210305,12:02,250.75,255.00,245.80,245.80,15675,579925
20210305,12:03,245.00,248.00,231.40,232.30,18050,579925
20210305,12:04,231.85,242.40,230.60,238.80,19975,579925
20210305,12:05,239.95,254.20,238.35,250.70,20675,579600
20210305,12:06,251.90,257.60,250.55,253.60,26800,579600
20210305,12:07,252.05,258.10,245.20,246.40,22225,579600
20210305,12:08,245.00,254.20,245.00,254.20,13250,579175
20210305,12:09,253.55,260.80,252.15,254.80,29525,579175
20210305,12:10,254.00,255.00,239.00,239.00,28150,579175
20210305,12:11,239.60,251.20,235.15,250.75,14300,578875
20210305,12:12,252.05,260.60,248.50,253.20,26975,578875
20210305,12:13,253.30,253.30,243.40,246.40,12825,578875
20210305,12:14,248.00,248.00,238.05,243.55,15875,587325
20210305,12:15,245.55,249.00,234.40,234.40,13225,587325
20210305,12:16,236.20,248.10,236.20,242.60,14650,587325
20210305,12:17,241.35,241.35,234.30,237.95,12675,583700
20210305,12:18,238.65,241.80,232.85,234.50,14175,583700
20210305,12:19,234.35,234.50,227.95,229.95,18950,583700
20210305,12:20,230.00,233.65,220.00,231.75,24300,584150
20210305,12:21,228.65,237.55,228.05,233.55,17750,584150
20210305,12:22,234.40,237.95,229.65,233.70,12700,584150
20210305,12:23,234.75,241.00,232.90,238.00,18275,581850
20210305,12:24,238.50,240.00,234.00,236.90,13475,581850
20210305,12:25,235.75,239.00,231.00,231.00,11025,581850
20210305,12:26,231.80,232.40,224.05,224.90,9200,581850
20210305,12:27,225.05,230.10,224.00,225.00,9650,587050
20210305,12:28,223.45,224.35,218.20,218.35,17150,587050
20210305,12:29,217.05,223.95,216.30,220.45,17000,587050
20210305,12:30,219.20,219.35,207.65,209.80,43375,586350
20210305,12:31,208.25,209.45,192.70,198.90,70000,586350
20210305,12:32,197.15,205.00,195.60,199.00,23825,586350
20210305,12:33,198.80,202.60,193.95,197.80,23700,586325
20210305,12:34,197.35,205.30,196.50,204.05,26425,586325
20210305,12:35,205.00,214.65,201.05,214.10,29450,586325
20210305,12:36,213.50,220.90,210.55,218.55,35450,583350
20210305,12:37,219.05,226.25,216.65,223.20,32825,583350
20210305,12:38,224.35,224.35,214.75,218.00,22000,583350
20210305,12:39,219.80,224.95,216.70,218.15,23400,599350
20210305,12:40,217.65,220.00,212.00,216.15,15425,599350
20210305,12:41,217.25,223.90,212.70,218.10,17225,599350
20210305,12:42,217.30,222.00,215.90,217.60,9800,597925
20210305,12:43,216.85,220.10,211.25,217.95,12550,597925
20210305,12:44,218.00,219.40,208.70,210.65,17750,597925
20210305,12:45,208.85,213.35,203.40,213.00,21525,596325
20210305,12:46,212.55,215.70,209.45,209.45,12675,596325
20210305,12:47,208.80,210.00,204.05,206.00,16900,596325
20210305,12:48,206.60,209.55,198.25,201.85,22025,601175
20210305,12:49,199.35,200.95,190.25,196.70,26925,601175
20210305,12:50,196.25,204.95,195.35,204.95,18950,601175
20210305,12:51,205.00,213.45,203.20,213.00,20850,600725
20210305,12:52,212.70,218.65,208.75,216.15,17775,600725
20210305,12:53,216.15,222.50,212.70,216.70,26175,600725
20210305,12:54,217.75,224.00,217.00,219.80,18675,604000
20210305,12:55,221.95,221.95,212.00,216.95,11075,604000
20210305,12:56,216.45,216.70,210.60,215.00,13625,604000
20210305,12:57,214.70,222.00,214.70,216.35,10550,605825
20210305,12:58,217.20,221.50,212.80,215.25,12900,605825
20210305,12:59,214.85,220.50,208.05,220.10,15825,605825
20210305,13:00,219.30,229.15,219.00,226.00,31450,608675
20210305,13:01,227.60,227.60,219.50,225.75,16575,608675
20210305,13:02,224.00,225.00,215.00,215.80,22025,608675
20210305,13:03,214.60,222.65,214.05,219.00,19650,612375
20210305,13:04,218.75,224.15,218.20,222.00,13525,612375
20210305,13:05,220.40,231.90,219.40,231.75,27550,612375
20210305,13:06,233.55,237.30,224.95,225.90,34500,609725
20210305,13:07,224.40,226.60,213.80,216.85,34950,609725
20210305,13:08,217.70,218.90,207.05,209.70,25150,609725
20210305,13:09,211.00,214.00,208.00,210.80,26875,619050
20210305,13:10,211.60,214.70,205.85,207.45,19750,619050
20210305,13:11,207.45,210.75,199.15,202.90,28000,619050
20210305,13:12,204.30,211.25,203.85,208.20,16100,621450
20210305,13:13,207.80,217.45,206.00,215.85,21950,621450
20210305,13:14,214.45,220.95,212.35,218.00,14750,621450
20210305,13:15,218.80,222.30,213.00,222.30,18075,621400
20210305,13:16,224.20,225.60,215.00,218.60,17675,621400
20210305,13:17,218.40,219.65,208.50,210.25,13675,621400
20210305,13:18,211.55,219.60,211.55,216.55,11825,624450
20210305,13:19,216.85,222.35,212.10,212.10,15275,624450
20210305,13:20,212.65,214.70,207.15,212.40,10000,624450
20210305,13:21,211.50,218.10,210.70,217.60,12100,631075
20210305,13:22,218.35,221.85,213.65,215.80,8450,631075
20210305,13:23,215.00,216.15,202.60,206.15,30375,631075
20210305,13:24,207.15,208.45,199.00,204.60,14275,632800
20210305,13:25,203.40,208.45,197.25,208.45,22875,632800
20210305,13:26,207.95,214.20,206.65,214.20,25100,632800
20210305,13:27,213.55,217.00,212.25,213.00,20875,629825
20210305,13:28,213.05,214.80,208.65,212.65,12725,629825
20210305,13:29,213.00,215.25,208.00,208.85,10675,629825
20210305,13:30,208.00,214.90,204.00,209.55,16300,632150
20210305,13:31,209.65,219.00,209.50,213.15,16475,632150
20210305,13:32,212.90,217.05,208.90,217.00,18150,632150
20210305,13:33,217.05,217.15,210.00,214.15,15700,635600
20210305,13:34,213.25,219.70,211.70,212.65,10750,635600
20210305,13:35,213.65,216.85,207.75,216.40,18250,635600
20210305,13:36,215.05,225.90,215.05,220.50,27400,636550
20210305,13:37,220.65,229.75,220.65,228.00,16800,636550
20210305,13:38,228.65,241.60,226.20,241.60,31175,636550
20210305,13:39,240.70,248.95,230.45,248.95,48350,628850
20210305,13:40,248.45,264.75,243.60,253.30,81050,628850
20210305,13:41,252.90,262.75,247.40,256.55,44150,628850
20210305,13:42,258.55,263.95,250.10,252.75,52625,615525
20210305,13:43,254.55,258.65,239.70,241.65,32350,615525
20210305,13:44,242.30,260.00,236.00,260.00,35500,615525
20210305,13:45,259.15,268.90,249.75,249.75,54700,622550
20210305,13:46,247.90,249.00,233.85,237.60,56675,622550
20210305,13:47,239.15,242.00,235.00,238.00,16100,622550
20210305,13:48,238.05,245.00,233.30,237.00,26650,633275
20210305,13:49,239.70,247.50,239.70,245.00,25350,633275
20210305,13:50,245.40,248.40,235.05,247.20,20775,633275
20210305,13:51,245.00,252.00,242.20,243.20,18975,642525
20210305,13:52,242.70,251.95,239.75,245.95,18175,642525
20210305,13:53,246.00,276.90,245.35,276.90,55450,642525
20210305,13:54,276.70,284.00,270.00,280.95,82825,635125
20210305,13:55,280.70,291.90,278.45,279.85,83675,635125
20210305,13:56,279.40,279.75,261.05,264.10,46875,635125
20210305,13:57,266.20,276.20,264.00,271.25,48975,620100
20210305,13:58,272.05,274.55,257.60,257.85,45950,620100
20210305,13:59,257.40,261.70,250.00,259.55,48925,620100
20210305,14:00,255.55,274.70,255.55,262.90,38425,628425
20210305,14:01,262.10,270.80,258.55,259.00,30950,628425
20210305,14:02,260.20,279.10,260.10,272.00,29675,628425
20210305,14:03,270.30,288.00,270.00,280.30,37500,630300
20210305,14:04,277.60,288.60,273.80,282.10,39175,630300
20210305,14:05,280.00,306.20,280.00,303.35,128825,630300
20210305,14:06,307.40,310.00,295.05,300.25,94200,630325
20210305,14:07,299.70,312.00,285.30,285.30,102625,630325
20210305,14:08,283.35,295.35,276.70,294.40,62625,630325
20210305,14:09,294.40,298.20,280.50,297.80,55625,620100
20210305,14:10,296.05,310.20,291.10,296.05,96100,620100
20210305,14:11,295.90,306.35,293.35,297.10,68225,620100
20210305,14:12,296.15,299.45,283.35,293.70,58075,624875
20210305,14:13,292.50,299.40,284.85,285.75,44950,624875
20210305,14:14,281.65,288.85,270.00,281.00,68950,624875
20210305,14:15,278.50,294.95,278.50,287.10,45575,630400
20210305,14:16,290.00,296.95,282.95,286.65,45000,630400
20210305,14:17,286.65,288.70,274.95,279.05,48450,630400
20210305,14:18,278.00,285.70,260.30,261.80,68875,651375
20210305,14:19,263.90,272.90,260.00,266.35,50925,651375
20210305,14:20,265.35,269.25,258.10,260.10,40100,651375
20210305,14:21,259.40,264.30,243.00,245.00,48175,647000
20210305,14:22,245.00,261.55,245.00,258.95,36225,647000
20210305,14:23,258.90,275.45,254.45,262.95,47000,647000
20210305,14:24,265.15,275.55,256.85,268.55,33675,643900
20210305,14:25,269.45,282.90,265.00,266.05,50075,643900
20210305,14:26,266.85,266.85,251.05,258.80,36750,643900
20210305,14:27,259.00,259.80,240.80,250.40,39850,637000
20210305,14:28,250.00,251.90,239.25,251.00,39125,637000
20210305,14:29,254.20,258.90,250.90,255.65,29750,637000
20210305,14:30,256.00,268.65,245.40,245.40,34750,629200
20210305,14:31,245.05,254.00,243.00,246.10,27450,629200
20210305,14:32,245.90,248.40,238.20,240.65,31925,629200
20210305,14:33,236.10,237.25,225.20,232.25,56275,626425
20210305,14:34,232.40,232.50,218.20,228.60,43175,626425
20210305,14:35,227.75,235.75,225.50,226.40,29800,626425
20210305,14:36,225.00,238.00,223.50,234.50,25400,628675
20210305,14:37,233.25,236.25,224.75,230.20,14250,628675
20210305,14:38,230.55,233.75,216.85,230.85,28875,628675
20210305,14:39,231.50,243.65,228.40,242.00,17375,622725
20210305,14:40,242.40,254.50,242.25,253.00,39900,622725
20210305,14:41,253.65,256.15,246.15,251.60,23050,622725
20210305,14:42,250.70,257.20,248.45,252.35,18225,615150
20210305,14:43,254.15,256.15,245.20,247.00,24725,615150
20210305,14:44,248.00,252.00,237.10,238.45,36075,615150
20210305,14:45,237.15,252.95,235.80,251.65,23925,613200
20210305,14:46,252.65,253.35,237.30,242.95,21450,613200
20210305,14:47,243.05,253.55,241.75,251.40,28300,613200
20210305,14:48,252.45,256.20,242.00,243.05,26875,605250
20210305,14:49,243.75,255.00,243.75,245.10,36250,605250
20210305,14:50,244.00,255.45,243.75,252.70,21150,605250
20210305,14:51,253.40,255.00,233.60,236.45,36000,622425
20210305,14:52,235.95,238.30,221.40,227.40,49450,622425
20210305,14:53,227.10,231.20,223.00,226.55,20550,622425
20210305,14:54,227.10,232.50,223.00,229.10,20600,612050
20210305,14:55,230.15,241.10,228.00,239.55,28425,612050
20210305,14:56,238.50,240.35,231.30,233.00,14450,612050
20210305,14:57,228.55,234.50,224.20,232.55,22925,607125
20210305,14:58,235.00,238.00,229.95,234.85,17200,607125
20210305,14:59,233.45,240.00,230.60,237.50,9325,607125
20210305,15:00,236.00,252.60,230.30,248.25,27450,605625
20210305,15:01,245.00,265.35,245.00,255.00,50775,605625
20210305,15:02,255.65,256.60,235.70,241.05,51975,605625
20210305,15:03,240.35,243.60,231.00,237.55,22975,601275
20210305,15:04,241.90,242.00,228.00,229.65,28225,601275
20210305,15:05,229.30,239.75,229.30,234.10,26125,601275
20210305,15:06,231.70,234.60,210.00,215.15,69750,591250
20210305,15:07,213.90,217.70,211.95,216.45,34150,591250
20210305,15:08,215.55,217.30,211.40,215.75,23250,591250
20210305,15:09,217.00,217.60,186.45,191.45,73300,588900
20210305,15:10,193.05,197.05,184.90,190.70,68850,588900
20210305,15:11,190.25,192.55,180.30,192.00,57875,588900
20210305,15:12,192.10,200.75,191.75,193.85,50425,565300
20210305,15:13,192.80,201.20,191.60,199.55,55575,565300
20210305,15:14,199.00,199.05,192.00,194.20,45875,565300
20210305,15:15,194.90,201.00,191.45,200.00,36650,576050
20210305,15:16,198.30,200.00,195.00,197.65,24550,576050
20210305,15:17,197.00,202.25,194.50,202.05,30400,576050
20210305,15:18,200.50,202.30,197.35,199.55,21200,566175
20210305,15:19,199.15,200.00,196.30,197.05,13150,566175
20210305,15:20,197.20,200.00,191.05,192.40,21450,566175
20210305,15:21,192.70,192.70,180.00,186.40,32625,564025
20210305,15:22,188.00,191.55,180.40,182.85,49850,564025
20210305,15:23,183.20,186.95,182.00,182.00,19775,564025
20210305,15:24,181.80,186.70,179.90,179.90,44250,555550
20210305,15:25,180.40,180.50,174.35,174.35,39425,555550
20210305,15:26,174.30,174.85,164.65,164.65,37200,555550
20210305,15:27,167.40,168.00,161.15,162.10,37850,548825
20210305,15:28,161.85,162.50,151.00,151.60,40975,548825
20210305,15:29,151.85,156.40,141.50,147.05,71175,548825
20210305,15:30,149.00,149.00,149.00,149.00,475,548825
20210308,09:15,150.00,150.00,90.00,109.10,56076,540600
20210308,09:16,110.70,120.40,104.50,105.80,84600,540600
20210308,09:17,107.20,110.90,100.35,101.20,71500,572925
20210308,09:18,100.45,100.50,90.25,90.30,87575,572925
20210308,09:19,91.40,91.55,80.50,80.75,90850,572925
20210308,09:20,81.05,86.55,75.90,86.55,138900,607375
20210308,09:21,87.15,87.85,81.25,86.95,78000,607375
20210308,09:22,86.95,91.55,79.90,80.00,133250,607375
20210308,09:23,80.65,81.40,76.85,79.30,106125,656450
20210308,09:24,79.15,79.30,68.95,70.95,130925,656450
20210308,09:25,70.80,70.80,64.80,65.85,150175,656450
20210308,09:26,65.85,70.00,65.85,69.60,110975,792025
20210308,09:27,69.40,74.40,66.35,72.05,86950,792025
20210308,09:28,72.35,74.25,70.75,72.65,70975,792025
20210308,09:29,72.25,74.15,67.70,67.70,80025,827075
20210308,09:30,67.85,67.90,60.00,61.95,111700,827075
20210308,09:31,62.85,62.95,57.25,59.90,67375,827075
20210308,09:32,59.15,63.00,57.85,60.85,59725,866100
20210308,09:33,60.55,65.10,59.45,63.25,45900,866100
20210308,09:34,63.00,66.05,63.00,64.80,52625,866100
20210308,09:35,64.60,67.85,63.80,63.80,37150,885125
20210308,09:36,64.00,65.90,59.30,59.65,46375,885125
20210308,09:37,59.95,62.65,58.95,61.65,29850,885125
20210308,09:38,61.80,62.50,58.85,59.60,39400,900725
20210308,09:39,60.50,62.45,59.80,60.05,31225,900725
20210308,09:40,60.30,65.85,60.00,63.35,28875,900725
20210308,09:41,63.75,65.20,61.45,61.75,38800,917975
20210308,09:42,61.55,64.35,60.25,64.35,20625,917975
20210308,09:43,64.40,66.20,63.40,63.55,33050,917975
20210308,09:44,64.35,66.75,63.60,65.10,23550,925675
20210308,09:45,65.45,65.45,61.55,65.35,32475,925675
20210308,09:46,64.95,67.30,64.35,67.00,35975,925675
20210308,09:47,67.20,68.35,65.65,65.65,16525,940900
20210308,09:48,65.20,67.15,64.05,64.05,27300,940900
20210308,09:49,63.85,65.65,61.40,61.40,25275,940900
20210308,09:50,59.00,59.00,53.75,57.35,78525,954600
20210308,09:51,56.60,57.40,51.30,52.60,56750,954600
20210308,09:52,53.65,54.40,51.90,53.85,54300,954600
20210308,09:53,53.60,54.55,50.75,51.60,48400,939500
20210308,09:54,51.70,53.85,50.50,52.15,47550,939500
20210308,09:55,52.20,52.20,49.70,50.45,65100,939500
20210308,09:56,50.30,53.55,50.30,52.55,34575,927975
20210308,09:57,52.45,53.35,50.75,51.50,36025,927975
20210308,09:58,51.45,51.85,48.10,48.95,48175,927975
20210308,09:59,48.05,48.50,45.75,46.15,60200,940025
20210308,10:00,46.00,46.35,44.05,45.40,100175,940025
20210308,10:01,45.35,45.65,44.40,44.85,48625,940025
20210308,10:02,44.15,44.95,43.05,44.30,44450,938275
20210308,10:03,44.50,45.65,44.10,45.45,36425,938275
20210308,10:04,45.05,45.20,42.95,43.45,43950,938275
20210308,10:05,43.25,45.75,41.75,45.75,70875,949325
20210308,10:06,45.55,46.50,44.90,45.65,31175,949325
20210308,10:07,45.65,46.35,43.75,44.60,31050,949325
20210308,10:08,44.65,47.25,44.60,46.10,25675,955850
20210308,10:09,45.90,45.90,44.20,44.30,29825,955850
20210308,10:10,44.15,46.55,43.65,45.70,35075,955850
20210308,10:11,45.85,46.80,44.55,45.45,29325,970900
20210308,10:12,45.50,45.75,43.90,44.50,29600,970900
20210308,10:13,44.55,46.80,44.40,46.15,23700,970900
20210308,10:14,46.15,47.00,45.20,45.90,20525,988675
20210308,10:15,45.65,47.85,45.30,47.50,25200,988675
20210308,10:16,48.65,48.90,47.00,47.45,30175,988675
20210308,10:17,47.30,49.70,47.30,47.45,22400,994550
20210308,10:18,47.60,49.30,47.25,49.20,19275,994550
20210308,10:19,49.05,49.60,47.70,49.60,22325,994550
20210308,10:20,49.95,50.50,46.50,46.50,37250,1002075
20210308,10:21,47.45,47.85,45.45,46.40,24600,1002075
20210308,10:22,45.80,45.90,43.80,44.70,25600,1002075
20210308,10:23,44.25,45.90,44.25,45.15,20200,1012450
20210308,10:24,45.20,47.70,44.50,47.00,19850,1012450
20210308,10:25,47.00,48.90,47.00,47.85,20175,1012450
20210308,10:26,47.55,49.45,46.75,49.20,13800,1010450
20210308,10:27,48.95,49.45,47.00,47.70,16200,1010450
20210308,10:28,48.10,50.60,48.05,49.65,21100,1010450
20210308,10:29,49.50,52.05,49.20,50.15,30900,1008425
20210308,10:30,50.25,50.70,48.15,49.80,25775,1008425
20210308,10:31,49.95,53.85,49.75,50.95,34750,1008425
20210308,10:32,50.90,53.75,50.90,51.75,57225,1021875
20210308,10:33,52.10,56.00,51.80,53.90,56900,1021875
20210308,10:34,53.95,54.70,52.10,53.65,38100,1021875
20210308,10:35,53.55,55.05,50.75,55.05,50175,1040175
20210308,10:36,55.45,59.85,53.70,53.70,69450,1040175
20210308,10:37,53.30,56.60,52.70,56.50,29550,1040175
20210308,10:38,57.25,58.85,55.95,56.45,43750,1056675
20210308,10:39,56.90,66.40,56.70,66.40,84900,1056675
20210308,10:40,66.55,71.00,65.25,67.70,81375,1056675
20210308,10:41,67.95,71.20,62.95,64.90,74875,1070475
20210308,10:42,64.85,80.00,64.85,80.00,142725,1070475
20210308,10:43,80.90,83.35,71.80,83.35,132625,1070475
20210308,10:44,84.00,94.85,82.60,94.00,191100,1110175
20210308,10:45,94.90,112.85,94.90,110.85,234675,1110175
20210308,10:46,110.75,131.00,110.75,124.10,242975,1110175
20210308,10:47,124.50,125.70,102.10,107.95,162275,1096775
20210308,10:48,111.35,111.35,98.95,102.65,107575,1096775
20210308,10:49,103.10,107.40,97.40,99.90,87725,1096775
20210308,10:50,100.65,112.25,100.00,100.80,101125,1077175
20210308,10:51,100.90,100.90,88.55,91.50,98725,1077175
20210308,10:52,92.15,95.00,87.45,87.45,52475,1077175
20210308,10:53,87.00,96.35,86.05,90.20,51700,1079850
20210308,10:54,89.90,94.05,86.90,87.30,39450,1079850
20210308,10:55,88.55,103.50,88.55,95.90,77525,1079850
20210308,10:56,96.00,96.65,90.00,92.55,40125,1082425
20210308,10:57,93.55,98.00,88.60,95.00,37725,1082425
20210308,10:58,94.10,95.05,86.55,87.20,35225,1082425
20210308,10:59,87.35,87.35,81.15,86.75,51350,1078325
20210308,11:00,86.50,94.30,86.45,94.30,38300,1078325
20210308,11:01,94.65,95.15,89.35,94.70,34200,1078325
20210308,11:02,94.55,99.35,93.65,93.65,54050,1074300
20210308,11:03,94.55,105.15,94.55,102.10,46800,1074300
20210308,11:04,104.00,104.00,94.45,101.25,48525,1074300
20210308,11:05,101.60,110.90,98.95,98.95,74450,1074400
20210308,11:06,100.85,100.85,93.55,95.35,34850,1074400
20210308,11:07,95.65,100.15,93.25,97.20,33200,1074400
20210308,11:08,95.90,98.70,93.50,94.15,27325,1079800
20210308,11:09,94.40,99.05,92.50,92.50,36225,1079800
20210308,11:10,92.75,98.40,89.85,89.85,39725,1079800
20210308,11:11,90.40,92.10,84.30,85.60,39250,1079975
20210308,11:12,85.90,88.50,83.45,84.45,43975,1079975
20210308,11:13,84.95,88.65,84.25,85.10,20100,1079975
20210308,11:14,85.50,89.95,82.50,83.80,35350,1079325
20210308,11:15,82.00,82.50,75.25,80.50,65875,1079325
20210308,11:16,80.60,85.30,79.35,82.20,43850,1079325
20210308,11:17,82.95,84.90,81.00,81.30,30200,1090900
20210308,11:18,81.70,83.00,72.95,73.35,45075,1090900
20210308,11:19,73.45,76.05,69.50,71.55,44750,1090900
20210308,11:20,72.00,74.80,69.80,70.00,33150,1092450
20210308,11:21,69.55,74.95,69.55,74.70,31100,1092450
20210308,11:22,74.55,78.80,74.55,78.00,33850,1092450
20210308,11:23,78.25,81.05,76.70,80.30,24275,1094175
20210308,11:24,79.90,81.45,77.90,79.60,25325,1094175
20210308,11:25,79.35,83.95,77.50,83.35,23800,1094175
20210308,11:26,83.20,83.20,77.75,80.55,22925,1096200
20210308,11:27,80.10,81.60,76.50,77.25,14750,1096200
20210308,11:28,76.95,85.90,76.55,85.85,26225,1096200
20210308,11:29,84.95,91.20,84.95,87.60,49500,1090900
20210308,11:30,87.70,89.10,79.70,82.30,30625,1090900
20210308,11:31,82.75,84.55,79.25,80.40,17925,1090900
20210308,11:32,80.65,80.65,73.50,76.30,35850,1092100
20210308,11:33,76.50,78.50,75.00,78.05,20875,1092100
20210308,11:34,77.85,78.30,72.00,74.10,29625,1092100
20210308,11:35,73.50,76.75,69.75,74.65,41150,1098925
20210308,11:36,74.85,76.95,74.00,75.20,22925,1098925
20210308,11:37,75.45,77.85,70.70,77.00,27100,1098925
20210308,11:38,77.05,79.15,75.65,77.20,20800,1088625
20210308,11:39,76.85,81.85,76.30,79.50,16475,1088625
20210308,11:40,80.10,83.85,77.90,82.65,19100,1088625
20210308,11:41,82.00,84.35,79.00,81.25,20225,1088925
20210308,11:42,81.25,84.60,80.40,80.40,18375,1088925
20210308,11:43,80.75,83.85,80.75,83.85,17250,1088925
20210308,11:44,83.40,86.60,80.80,85.55,29150,1091900
20210308,11:45,84.05,84.45,80.80,82.55,25975,1091900
20210308,11:46,82.65,89.65,82.65,84.80,39500,1091900
20210308,11:47,85.00,85.00,80.40,81.20,21625,1097725
20210308,11:48,80.55,84.80,78.55,84.00,23200,1097725
20210308,11:49,83.35,85.45,82.90,84.25,14625,1097725
20210308,11:50,84.30,87.80,81.55,85.55,23400,1101800
20210308,11:51,85.40,88.00,84.55,84.55,12975,1101800
20210308,11:52,84.20,84.40,80.40,80.40,18075,1101800
20210308,11:53,79.75,81.00,78.10,81.00,19725,1107425
20210308,11:54,80.75,83.30,78.85,78.85,13500,1107425
20210308,11:55,78.60,79.55,76.30,78.25,23375,1107425
20210308,11:56,78.00,79.70,73.75,75.75,33425,1112175
20210308,11:57,75.00,78.15,74.20,78.00,13000,1112175
20210308,11:58,78.15,79.15,75.95,77.10,16075,1112175
20210308,11:59,78.00,82.40,78.00,80.80,27625,1107750
20210308,12:00,80.10,82.00,75.20,75.25,28525,1107750
20210308,12:01,74.65,83.05,74.65,80.70,32050,1107750
20210308,12:02,80.35,81.55,78.55,79.25,17925,1111225
20210308,12:03,79.65,81.70,78.75,80.65,10200,1111225
20210308,12:04,80.95,84.70,79.00,83.55,24000,1111225
20210308,12:05,82.60,85.00,81.95,84.85,18300,1109475
20210308,12:06,84.65,90.00,84.05,88.55,50425,1109475
20210308,12:07,88.70,91.55,86.60,88.20,42025,1109475
20210308,12:08,88.60,93.10,87.85,91.55,48325,1107550
20210308,12:09,91.05,94.60,90.00,92.70,39425,1107550
20210308,12:10,93.85,93.85,88.25,88.75,38400,1107550
20210308,12:11,88.50,88.75,83.65,86.35,35500,1110850
20210308,12:12,85.15,88.45,81.40,82.15,36525,1110850
20210308,12:13,83.20,86.75,81.95,84.15,23275,1110850
20210308,12:14,84.45,86.00,82.00,86.00,14575,1100275
20210308,12:15,85.60,86.00,80.10,85.20,30275,1100275
20210308,12:16,85.15,85.80,78.10,78.10,28250,1100275
20210308,12:17,78.95,81.55,77.35,80.15,32750,1095625
20210308,12:18,80.65,82.75,80.05,81.70,15600,1095625
20210308,12:19,81.95,82.00,77.65,82.00,17325,1095625
20210308,12:20,82.40,82.55,77.75,80.75,24525,1096550
20210308,12:21,80.55,81.80,74.50,75.25,25475,1096550
20210308,12:22,75.00,76.35,69.25,75.50,55100,1096550
20210308,12:23,75.50,77.20,71.50,73.45,24550,1096550
20210308,12:24,73.30,76.45,73.00,74.45,19650,1102125
20210308,12:25,74.40,76.60,73.65,73.65,18475,1102125
20210308,12:26,73.15,77.15,73.00,76.00,16300,1102125
20210308,12:27,75.00,75.50,71.75,72.80,18000,1102900
20210308,12:28,73.20,75.85,72.45,75.85,12525,1102900
20210308,12:29,76.30,79.30,76.30,77.20,24125,1102900
20210308,12:30,78.00,84.90,76.75,78.70,36450,1102650
20210308,12:31,78.50,79.35,67.20,67.20,51575,1102650
20210308,12:32,67.25,69.00,64.65,65.90,54025,1102650
20210308,12:33,66.10,70.45,66.10,69.40,19025,1099550
20210308,12:34,69.35,70.70,67.20,67.55,24150,1099550
20210308,12:35,67.35,69.70,66.15,69.15,36625,1099550
20210308,12:36,69.50,71.70,68.70,69.95,30950,1108275
20210308,12:37,70.50,72.20,67.70,71.80,26650,1108275
20210308,12:38,72.00,74.45,70.80,74.35,22550,1108275
20210308,12:39,74.00,76.60,72.90,76.45,28950,1118125
20210308,12:40,76.35,79.20,75.45,76.60,33850,1118125
20210308,12:41,77.55,82.90,77.55,82.45,29975,1118125
20210308,12:42,81.95,89.25,80.90,86.85,49050,1121050
20210308,12:43,87.95,89.05,85.05,87.90,30625,1121050
20210308,12:44,87.95,92.80,85.90,91.40,54450,1121050
20210308,12:45,92.00,104.00,90.70,102.60,106475,1126900
20210308,12:46,102.55,104.00,95.00,101.20,74875,1126900
20210308,12:47,102.80,105.10,94.55,96.55,61025,1126900
20210308,12:48,97.10,97.20,91.35,94.50,38550,1109000
20210308,12:49,94.35,98.20,93.60,97.55,32925,1109000
20210308,12:50,97.25,97.25,88.00,91.50,47900,1109000
20210308,12:51,91.80,100.60,88.60,100.60,38625,1105875
20210308,12:52,99.95,106.10,99.40,104.90,76475,1105875
20210308,12:53,104.10,109.40,101.20,109.40,47375,1105875
20210308,12:54,108.30,111.85,101.50,104.10,78000,1102475
20210308,12:55,104.00,104.75,93.10,95.35,55550,1102475
20210308,12:56,93.90,95.15,89.30,92.65,45925,1102475
20210308,12:57,92.60,92.60,87.60,92.40,29550,1108850
20210308,12:58,92.60,95.75,92.60,95.10,30275,1108850
20210308,12:59,95.80,95.85,89.95,93.15,20075,1108850
20210308,13:00,93.65,94.35,80.90,80.90,73825,1116175
20210308,13:01,81.45,87.85,81.45,86.10,38150,1116175
20210308,13:02,85.50,91.55,84.35,89.15,35375,1116175
20210308,13:03,88.90,91.50,84.95,84.95,28650,1120625
20210308,13:04,85.50,89.95,84.60,89.10,24800,1120625
20210308,13:05,89.00,89.30,83.20,87.90,29975,1120625
20210308,13:06,88.30,88.80,85.05,87.85,19075,1132825
20210308,13:07,88.00,94.10,85.20,93.75,28225,1132825
20210308,13:08,92.75,94.30,89.00,89.30,20500,1132825
20210308,13:09,89.00,91.45,87.25,91.00,27875,1135425
20210308,13:10,90.95,90.95,83.60,85.55,35050,1135425
20210308,13:11,85.50,86.05,77.80,78.55,60400,1135425
20210308,13:12,76.35,77.60,73.50,74.95,48325,1146575
20210308,13:13,74.15,78.55,72.60,77.20,42525,1146575
20210308,13:14,76.95,77.65,73.70,76.15,27125,1146575
20210308,13:15,75.60,78.10,73.45,75.20,36350,1150850
20210308,13:16,74.80,77.50,72.80,74.95,28025,1150850
20210308,13:17,74.50,74.55,70.25,74.20,36050,1150850
20210308,13:18,74.05,75.65,73.05,74.80,27225,1148725
20210308,13:19,76.00,79.60,75.60,77.05,33700,1148725
20210308,13:20,77.25,79.70,75.85,78.55,27525,1148725
20210308,13:21,78.55,81.70,77.25,79.80,30950,1152300
20210308,13:22,80.20,83.90,78.60,81.55,31200,1152300
20210308,13:23,82.00,83.50,81.10,81.10,19875,1152300
20210308,13:24,81.05,84.20,81.05,83.35,14750,1149175
20210308,13:25,83.40,87.00,82.30,86.15,36350,1149175
20210308,13:26,87.75,88.25,83.65,84.55,33525,1149175
20210308,13:27,85.80,88.80,85.45,88.20,25400,1146000
20210308,13:28,89.20,89.80,85.60,87.45,27300,1146000
20210308,13:29,87.25,87.25,82.20,83.10,24500,1146000
20210308,13:30,82.00,83.15,78.50,82.75,35625,1141100
20210308,13:31,82.55,82.55,73.80,73.80,44525,1141100
20210308,13:32,74.75,75.45,72.05,74.45,40400,1141100
20210308,13:33,74.55,77.25,73.80,75.95,23450,1124550
20210308,13:34,76.15,87.90,76.15,86.95,39375,1124550
20210308,13:35,88.00,96.70,87.95,91.00,73775,1124550
20210308,13:36,90.35,90.90,84.70,89.70,47875,1130450
20210308,13:37,90.05,93.70,86.60,93.25,33000,1130450
20210308,13:38,92.85,95.45,89.35,93.35,46575,1130450
20210308,13:39,93.70,105.50,90.05,102.40,119675,1137600
20210308,13:40,100.90,116.35,100.90,112.15,169800,1137600
20210308,13:41,113.95,114.55,102.45,106.05,78325,1137600
20210308,13:42,107.30,114.00,107.05,109.65,74250,1134550
20210308,13:43,109.70,110.85,93.55,93.60,93250,1134550
20210308,13:44,93.65,97.65,88.90,95.00,63100,1134550
20210308,13:45,95.95,95.95,85.00,88.80,63425,1127450
20210308,13:46,88.20,91.80,84.00,85.10,45775,1127450
20210308,13:47,85.55,87.95,81.75,87.35,45050,1127450
20210308,13:48,86.50,95.15,86.50,91.60,42300,1134300
20210308,13:49,92.70,99.75,92.70,97.05,44575,1134300
20210308,13:50,97.45,104.80,93.55,103.50,65200,1134300
20210308,13:51,104.80,111.80,100.80,109.15,89500,1132075
20210308,13:52,109.10,109.30,98.30,99.05,70375,1132075
20210308,13:53,98.40,98.95,92.35,98.95,45500,1132075
20210308,13:54,99.15,100.40,96.35,99.60,37525,1138400
20210308,13:55,99.40,111.00,99.40,111.00,67625,1138400
20210308,13:56,111.35,112.05,95.40,99.85,65550,1138400
20210308,13:57,99.20,99.60,90.75,93.90,49875,1128775
20210308,13:58,93.65,93.65,85.80,90.50,63350,1128775
20210308,13:59,90.15,90.40,85.60,88.60,39350,1128775
20210308,14:00,89.65,94.00,82.65,90.25,58750,1143650
20210308,14:01,90.80,95.85,88.65,93.80,39575,1143650
20210308,14:02,93.40,96.75,91.85,92.00,37575,1143650
20210308,14:03,92.90,94.50,84.00,87.50,57900,1148300
20210308,14:04,87.30,88.05,84.75,85.45,37700,1148300
20210308,14:05,85.60,88.55,81.40,87.75,50500,1148300
20210308,14:06,88.25,91.15,84.70,84.70,31675,1157200
20210308,14:07,84.35,91.00,83.80,86.75,32650,1157200
20210308,14:08,86.90,87.00,82.10,83.00,31550,1157200
20210308,14:09,82.90,83.70,76.40,77.20,48725,1159325
20210308,14:10,77.60,79.35,71.75,73.35,62050,1159325
20210308,14:11,73.55,77.35,73.20,74.40,43850,1159325
20210308,14:12,74.95,75.65,65.85,67.85,66875,1153125
20210308,14:13,69.30,73.10,68.20,73.10,49275,1153125
20210308,14:14,73.45,75.90,72.50,75.05,42975,1153125
20210308,14:15,74.45,75.65,70.35,71.65,20575,1160050
20210308,14:16,71.15,72.45,69.00,71.80,26950,1160050
20210308,14:17,72.00,75.35,69.00,74.65,29000,1160050
20210308,14:18,73.20,73.20,68.75,68.75,34500,1165775
20210308,14:19,68.70,70.70,63.05,64.00,75300,1165775
20210308,14:20,64.55,65.25,57.55,57.90,90675,1165775
20210308,14:21,57.40,59.25,51.40,54.90,170400,1162600
20210308,14:22,54.60,56.10,52.75,53.70,102425,1162600
20210308,14:23,53.85,55.20,49.35,52.10,100450,1162600
20210308,14:24,52.25,53.60,48.85,49.40,102425,1149425
20210308,14:25,48.90,52.55,46.95,52.35,101875,1149425
20210308,14:26,52.45,53.40,50.10,51.35,57425,1149425
20210308,14:27,51.10,52.65,49.45,52.50,44850,1140800
20210308,14:28,52.40,52.40,49.10,50.55,68825,1140800
20210308,14:29,50.80,51.60,48.15,48.60,66000,1140800
20210308,14:30,48.10,50.90,46.25,50.10,86150,1129050
20210308,14:31,50.20,51.85,48.05,51.00,53350,1129050
20210308,14:32,51.00,51.20,47.60,47.65,43450,1129050
20210308,14:33,47.90,48.60,46.85,47.45,56425,1126900
20210308,14:34,47.45,48.45,44.70,48.25,61000,1126900
20210308,14:35,48.55,52.65,47.95,51.15,80050,1126900
20210308,14:36,51.10,53.30,51.10,52.05,50800,1114400
20210308,14:37,52.00,54.15,51.05,54.15,46750,1114400
20210308,14:38,54.05,54.05,50.30,50.30,36975,1114400
20210308,14:39,50.45,50.45,46.95,46.95,57600,1105650
20210308,14:40,47.60,48.45,40.10,41.20,83525,1105650
20210308,14:41,41.10,41.10,38.05,40.70,90000,1105650
20210308,14:42,40.20,42.95,40.20,41.70,42525,1092100
20210308,14:43,41.35,43.70,41.35,42.35,32375,1092100
20210308,14:44,42.95,44.50,42.50,43.25,51125,1092100
20210308,14:45,43.10,43.90,41.00,41.35,57700,1089500
20210308,14:46,41.25,44.85,41.25,43.90,48425,1089500
20210308,14:47,44.15,47.20,44.10,45.90,52600,1089500
20210308,14:48,46.05,48.15,43.95,47.80,39250,1071425
20210308,14:49,47.65,48.70,45.60,45.80,37325,1071425
20210308,14:50,46.20,48.20,45.75,46.75,27450,1071425
20210308,14:51,47.00,51.20,47.00,49.55,55350,1074100
20210308,14:52,49.50,52.30,49.05,51.50,50700,1074100
20210308,14:53,51.80,52.85,50.65,51.15,45800,1074100
20210308,14:54,51.55,57.00,51.55,53.45,73800,1053000
20210308,14:55,53.25,60.30,51.45,60.30,65950,1053000
20210308,14:56,59.95,62.10,57.70,59.45,77350,1053000
20210308,14:57,60.05,60.05,54.60,55.25,38825,1049750
20210308,14:58,55.40,55.55,51.05,54.25,36075,1049750
20210308,14:59,53.30,53.55,49.60,50.95,52475,1049750
20210308,15:00,51.15,57.30,51.15,53.60,49525,1044275
20210308,15:01,54.15,57.00,53.95,57.00,32875,1044275
20210308,15:02,57.85,62.20,57.55,61.25,77250,1044275
20210308,15:03,61.05,63.00,60.15,60.15,48550,1033750
20210308,15:04,61.15,66.80,61.10,66.80,73300,1033750
20210308,15:05,69.00,79.05,66.30,79.05,97200,1033750
20210308,15:06,80.35,89.05,78.05,78.05,123875,1020800
20210308,15:07,78.70,78.70,67.70,69.00,108375,1020800
20210308,15:08,68.40,74.00,67.25,72.15,78875,1020800
20210308,15:09,72.00,81.80,71.20,81.80,69525,1031425
20210308,15:10,82.20,85.65,72.60,74.00,101225,1031425
20210308,15:11,72.75,79.05,70.30,70.30,64200,1031425
20210308,15:12,70.00,72.55,65.15,65.35,90075,1028250
20210308,15:13,65.15,65.30,58.40,58.40,124325,1028250
20210308,15:14,59.10,62.65,55.75,56.20,114650,1028250
20210308,15:15,56.40,58.10,50.05,50.05,86275,1023250
20210308,15:16,50.50,53.85,49.65,52.30,75800,1023250
20210308,15:17,52.05,55.00,52.00,52.90,60625,1023250
20210308,15:18,51.95,55.55,50.65,53.40,56525,1024550
20210308,15:19,53.15,53.75,49.50,51.75,52875,1024550
20210308,15:20,51.85,54.60,50.85,54.40,45750,1024550
20210308,15:21,53.40,54.05,50.75,51.95,45575,1005125
20210308,15:22,52.20,53.70,50.95,52.10,39625,1005125
20210308,15:23,51.75,55.85,51.30,55.50,64125,1005125
20210308,15:24,55.05,56.00,54.10,55.20,53575,998900
20210308,15:25,55.50,57.60,52.50,52.50,54825,998900
20210308,15:26,52.60,55.65,51.70,55.65,33150,998900
20210308,15:27,55.70,57.00,55.40,56.55,37875,990325
20210308,15:28,56.75,57.65,55.75,56.20,56900,990325
20210308,15:29,56.60,57.70,55.00,57.70,57950,990325
20210308,15:30,56.45,56.45,56.45,56.45,50,990325
20210309,09:15,38.00,38.90,18.15,20.45,183253,973750
20210309,09:16,21.25,21.50,17.10,18.15,142625,973750
20210309,09:17,18.25,19.25,17.75,18.75,126475,957000
20210309,09:18,18.60,18.60,17.40,17.75,190000,957000
20210309,09:19,17.80,17.85,17.00,17.15,212225,957000
20210309,09:20,17.35,17.75,15.20,17.00,194525,840375
20210309,09:21,16.95,17.65,16.60,17.50,116525,840375
20210309,09:22,17.75,17.90,17.15,17.40,89375,840375
20210309,09:23,17.35,17.90,16.90,17.80,86400,809400
20210309,09:24,17.70,18.00,17.15,17.20,77175,809400
20210309,09:25,17.10,18.00,16.75,17.70,89625,809400
20210309,09:26,17.65,17.90,16.95,17.00,54800,791300
20210309,09:27,17.00,19.90,16.95,19.40,102050,791300
20210309,09:28,19.20,19.40,18.15,19.35,80000,791300
20210309,09:29,19.45,19.90,18.40,18.60,67725,756325
20210309,09:30,18.65,19.95,18.10,19.60,55525,756325
20210309,09:31,19.45,21.25,18.95,20.65,71300,756325
20210309,09:32,20.50,20.75,19.55,20.45,55125,755600
20210309,09:33,20.40,20.60,19.70,19.90,32475,755600
20210309,09:34,19.70,20.75,19.45,20.65,40700,755600
20210309,09:35,20.90,21.15,19.05,20.85,47000,742675
20210309,09:36,20.70,20.70,19.60,20.15,48725,742675
20210309,09:37,20.20,20.60,19.45,20.00,32925,742675
20210309,09:38,20.15,20.70,20.15,20.30,22200,729600
20210309,09:39,20.50,20.85,19.70,20.55,33750,729600
20210309,09:40,20.65,21.20,20.35,20.65,26875,729600
20210309,09:41,20.90,21.40,20.55,20.60,25225,733625
20210309,09:42,20.65,21.50,20.25,21.25,37875,733625
20210309,09:43,21.15,21.35,20.50,20.85,43800,733625
20210309,09:44,21.25,21.50,20.75,21.40,34250,735550
20210309,09:45,21.25,21.45,19.80,19.80,51125,735550
20210309,09:46,19.95,21.15,19.55,21.10,51100,735550
20210309,09:47,21.25,22.40,20.55,22.10,75025,767475
20210309,09:48,22.50,22.50,21.00,21.60,28325,767475
20210309,09:49,21.60,22.00,21.20,21.75,21200,767475
20210309,09:50,21.90,21.90,20.85,21.50,28975,767275
20210309,09:51,21.55,22.30,19.65,20.15,57525,767275
20210309,09:52,20.00,20.85,19.80,20.30,25125,767275
20210309,09:53,20.20,20.20,19.05,19.60,40150,775575
20210309,09:54,19.65,19.90,19.15,19.15,34025,775575
20210309,09:55,19.00,20.15,19.00,20.00,33225,775575
20210309,09:56,20.00,20.95,19.60,19.75,47875,783425
20210309,09:57,19.85,20.20,18.80,18.90,56825,783425
20210309,09:58,19.25,19.25,17.80,17.80,51875,783425
20210309,09:59,17.75,18.25,17.55,18.25,52475,796700
20210309,10:00,18.00,18.05,17.10,17.55,49875,796700
20210309,10:01,17.60,18.35,17.55,18.00,25675,796700
20210309,10:02,18.00,18.35,17.90,17.95,24150,797725
20210309,10:03,18.00,18.50,17.90,18.00,43850,797725
20210309,10:04,18.05,18.40,17.65,18.15,87000,797725
20210309,10:05,18.05,18.70,17.85,18.10,95900,792650
20210309,10:06,18.10,18.50,18.00,18.25,33375,792650
20210309,10:07,18.10,18.55,17.95,18.15,26200,792650
20210309,10:08,18.30,18.30,17.70,17.95,27250,811400
20210309,10:09,17.80,18.10,17.75,17.90,19825,811400
20210309,10:10,18.00,18.55,17.80,18.55,29325,811400
20210309,10:11,18.45,18.75,17.95,18.70,28650,812950
20210309,10:12,18.80,18.80,18.10,18.25,13425,812950
20210309,10:13,18.10,19.00,18.10,18.60,38975,812950
20210309,10:14,18.80,19.35,18.50,19.25,18025,808550
20210309,10:15,19.30,19.85,18.55,19.80,31600,808550
20210309,10:16,19.85,20.35,18.80,19.10,35225,808550
20210309,10:17,19.05,19.50,18.70,18.85,19950,804150
20210309,10:18,19.20,19.30,18.10,19.00,31225,804150
20210309,10:19,18.90,18.90,17.40,18.35,32750,804150
20210309,10:20,18.25,18.75,17.75,18.70,28525,800875
20210309,10:21,18.70,19.15,18.25,18.40,18600,800875
20210309,10:22,18.20,19.00,18.20,18.85,18975,800875
20210309,10:23,18.90,19.35,18.45,18.45,16150,798175
20210309,10:24,18.35,18.70,18.15,18.15,25375,798175
20210309,10:25,18.10,18.60,18.10,18.40,20500,798175
20210309,10:26,18.25,18.70,18.15,18.35,17400,800575
20210309,10:27,18.50,18.55,18.15,18.30,13650,800575
20210309,10:28,18.30,18.30,17.55,17.95,21975,800575
20210309,10:29,18.00,18.25,17.50,18.15,20300,806700
20210309,10:30,18.10,18.25,17.25,17.55,28750,806700
20210309,10:31,17.55,18.00,17.20,17.85,28875,806700
20210309,10:32,17.90,18.00,17.05,17.20,36250,808325
20210309,10:33,17.15,17.80,16.95,17.75,23600,808325
20210309,10:34,17.70,17.80,17.30,17.50,15200,808325
20210309,10:35,17.65,17.70,17.20,17.55,13425,801625
20210309,10:36,17.60,17.70,17.15,17.15,13175,801625
20210309,10:37,17.45,17.55,17.10,17.55,11325,801625
20210309,10:38,17.50,17.55,17.25,17.55,9175,797225
20210309,10:39,17.30,17.60,17.10,17.55,13450,797225
20210309,10:40,17.50,17.55,17.10,17.15,11475,797225
20210309,10:41,17.15,17.55,17.05,17.35,8750,797050
20210309,10:42,17.35,17.75,17.30,17.45,15425,797050
20210309,10:43,17.40,18.35,17.40,18.25,47475,797050
20210309,10:44,18.20,18.65,17.95,18.20,28025,789725
20210309,10:45,18.30,18.80,17.80,18.55,19725,789725
20210309,10:46,18.60,18.60,17.75,17.80,10175,789725
20210309,10:47,17.90,18.25,17.70,18.00,12300,788000
20210309,10:48,18.00,18.00,17.35,17.60,14900,788000
20210309,10:49,17.75,17.85,17.30,17.60,17875,788000
20210309,10:50,17.70,17.95,17.50,17.90,14750,790825
20210309,10:51,17.75,17.75,17.25,17.40,12325,790825
20210309,10:52,17.40,17.90,17.25,17.85,15450,790825
20210309,10:53,17.90,18.05,17.45,17.90,15325,793225
20210309,10:54,17.80,18.00,17.50,17.80,19150,793225
20210309,10:55,17.85,18.05,17.55,17.95,10425,793225
20210309,10:56,17.90,18.20,17.75,17.80,17850,790325
20210309,10:57,17.80,18.20,17.70,17.70,13550,790325
20210309,10:58,17.75,17.90,17.60,17.70,9000,790325
20210309,10:59,17.70,17.85,17.45,17.45,7600,794850
20210309,11:00,17.60,18.45,17.45,17.50,23600,794850
20210309,11:01,17.35,18.15,17.35,17.90,29125,794850
20210309,11:02,18.00,18.05,17.45,17.75,13200,796150
20210309,11:03,17.75,18.40,17.65,18.05,14475,796150
20210309,11:04,18.10,18.30,17.85,18.00,8800,796150
20210309,11:05,18.00,18.70,17.90,18.30,21100,794850
20210309,11:06,18.25,18.70,18.25,18.45,14950,794850
20210309,11:07,18.50,19.00,18.30,18.80,39925,794850
20210309,11:08,18.85,19.10,18.55,18.85,19625,811425
20210309,11:09,18.75,18.90,18.20,18.25,11250,811425
20210309,11:10,18.60,19.25,18.35,19.00,18700,811425
20210309,11:11,19.00,19.20,18.55,18.95,11450,816050
20210309,11:12,18.90,19.05,18.55,19.00,11725,816050
20210309,11:13,18.90,19.10,18.60,18.95,13050,816050
20210309,11:14,18.90,18.90,18.30,18.65,16400,823400
20210309,11:15,18.65,18.70,18.20,18.45,12275,823400
20210309,11:16,18.65,18.85,18.45,18.55,13500,823400
20210309,11:17,18.60,18.85,17.75,18.05,21475,828125
20210309,11:18,17.95,18.70,17.70,18.45,39600,828125
20210309,11:19,18.50,18.50,18.05,18.35,10625,828125
20210309,11:20,18.30,18.35,17.65,17.65,14900,830650
20210309,11:21,17.65,17.95,17.35,17.80,40550,830650
20210309,11:22,17.90,18.40,17.90,18.25,19500,830650
20210309,11:23,18.30,18.35,18.00,18.10,17325,829475
20210309,11:24,18.15,18.40,18.00,18.00,17225,829475
20210309,11:25,18.00,18.30,18.00,18.15,10525,829475
20210309,11:26,18.00,18.20,17.90,17.90,19225,826275
20210309,11:27,17.95,18.20,17.60,18.10,28400,826275
20210309,11:28,18.20,18.35,17.90,18.15,19475,826275
20210309,11:29,18.25,18.35,17.75,18.10,10400,831225
20210309,11:30,18.15,18.15,17.70,18.10,11225,831225
20210309,11:31,18.10,18.25,17.65,17.65,17425,831225
20210309,11:32,17.65,18.00,17.65,17.90,21075,836175
20210309,11:33,18.00,18.40,18.00,18.30,21350,836175
20210309,11:34,18.30,19.10,17.80,18.85,70700,836175
20210309,11:35,18.75,18.90,18.40,18.80,58725,860075
20210309,11:36,18.65,18.80,17.85,18.15,57775,860075
20210309,11:37,18.20,18.20,17.50,17.80,49125,860075
20210309,11:38,17.95,18.05,17.65,18.00,51275,852700
20210309,11:39,18.05,18.30,17.95,17.95,30125,852700
20210309,11:40,18.00,18.50,17.85,17.85,30400,852700
20210309,11:41,17.95,18.15,17.85,18.00,17700,843100
20210309,11:42,18.00,18.15,17.60,17.60,16550,843100
20210309,11:43,17.65,17.65,17.30,17.55,24400,843100
20210309,11:44,17.55,17.80,17.30,17.60,20900,842050
20210309,11:45,17.65,17.90,17.35,17.70,69550,842050
20210309,11:46,17.55,17.90,17.55,17.65,33275,842050
20210309,11:47,17.60,17.70,17.15,17.15,22075,843725
20210309,11:48,17.10,17.25,16.75,16.75,31700,843725
20210309,11:49,16.70,16.85,16.55,16.85,29875,843725
20210309,11:50,16.80,17.30,16.75,17.30,50125,858850
20210309,11:51,17.10,17.50,17.00,17.40,59975,858850
20210309,11:52,17.50,17.55,17.00,17.30,23800,858850
20210309,11:53,17.15,17.25,16.70,16.90,29375,849900
20210309,11:54,16.90,17.20,16.80,17.00,14400,849900
20210309,11:55,17.05,17.15,16.90,17.05,14175,849900
20210309,11:56,17.15,17.30,17.05,17.20,17050,846875
20210309,11:57,17.25,17.35,17.00,17.05,7600,846875
20210309,11:58,17.00,17.30,17.00,17.00,12225,846875
20210309,11:59,16.95,17.20,16.80,16.95,13375,841875
20210309,12:00,16.90,17.25,16.80,17.10,9875,841875
20210309,12:01,17.10,17.20,16.70,16.90,42075,841875
20210309,12:02,16.80,17.15,16.70,17.00,15175,841875
20210309,12:03,17.10,17.25,16.90,17.15,18575,834550
20210309,12:04,17.10,17.45,17.00,17.25,12525,834550
20210309,12:05,17.25,17.40,17.10,17.40,5325,834550
20210309,12:06,17.45,17.45,16.95,17.25,17125,839100
20210309,12:07,17.20,17.70,17.05,17.05,27525,839100
20210309,12:08,17.20,17.80,17.20,17.80,16700,839100
20210309,12:09,17.70,17.90,17.60,17.70,8925,843800
20210309,12:10,17.75,17.80,17.40,17.75,10475,843800
20210309,12:11,17.50,17.50,17.15,17.40,43700,843800
20210309,12:12,17.40,17.40,16.75,17.00,12875,830775
20210309,12:13,16.95,17.40,16.90,17.40,5325,830775
20210309,12:14,17.25,17.45,17.20,17.45,10675,830775
20210309,12:15,17.40,17.60,17.30,17.30,15350,834050
20210309,12:16,17.35,17.85,17.30,17.30,15575,834050
20210309,12:17,17.25,17.60,17.05,17.50,17625,834050
20210309,12:18,17.35,17.60,17.25,17.50,12275,838200
20210309,12:19,17.45,18.40,17.45,18.40,33875,838200
20210309,12:20,18.40,18.50,17.80,18.20,29975,838200
20210309,12:21,18.80,19.55,18.35,18.95,74100,835775
20210309,12:22,19.25,19.55,18.65,19.00,30875,835775
20210309,12:23,18.85,18.85,17.30,18.00,30425,835775
20210309,12:24,18.05,18.30,17.45,17.60,11550,837300
20210309,12:25,17.35,18.15,17.25,18.10,22525,837300
20210309,12:26,18.20,18.90,18.05,18.55,38675,837300
20210309,12:27,18.60,19.00,18.25,18.35,15525,861075
20210309,12:28,18.40,18.90,18.40,18.90,16775,861075
20210309,12:29,18.70,19.00,18.30,18.80,21350,861075
20210309,12:30,18.90,19.25,18.00,18.45,27950,867700
20210309,12:31,18.40,19.60,18.40,19.20,27250,867700
20210309,12:32,19.30,19.60,18.80,19.20,21400,867700
20210309,12:33,19.20,19.50,18.30,18.30,35000,865425
20210309,12:34,18.30,19.30,18.30,18.80,17200,865425
20210309,12:35,18.75,19.60,18.15,19.25,79150,865425
20210309,12:36,19.35,19.35,18.25,18.55,32400,844200
20210309,12:37,18.30,18.95,17.75,18.05,30375,844200
20210309,12:38,18.20,18.25,17.60,17.75,13525,844200
20210309,12:39,17.60,18.00,17.35,17.95,14350,842525
20210309,12:40,17.90,18.30,17.50,17.70,13000,842525
20210309,12:41,17.70,17.95,17.25,17.60,10575,842525
20210309,12:42,17.60,17.65,17.00,17.55,14350,835425
20210309,12:43,17.40,17.75,17.15,17.75,8225,835425
20210309,12:44,17.70,17.70,16.90,17.15,19325,835425
20210309,12:45,17.20,17.40,16.80,16.90,11275,844775
20210309,12:46,16.80,17.15,16.75,16.90,16975,844775
20210309,12:47,16.85,17.15,16.55,16.70,22900,844775
20210309,12:48,16.60,17.00,16.60,16.90,14075,826500
20210309,12:49,16.95,17.15,16.65,17.00,12675,826500
20210309,12:50,17.10,17.60,16.80,17.25,20925,826500
20210309,12:51,17.30,17.60,17.05,17.30,20400,820925
20210309,12:52,17.30,17.35,16.80,16.85,35775,820925
20210309,12:53,16.85,16.95,16.05,16.40,48525,820925
20210309,12:54,16.35,16.80,15.65,15.80,36700,814500
20210309,12:55,15.90,16.00,15.35,15.35,26775,814500
20210309,12:56,15.35,15.55,15.15,15.15,19250,814500
20210309,12:57,14.95,15.30,14.90,15.30,19250,807225
20210309,12:58,15.45,15.45,15.05,15.15,16150,807225
20210309,12:59,15.10,15.25,14.75,15.15,32175,807225
20210309,13:00,15.25,16.25,15.20,15.90,40950,796725
20210309,13:01,15.85,16.65,15.85,16.65,23300,796725
20210309,13:02,16.65,17.05,16.25,16.35,35950,796725
20210309,13:03,16.10,16.65,15.95,16.60,23075,784350
20210309,13:04,16.65,16.75,16.05,16.50,14425,784350
20210309,13:05,16.40,16.65,15.80,16.35,54225,784350
20210309,13:06,16.40,16.65,15.60,16.05,32075,775775
20210309,13:07,16.05,16.05,15.15,15.70,28125,775775
20210309,13:08,15.80,16.00,15.35,15.35,14400,775775
20210309,13:09,15.35,15.90,15.15,15.60,24775,775450
20210309,13:10,15.60,15.90,15.30,15.35,31250,775450
20210309,13:11,15.30,15.70,15.30,15.55,16125,775450
20210309,13:12,15.65,16.05,15.55,15.95,17100,761125
20210309,13:13,15.90,16.10,15.75,16.10,17950,761125
20210309,13:14,16.10,17.50,16.00,17.25,42525,761125
20210309,13:15,17.20,18.00,17.05,17.30,46550,747925
20210309,13:16,17.35,17.35,15.65,15.95,30375,747925
20210309,13:17,16.15,16.15,15.45,15.65,19600,747925
20210309,13:18,15.75,17.45,15.75,17.30,15200,745250
20210309,13:19,17.15,17.85,16.55,17.65,33250,745250
20210309,13:20,17.25,18.35,16.50,18.35,59375,745250
20210309,13:21,18.30,19.00,17.10,18.90,50625,742350
20210309,13:22,19.00,19.35,18.20,18.50,79125,742350
20210309,13:23,18.45,18.75,17.15,17.65,38425,742350
20210309,13:24,17.90,17.90,16.40,17.10,32300,753350
20210309,13:25,17.20,17.95,17.10,17.80,18850,753350
20210309,13:26,17.80,17.85,16.75,17.35,35275,753350
20210309,13:27,17.40,17.50,16.40,16.65,14825,743375
20210309,13:28,16.65,16.90,15.85,16.75,21275,743375
20210309,13:29,16.50,16.70,15.40,15.40,31175,743375
20210309,13:30,15.30,16.15,15.25,15.50,15975,734200
20210309,13:31,15.60,15.60,13.35,13.45,39450,734200
20210309,13:32,13.50,14.05,13.30,13.80,32275,734200
20210309,13:33,13.80,13.80,12.75,13.45,30225,730025
20210309,13:34,13.45,13.95,13.20,13.50,26350,730025
20210309,13:35,13.45,14.40,13.20,14.20,19625,730025
20210309,13:36,14.20,14.20,13.50,13.90,12025,725425
20210309,13:37,13.85,13.95,13.50,13.80,7800,725425
20210309,13:38,13.80,14.40,13.65,13.90,13625,725425
20210309,13:39,13.70,13.85,13.30,13.50,13775,729675
20210309,13:40,13.50,14.25,13.45,13.70,15750,729675
20210309,13:41,13.80,14.00,13.45,13.90,15175,729675
20210309,13:42,13.80,14.30,13.60,13.70,15475,736650
20210309,13:43,13.60,14.90,13.60,14.75,15775,736650
20210309,13:44,15.00,15.65,14.80,15.40,20450,736650
20210309,13:45,15.50,17.45,15.35,16.35,34725,734750
20210309,13:46,16.50,16.55,14.95,15.10,29150,734750
20210309,13:47,15.00,15.95,14.15,15.20,23325,734750
20210309,13:48,15.10,15.75,14.65,15.65,18075,735575
20210309,13:49,15.55,16.05,15.00,15.15,14100,735575
20210309,13:50,15.00,16.10,14.45,15.40,19925,735575
20210309,13:51,15.45,15.95,14.75,15.55,12900,733575
20210309,13:52,15.35,15.50,14.70,14.85,18625,733575
20210309,13:53,14.90,14.90,14.05,14.30,18175,733575
20210309,13:54,14.20,14.45,13.40,13.75,21650,739075
20210309,13:55,13.75,14.75,12.95,13.20,29750,739075
20210309,13:56,13.10,13.95,12.60,13.50,27400,739075
20210309,13:57,13.35,13.75,13.05,13.25,21375,748000
20210309,13:58,13.15,13.50,13.00,13.00,23100,748000
20210309,13:59,13.00,13.40,12.80,12.90,25800,748000
20210309,14:00,12.85,13.05,12.50,12.65,60000,748375
20210309,14:01,12.70,12.85,12.35,12.35,21800,748375
20210309,14:02,12.40,13.10,12.40,12.95,29125,748375
20210309,14:03,12.80,12.95,12.40,12.45,20600,754625
20210309,14:04,12.55,12.70,12.25,12.25,20750,754625
20210309,14:05,12.30,12.80,12.30,12.65,34200,754625
20210309,14:06,12.65,12.80,12.45,12.50,26350,748700
20210309,14:07,12.55,12.75,12.35,12.55,21675,748700
20210309,14:08,12.55,12.85,12.35,12.80,29150,748700
20210309,14:09,12.65,12.95,12.50,12.70,28250,742800
20210309,14:10,12.65,13.35,12.45,12.60,29550,742800
20210309,14:11,12.60,12.95,12.50,12.85,12800,742800
20210309,14:12,12.80,12.80,12.15,12.50,18000,746850
20210309,14:13,12.40,12.85,12.20,12.85,16575,746850
20210309,14:14,12.75,12.80,12.00,12.35,27375,746850
20210309,14:15,12.35,12.45,12.10,12.35,34825,735025
20210309,14:16,12.20,12.20,11.05,11.05,47200,735025
20210309,14:17,11.15,11.55,10.95,11.15,29025,735025
20210309,14:18,11.25,11.40,11.10,11.15,21000,724100
20210309,14:19,11.10,11.20,10.15,10.25,34775,724100
20210309,14:20,10.25,10.30,9.90,10.05,52250,724100
20210309,14:21,10.15,10.15,9.80,10.00,25575,716825
20210309,14:22,9.95,10.20,9.80,9.95,26525,716825
20210309,14:23,9.95,10.00,9.60,9.90,27900,716825
20210309,14:24,9.95,10.30,9.85,10.25,24525,706850
20210309,14:25,10.20,10.85,10.15,10.55,28200,706850
20210309,14:26,10.50,10.80,10.20,10.35,12875,706850
20210309,14:27,10.35,10.40,9.95,10.20,14925,700925
20210309,14:28,10.05,10.30,9.60,9.60,62750,700925
20210309,14:29,9.65,9.85,9.50,9.85,11475,700925
20210309,14:30,9.80,9.80,9.40,9.60,21150,683975
20210309,14:31,9.60,9.70,8.55,9.00,28475,683975
20210309,14:32,9.00,9.00,8.60,8.75,22325,683975
20210309,14:33,8.80,9.05,8.80,8.95,15950,671400
20210309,14:34,8.95,9.10,8.70,8.75,12875,671400
20210309,14:35,8.85,8.90,8.60,8.80,13325,671400
20210309,14:36,8.75,8.80,8.40,8.40,23575,664900
20210309,14:37,8.45,8.60,8.30,8.45,20575,664900
20210309,14:38,8.40,8.70,8.35,8.55,24475,664900
20210309,14:39,8.65,9.00,8.55,8.85,25375,663075
20210309,14:40,8.75,8.75,8.35,8.60,24525,663075
20210309,14:41,8.55,8.95,8.25,8.80,31925,663075
20210309,14:42,8.75,8.80,8.55,8.70,19925,664100
20210309,14:43,8.60,8.65,8.30,8.40,24875,664100
20210309,14:44,8.40,8.60,8.20,8.25,14125,664100
20210309,14:45,8.25,8.40,8.10,8.25,16500,659650
20210309,14:46,8.25,8.40,8.10,8.40,14350,659650
20210309,14:47,8.40,8.65,8.00,8.35,48875,659650
20210309,14:48,8.25,8.60,8.00,8.00,33825,666100
20210309,14:49,8.05,8.10,7.80,8.05,25800,666100
20210309,14:50,8.05,8.30,7.95,8.00,27500,666100
20210309,14:51,8.00,8.65,7.90,8.50,41900,661850
20210309,14:52,8.60,8.65,8.50,8.60,16925,661850
20210309,14:53,8.60,8.75,8.40,8.45,17100,661850
20210309,14:54,8.50,8.55,8.30,8.50,11975,658575
20210309,14:55,8.55,8.75,8.20,8.25,18300,658575
20210309,14:56,8.30,8.50,8.20,8.45,16300,658575
20210309,14:57,8.45,8.45,8.20,8.25,11525,654125
20210309,14:58,8.25,8.35,8.00,8.05,44200,654125
20210309,14:59,8.05,8.30,8.00,8.25,15525,654125
20210309,15:00,8.05,8.20,7.75,7.80,23575,636750
20210309,15:01,7.75,8.05,7.55,7.80,44025,636750
20210309,15:02,7.75,7.85,7.60,7.60,14800,636750
20210309,15:03,7.75,7.75,7.55,7.60,12250,634975
20210309,15:04,7.80,7.95,7.70,7.75,14700,634975
20210309,15:05,7.80,8.05,7.65,7.75,29900,634975
20210309,15:06,7.75,7.80,7.30,7.50,30850,638175
20210309,15:07,7.35,7.45,7.20,7.30,38100,638175
20210309,15:08,7.35,7.40,7.15,7.15,24925,638175
20210309,15:09,7.15,7.65,7.10,7.65,45875,655075
20210309,15:10,7.55,8.00,7.45,8.00,50375,655075
20210309,15:11,7.90,8.10,7.45,7.45,32250,655075
20210309,15:12,7.45,7.50,6.90,7.00,38000,633750
20210309,15:13,7.00,7.15,6.90,6.95,39625,633750
20210309,15:14,6.90,7.75,6.80,7.50,71850,633750
20210309,15:15,7.60,7.95,7.30,7.45,60275,628100
20210309,15:16,7.50,7.60,7.00,7.10,26825,628100
20210309,15:17,7.05,7.05,6.60,6.75,33025,628100
20210309,15:18,6.70,7.05,6.65,6.90,26725,617650
20210309,15:19,6.85,6.85,6.55,6.55,26950,617650
20210309,15:20,6.65,7.05,6.60,6.95,50450,617650
20210309,15:21,7.00,7.00,6.70,6.75,37250,629125
20210309,15:22,6.75,6.80,6.55,6.60,49775,629125
20210309,15:23,6.65,7.00,6.50,6.85,42825,629125
20210309,15:24,7.00,7.35,7.00,7.30,33025,629025
20210309,15:25,7.30,7.60,7.20,7.40,49875,629025
20210309,15:26,7.30,7.85,7.20,7.65,32250,629025
20210309,15:27,7.60,7.70,7.30,7.40,34200,635250
20210309,15:28,7.35,7.50,6.90,6.90,28225,635250
20210309,15:29,6.95,7.25,6.55,7.00,31625,635250
20210309,15:30,7.00,7.00,7.00,7.00,100,635250
20210310,09:15,4.00,4.00,2.25,2.50,89753,619525
20210310,09:16,2.40,2.45,2.15,2.30,79125,619525
20210310,09:17,2.30,2.70,2.30,2.70,75425,622675
20210310,09:18,2.75,3.15,2.65,3.15,88350,622675
20210310,09:19,3.10,3.40,3.00,3.15,93375,622675
20210310,09:20,3.15,3.25,3.00,3.15,72750,634250
20210310,09:21,3.25,3.25,3.00,3.15,69650,634250
20210310,09:22,3.20,3.20,2.90,2.95,56325,634250
20210310,09:23,2.95,3.45,2.90,3.35,82025,637300
20210310,09:24,3.30,3.35,2.75,2.75,71825,637300
20210310,09:25,2.80,2.80,2.65,2.75,51600,637300
20210310,09:26,2.75,2.85,2.75,2.85,39525,650950
20210310,09:27,2.85,2.95,2.75,2.95,36775,650950
20210310,09:28,2.95,3.00,2.80,2.85,28025,650950
20210310,09:29,2.85,2.90,2.80,2.85,19225,677250
20210310,09:30,2.80,2.90,2.75,2.80,29100,677250
20210310,09:31,2.80,2.95,2.75,2.90,47150,677250
20210310,09:32,2.95,3.05,2.90,2.95,38500,684950
20210310,09:33,3.00,3.15,2.95,3.05,22500,684950
20210310,09:34,3.00,3.10,3.00,3.10,15400,684950
20210310,09:35,3.10,3.10,2.90,3.00,36075,715925
20210310,09:36,3.05,3.20,3.00,3.05,8600,715925
20210310,09:37,3.10,3.20,3.00,3.20,30025,715925
20210310,09:38,3.15,3.25,3.10,3.25,15800,765725
20210310,09:39,3.25,3.30,3.05,3.05,38525,765725
20210310,09:40,3.05,3.10,2.90,2.95,15775,765725
20210310,09:41,2.90,3.05,2.90,3.00,25275,780175
20210310,09:42,3.00,3.00,2.95,3.00,10950,780175
20210310,09:43,2.95,3.15,2.95,3.00,18575,780175
20210310,09:44,3.00,3.10,2.90,3.00,17775,767550
20210310,09:45,3.00,3.05,2.85,3.00,25350,767550
20210310,09:46,3.00,3.15,3.00,3.05,21425,767550
20210310,09:47,3.15,3.20,2.95,3.05,27925,772525
20210310,09:48,3.05,3.10,2.90,2.90,16675,772525
20210310,09:49,2.95,3.10,2.90,3.10,15825,772525
20210310,09:50,3.05,3.10,2.95,2.95,20750,800225
20210310,09:51,2.95,3.00,2.85,2.95,24350,800225
20210310,09:52,2.95,3.00,2.90,2.95,11300,800225
20210310,09:53,3.00,3.05,2.95,3.00,7550,813950
20210310,09:54,2.95,3.15,2.95,3.00,7775,813950
20210310,09:55,3.05,3.10,3.00,3.10,7750,813950
20210310,09:56,3.05,3.15,3.00,3.05,14700,825325
20210310,09:57,3.05,3.10,3.00,3.10,15400,825325
20210310,09:58,3.00,3.15,3.00,3.10,20075,825325
20210310,09:59,3.05,3.10,3.00,3.10,7975,845000
20210310,10:00,3.00,3.15,3.00,3.15,13150,845000
20210310,10:01,3.10,3.10,3.00,3.05,6525,845000
20210310,10:02,3.15,3.15,3.00,3.00,6200,862800
20210310,10:03,3.00,3.05,2.95,3.00,6825,862800
20210310,10:04,2.95,3.05,2.95,3.00,10750,862800
20210310,10:05,3.05,3.10,2.95,3.05,22450,873950
20210310,10:06,3.05,3.10,3.00,3.05,4100,873950
20210310,10:07,3.05,3.10,3.00,3.05,6550,873950
20210310,10:08,3.00,3.05,2.95,3.05,9825,881725
20210310,10:09,3.05,3.10,3.00,3.05,8625,881725
20210310,10:10,3.05,3.05,2.95,3.00,9750,881725
20210310,10:11,3.00,3.10,2.95,3.10,9350,884375
20210310,10:12,3.05,3.10,3.00,3.05,5450,884375
20210310,10:13,3.05,3.10,3.00,3.05,9150,884375
20210310,10:14,3.00,3.10,3.00,3.00,6700,884175
20210310,10:15,3.05,3.10,3.00,3.00,12075,884175
20210310,10:16,3.00,3.10,3.00,3.10,12450,884175
20210310,10:17,3.10,3.15,3.05,3.05,11075,878500
20210310,10:18,3.10,3.10,3.00,3.05,6575,878500
20210310,10:19,3.05,3.15,3.05,3.15,10775,878500
20210310,10:20,3.15,3.15,3.05,3.10,6350,879125
20210310,10:21,3.15,3.20,3.10,3.15,7675,879125
20210310,10:22,3.15,3.15,3.10,3.10,5250,879125
20210310,10:23,3.05,3.10,3.00,3.10,9200,883350
20210310,10:24,3.00,3.10,3.00,3.10,10975,883350
20210310,10:25,3.05,3.05,3.00,3.05,3025,883350
20210310,10:26,3.05,3.15,3.00,3.10,6350,881025
20210310,10:27,3.05,3.10,3.00,3.00,6075,881025
20210310,10:28,3.00,3.10,2.95,3.00,4875,881025
20210310,10:29,3.05,3.05,3.00,3.05,6425,888450
20210310,10:30,3.05,3.05,2.95,2.95,17225,888450
20210310,10:31,2.95,3.00,2.85,2.85,12700,888450
20210310,10:32,2.90,2.95,2.80,2.85,11000,885725
20210310,10:33,2.80,2.95,2.80,2.95,14875,885725
20210310,10:34,2.95,3.00,2.90,2.90,11050,885725
20210310,10:35,2.90,2.95,2.90,2.95,3800,889400
20210310,10:36,2.90,3.10,2.90,3.05,17850,889400
20210310,10:37,3.05,3.10,3.00,3.05,4275,889400
20210310,10:38,3.05,3.15,3.05,3.05,10575,889975
20210310,10:39,3.05,3.15,3.05,3.05,19750,889975
20210310,10:40,3.05,3.20,3.05,3.15,11750,889975
20210310,10:41,3.10,3.20,3.10,3.20,6800,888100
20210310,10:42,3.15,3.20,3.10,3.15,5375,888100
20210310,10:43,3.15,3.25,3.10,3.15,10775,888100
20210310,10:44,3.15,3.20,3.10,3.20,6975,890075
20210310,10:45,3.15,3.20,3.10,3.10,13175,890075
20210310,10:46,3.10,3.15,3.00,3.05,17025,890075
20210310,10:47,3.10,3.15,2.95,2.95,19000,903650
20210310,10:48,2.95,3.10,2.95,2.95,16675,903650
20210310,10:49,3.00,3.10,2.95,3.00,20550,903650
20210310,10:50,3.00,3.00,2.80,2.90,8725,911325
20210310,10:51,2.90,3.15,2.85,3.15,16600,911325
20210310,10:52,3.10,3.20,3.05,3.10,7025,911325
20210310,10:53,3.00,3.10,2.90,2.90,10025,917100
20210310,10:54,3.00,3.00,2.90,2.95,4200,917100
20210310,10:55,2.95,3.00,2.90,2.90,2650,917100
20210310,10:56,2.90,3.00,2.90,2.95,3050,921575
20210310,10:57,2.95,2.95,2.70,2.75,26800,921575
20210310,10:58,2.70,2.80,2.50,2.65,16400,921575
20210310,10:59,2.65,2.75,2.60,2.60,10200,936625
20210310,11:00,2.60,2.75,2.55,2.75,15800,936625
20210310,11:01,2.75,2.75,2.65,2.70,3525,936625
20210310,11:02,2.70,2.70,2.60,2.65,11775,945175
20210310,11:03,2.60,2.70,2.50,2.50,7300,945175
20210310,11:04,2.60,2.65,2.55,2.60,6350,945175
20210310,11:05,2.65,2.70,2.60,2.65,4350,944150
20210310,11:06,2.70,2.75,2.65,2.70,4400,944150
20210310,11:07,2.70,2.80,2.70,2.75,12975,944150
20210310,11:08,2.80,2.80,2.70,2.70,8800,950425
20210310,11:09,2.75,2.85,2.75,2.80,7900,950425
20210310,11:10,2.85,3.00,2.85,2.85,5050,950425
20210310,11:11,2.90,3.00,2.90,2.90,12500,953450
20210310,11:12,2.85,3.00,2.85,2.95,2100,953450
20210310,11:13,2.95,3.05,2.90,2.95,7100,953450
20210310,11:14,2.95,3.05,2.95,3.00,5800,954675
20210310,11:15,3.00,3.10,3.00,3.10,13550,954675
20210310,11:16,3.05,3.10,2.90,3.05,7200,954675
20210310,11:17,3.05,3.20,2.95,3.10,5875,951400
20210310,11:18,3.10,3.15,3.00,3.10,8050,951400
20210310,11:19,3.00,3.00,2.90,2.90,6500,951400
20210310,11:20,2.95,3.10,2.95,3.05,13050,960000
20210310,11:21,2.90,3.00,2.90,2.95,5550,960000
20210310,11:22,2.95,3.00,2.95,2.95,2175,960000
20210310,11:23,2.95,3.00,2.90,2.90,3575,960975
20210310,11:24,2.85,2.90,2.75,2.75,24100,960975
20210310,11:25,2.80,2.85,2.65,2.75,21325,960975
20210310,11:26,2.75,2.90,2.75,2.80,6350,975500
20210310,11:27,2.85,2.85,2.75,2.80,1725,975500
20210310,11:28,2.80,2.80,2.70,2.80,3425,975500
20210310,11:29,2.75,2.75,2.65,2.70,7325,975800
20210310,11:30,2.65,2.75,2.60,2.65,12275,975800
20210310,11:31,2.70,2.75,2.65,2.70,10450,975800
20210310,11:32,2.75,2.75,2.70,2.70,4625,976650
20210310,11:33,2.70,2.80,2.70,2.75,3075,976650
20210310,11:34,2.75,2.85,2.75,2.85,7575,976650
20210310,11:35,2.85,2.90,2.85,2.85,4450,976650
20210310,11:36,2.85,2.85,2.80,2.85,2350,977975
20210310,11:37,2.80,2.85,2.75,2.80,6875,977975
20210310,11:38,2.80,2.90,2.75,2.85,6675,979875
20210310,11:39,2.85,2.85,2.80,2.80,850,979875
20210310,11:40,2.90,2.90,2.85,2.85,725,979875
20210310,11:41,2.85,2.90,2.80,2.80,4550,981950
20210310,11:42,2.85,2.85,2.75,2.75,7525,981950
20210310,11:43,2.80,2.80,2.70,2.75,1425,981950
20210310,11:44,2.75,2.80,2.65,2.70,11725,981650
20210310,11:45,2.65,2.75,2.65,2.75,2175,981650
20210310,11:46,2.75,2.80,2.70,2.75,3950,981650
20210310,11:47,2.75,2.75,2.70,2.75,4450,981575
20210310,11:48,2.70,2.80,2.70,2.75,7825,981575
20210310,11:49,2.70,2.80,2.70,2.75,1850,981575
20210310,11:50,2.70,2.75,2.65,2.65,11350,982850
20210310,11:51,2.65,2.65,2.60,2.60,2225,982850
20210310,11:52,2.65,2.70,2.60,2.65,3325,982850
20210310,11:53,2.60,2.65,2.60,2.60,6800,982850
20210310,11:54,2.70,2.85,2.65,2.80,9025,982100
20210310,11:55,2.80,2.85,2.75,2.80,2000,982100
20210310,11:56,2.75,2.80,2.70,2.70,4250,982125
20210310,11:57,2.65,2.70,2.60,2.65,2675,982125
20210310,11:58,2.70,2.75,2.65,2.70,5875,982125
20210310,11:59,2.70,2.75,2.65,2.65,3675,984100
20210310,12:00,2.70,2.70,2.65,2.65,4575,984100
20210310,12:01,2.65,2.70,2.60,2.70,10400,984100
20210310,12:02,2.70,2.75,2.55,2.70,20475,984100
20210310,12:03,2.75,2.75,2.55,2.65,24475,981500
20210310,12:04,2.70,2.70,2.45,2.50,32700,981500
20210310,12:05,2.45,2.55,2.30,2.30,23025,981500
20210310,12:06,2.30,2.35,2.20,2.25,16000,984475
20210310,12:07,2.20,2.25,2.15,2.20,20100,984475
20210310,12:08,2.20,2.35,2.20,2.25,16525,984475
20210310,12:09,2.25,2.45,2.25,2.30,7575,975825
20210310,12:10,2.30,2.70,2.30,2.45,22525,975825
20210310,12:11,2.50,2.50,2.20,2.20,39550,975825
20210310,12:12,2.25,2.30,2.20,2.25,10050,976325
20210310,12:13,2.30,2.30,2.20,2.25,8525,976325
20210310,12:14,2.25,2.30,2.25,2.30,13975,976325
20210310,12:15,2.25,2.35,2.25,2.30,10525,971175
20210310,12:16,2.30,2.35,2.25,2.30,7725,971175
20210310,12:17,2.35,2.40,2.30,2.40,10300,971175
20210310,12:18,2.45,2.45,2.25,2.35,24675,970100
20210310,12:19,2.35,2.45,2.35,2.45,15975,970100
20210310,12:20,2.50,2.60,2.45,2.50,9650,970100
20210310,12:21,2.40,2.50,2.35,2.35,12400,965625
20210310,12:22,2.35,2.45,2.30,2.40,7650,965625
20210310,12:23,2.40,2.60,2.40,2.60,9275,965625
20210310,12:24,2.60,2.70,2.55,2.60,22400,966725
20210310,12:25,2.65,2.80,2.60,2.75,13100,966725
20210310,12:26,2.70,2.80,2.60,2.65,16725,966725
20210310,12:27,2.60,2.75,2.55,2.65,9075,961975
20210310,12:28,2.55,2.70,2.50,2.55,19475,961975
20210310,12:29,2.45,2.65,2.45,2.65,12675,961975
20210310,12:30,2.65,2.85,2.65,2.80,11375,963200
20210310,12:31,2.80,2.80,2.70,2.75,6525,963200
20210310,12:32,2.75,3.00,2.70,2.80,37525,963200
20210310,12:33,2.80,2.85,2.70,2.70,15650,959750
20210310,12:34,2.70,2.85,2.70,2.80,7925,959750
20210310,12:35,2.80,2.85,2.75,2.75,8325,959750
20210310,12:36,2.80,2.80,2.65,2.75,4675,959875
20210310,12:37,2.80,2.85,2.75,2.75,8800,959875
20210310,12:38,2.75,2.80,2.60,2.60,12825,959875
20210310,12:39,2.65,2.75,2.55,2.65,13500,958900
20210310,12:40,2.65,2.80,2.65,2.75,7925,958900
20210310,12:41,2.80,2.80,2.65,2.70,18325,958900
20210310,12:42,2.70,2.70,2.60,2.65,4325,965825
20210310,12:43,2.60,2.75,2.60,2.70,8250,965825
20210310,12:44,2.70,2.85,2.65,2.70,10450,965825
20210310,12:45,2.70,2.80,2.60,2.70,9150,962875
20210310,12:46,2.70,2.85,2.65,2.80,8175,962875
20210310,12:47,2.75,2.80,2.70,2.70,7275,962875
20210310,12:48,2.65,2.75,2.60,2.70,8125,954450
20210310,12:49,2.70,2.75,2.60,2.65,6600,954450
20210310,12:50,2.70,2.70,2.50,2.60,8050,954450
20210310,12:51,2.60,2.70,2.55,2.70,4150,944700
20210310,12:52,2.60,2.65,2.50,2.50,3075,944700
20210310,12:53,2.55,2.65,2.50,2.65,9750,944700
20210310,12:54,2.60,2.65,2.50,2.55,12100,943750
20210310,12:55,2.50,2.75,2.50,2.75,11500,943750
20210310,12:56,2.70,2.75,2.55,2.60,18525,943750
20210310,12:57,2.60,2.70,2.55,2.65,10350,924700
20210310,12:58,2.65,2.70,2.55,2.55,19275,924700
20210310,12:59,2.50,2.55,2.40,2.55,21150,924700
20210310,13:00,2.55,2.55,2.40,2.45,6425,913100
20210310,13:01,2.45,2.50,2.40,2.50,2825,913100
20210310,13:02,2.50,2.50,2.25,2.35,13450,913100
20210310,13:03,2.30,2.30,2.10,2.25,10525,917900
20210310,13:04,2.25,2.25,1.95,2.00,12650,917900
20210310,13:05,2.00,2.15,1.90,2.00,29175,917900
20210310,13:06,1.95,1.95,1.85,1.85,5300,913200
20210310,13:07,1.85,1.90,1.80,1.85,16125,913200
20210310,13:08,1.90,1.90,1.70,1.80,10825,913200
20210310,13:09,1.80,1.95,1.80,1.90,11225,911700
20210310,13:10,1.90,1.95,1.85,1.90,17450,911700
20210310,13:11,1.90,2.00,1.85,1.95,13500,911700
20210310,13:12,2.00,2.00,1.85,1.90,11800,898900
20210310,13:13,1.90,1.95,1.80,1.80,9300,898900
20210310,13:14,1.80,2.00,1.80,1.85,13900,898900
20210310,13:15,1.85,2.00,1.85,2.00,9275,889650
20210310,13:16,1.95,2.20,1.95,2.20,21075,889650
20210310,13:17,2.25,2.30,2.15,2.15,15450,889650
20210310,13:18,2.10,2.20,2.05,2.10,15625,884875
20210310,13:19,2.15,2.25,2.10,2.15,25075,884875
20210310,13:20,2.15,2.25,2.05,2.10,20875,884875
20210310,13:21,2.05,2.10,1.90,1.90,23575,879450
20210310,13:22,1.90,1.90,1.85,1.90,4950,879450
20210310,13:23,1.90,2.10,1.90,2.10,14750,879450
20210310,13:24,2.10,2.10,2.05,2.05,6075,864225
20210310,13:25,2.05,2.10,1.90,2.00,9625,864225
20210310,13:26,2.00,2.05,1.95,1.95,10175,864225
20210310,13:27,1.95,2.05,1.95,2.00,3400,857775
20210310,13:28,2.00,2.05,1.95,1.95,5450,857775
20210310,13:29,1.95,2.05,1.90,1.95,7625,857775
20210310,13:30,1.90,1.95,1.85,1.90,7250,853675
20210310,13:31,1.80,1.95,1.80,1.85,5150,853675
20210310,13:32,1.85,1.85,1.70,1.80,9975,853675
20210310,13:33,1.75,1.90,1.75,1.80,5550,852650
20210310,13:34,1.85,1.90,1.75,1.80,10025,852650
20210310,13:35,1.80,1.80,1.70,1.70,7650,852650
20210310,13:36,1.70,1.80,1.60,1.60,14075,849650
20210310,13:37,1.60,1.65,1.55,1.65,23900,849650
20210310,13:38,1.60,1.65,1.55,1.60,11625,849650
20210310,13:39,1.60,1.75,1.55,1.60,8750,860050
20210310,13:40,1.55,1.65,1.50,1.55,18425,860050
20210310,13:41,1.60,1.60,1.45,1.50,10250,860050
20210310,13:42,1.55,1.65,1.50,1.60,9250,856250
20210310,13:43,1.60,1.70,1.55,1.70,11675,856250
20210310,13:44,1.70,1.70,1.60,1.65,14250,856250
20210310,13:45,1.60,1.65,1.45,1.45,21400,854625
20210310,13:46,1.45,1.50,1.40,1.50,12125,854625
20210310,13:47,1.50,1.55,1.45,1.50,12450,854625
20210310,13:48,1.50,1.50,1.40,1.40,5650,861650
20210310,13:49,1.35,1.40,1.20,1.20,17100,861650
20210310,13:50,1.25,1.30,1.20,1.20,17150,861650
20210310,13:51,1.25,1.35,1.25,1.35,13000,852075
20210310,13:52,1.30,1.30,1.25,1.30,8325,852075
20210310,13:53,1.30,1.40,1.30,1.30,17775,852075
20210310,13:54,1.35,1.35,1.20,1.25,10250,844300
20210310,13:55,1.25,1.25,1.20,1.25,7800,844300
20210310,13:56,1.25,1.30,1.15,1.15,8175,844300
20210310,13:57,1.15,1.15,0.75,1.00,21075,845375
20210310,13:58,1.00,1.05,0.95,1.05,13600,845375
20210310,13:59,1.05,1.20,1.05,1.20,26725,845375
20210310,14:00,1.20,1.25,1.10,1.15,16875,817675
20210310,14:01,1.20,1.25,1.15,1.25,11925,817675
20210310,14:02,1.20,1.25,1.15,1.15,10100,817675
20210310,14:03,1.10,1.15,1.10,1.15,6175,809675
20210310,14:04,1.20,1.20,1.10,1.20,6850,809675
20210310,14:05,1.20,1.20,1.15,1.15,5350,809675
20210310,14:06,1.20,1.20,1.15,1.15,850,802375
20210310,14:07,1.10,1.15,1.10,1.10,1600,802375
20210310,14:08,1.15,1.20,1.05,1.05,7475,802375
20210310,14:09,1.10,1.10,1.00,1.00,13000,797925
20210310,14:10,1.00,1.05,0.95,1.05,12750,797925
20210310,14:11,1.00,1.20,1.00,1.05,14800,797925
20210310,14:12,1.00,1.15,1.00,1.10,20375,789200
20210310,14:13,1.05,1.10,1.05,1.05,4075,789200
20210310,14:14,1.05,1.20,1.05,1.20,10425,789200
20210310,14:15,1.15,1.20,1.10,1.10,15225,785950
20210310,14:16,1.15,1.20,1.10,1.10,16200,785950
20210310,14:17,1.10,1.10,1.00,1.00,7800,785950
20210310,14:18,1.00,1.15,1.00,1.05,7700,777625
20210310,14:19,1.05,1.15,1.05,1.05,1775,777625
20210310,14:20,1.05,1.10,1.00,1.05,8675,777625
20210310,14:21,1.05,1.15,1.05,1.05,14600,772750
20210310,14:22,1.15,1.15,1.05,1.05,19000,772750
20210310,14:23,1.05,1.10,1.05,1.05,7950,772750
20210310,14:24,1.05,1.10,1.00,1.05,20450,768575
20210310,14:25,1.05,1.10,0.90,0.95,32300,768575
20210310,14:26,0.90,1.00,0.85,0.90,6525,768575
20210310,14:27,0.90,0.95,0.85,0.90,10800,759150
20210310,14:28,0.95,0.95,0.80,0.85,19300,759150
20210310,14:29,0.80,0.85,0.70,0.75,21625,759150
20210310,14:30,0.80,0.90,0.75,0.85,16125,743300
20210310,14:31,0.80,0.85,0.80,0.80,6300,743300
20210310,14:32,0.80,0.85,0.75,0.75,8675,743300
20210310,14:33,0.80,0.80,0.75,0.75,9325,745950
20210310,14:34,0.80,0.85,0.70,0.70,11925,745950
20210310,14:35,0.80,0.80,0.70,0.80,15850,745950
20210310,14:36,0.75,0.80,0.65,0.70,20175,741900
20210310,14:37,0.65,0.70,0.55,0.60,23500,741900
20210310,14:38,0.60,0.60,0.55,0.55,9000,741900
20210310,14:39,0.60,0.60,0.55,0.55,12175,728675
20210310,14:40,0.50,0.60,0.50,0.60,7825,728675
20210310,14:41,0.55,0.60,0.50,0.55,13075,728675
20210310,14:42,0.55,0.60,0.40,0.45,18900,723575
20210310,14:43,0.45,0.50,0.40,0.45,6725,723575
20210310,14:44,0.50,0.50,0.45,0.45,8050,723575
20210310,14:45,0.45,0.60,0.45,0.60,12600,714125
20210310,14:46,0.50,0.60,0.50,0.55,10800,714125
20210310,14:47,0.50,0.55,0.45,0.50,13425,714125
20210310,14:48,0.50,0.55,0.35,0.45,34600,701025
20210310,14:49,0.45,0.60,0.45,0.60,12725,701025
20210310,14:50,0.60,0.75,0.55,0.65,25000,701025
20210310,14:51,0.65,0.70,0.60,0.65,16175,691400
20210310,14:52,0.60,0.65,0.55,0.65,12675,691400
20210310,14:53,0.65,0.80,0.65,0.75,26900,691400
20210310,14:54,0.70,0.90,0.55,0.60,23225,675375
20210310,14:55,0.60,0.80,0.60,0.75,17075,675375
20210310,14:56,0.80,1.00,0.70,0.80,35975,675375
20210310,14:57,0.80,1.00,0.75,0.80,37300,666550
20210310,14:58,0.80,0.85,0.65,0.80,16300,666550
20210310,14:59,0.80,0.85,0.70,0.75,5000,666550
20210310,15:00,0.75,0.90,0.65,0.80,51125,653125
20210310,15:01,0.80,0.85,0.70,0.75,14075,653125
20210310,15:02,0.70,0.90,0.45,0.75,40775,653125
20210310,15:03,0.80,0.85,0.60,0.70,30950,645825
20210310,15:04,0.65,0.65,0.40,0.55,63150,645825
20210310,15:05,0.55,0.60,0.45,0.50,22050,645825
20210310,15:06,0.55,0.55,0.40,0.50,15925,611600
20210310,15:07,0.50,0.50,0.35,0.50,23150,611600
20210310,15:08,0.45,0.50,0.40,0.40,13225,611600
20210310,15:09,0.40,0.50,0.40,0.40,25400,597150
20210310,15:10,0.40,0.45,0.25,0.25,28675,597150
20210310,15:11,0.25,0.30,0.20,0.25,26700,597150
20210310,15:12,0.20,0.25,0.20,0.20,18325,576175
20210310,15:13,0.20,0.25,0.15,0.20,18550,576175
20210310,15:14,0.20,0.20,0.15,0.15,12450,576175
20210310,15:15,0.15,0.15,0.10,0.15,113100,576175
20210310,15:16,0.10,0.15,0.10,0.15,31900,540500
20210310,15:17,0.15,0.15,0.10,0.10,7350,540500
20210310,15:18,0.10,0.15,0.10,0.10,25150,513675
20210310,15:19,0.10,0.15,0.10,0.10,35300,513675
20210310,15:20,0.15,0.15,0.10,0.10,3575,513675
20210310,15:21,0.10,0.10,0.05,0.10,48375,429825
20210310,15:22,0.10,0.10,0.05,0.05,14825,429825
20210310,15:23,0.05,0.10,0.05,0.10,5700,429825
20210310,15:24,0.10,0.10,0.05,0.10,9800,405225
20210310,15:25,0.05,0.10,0.05,0.05,16450,405225
20210310,15:26,0.05,0.10,0.05,0.05,5875,405225
20210310,15:27,0.05,0.10,0.05,0.10,4500,385450
20210310,15:28,0.10,0.10,0.05,0.05,8650,385450
20210310,15:29,0.05,0.40,0.05,0.40,2225,385450
