20211021,13:24,46.70,46.70,2.35,2.35,52,25
20211021,15:02,45.00,45.00,45.00,45.00,25,25
20211021,15:11,40.05,40.05,40.05,40.05,25,50
20211021,15:19,20.05,20.05,20.05,20.05,500,50
20211021,15:20,40.00,40.00,40.00,40.00,200,550
20211021,15:30,73.15,73.15,73.15,73.15,25,650
20211022,09:34,57.60,57.70,57.60,57.70,177,650
20211022,09:40,32.60,32.60,32.60,32.60,175,675
20211022,09:50,32.60,32.60,32.60,32.60,25,650
20211022,09:55,38.00,38.00,38.00,38.00,25,650
20211022,09:58,45.10,45.10,45.10,45.10,275,650
20211022,10:06,38.05,38.05,38.05,38.05,25,775
20211022,10:08,39.85,39.85,39.85,39.85,125,775
20211022,10:09,39.85,39.85,39.85,39.85,25,775
20211022,10:19,38.60,38.60,38.60,38.60,25,800
20211022,10:40,39.80,39.80,39.80,39.80,25,825
20211022,10:41,34.70,34.70,34.70,34.70,25,825
20211022,10:45,34.15,34.15,33.60,33.60,50,800
20211022,10:48,32.30,32.30,32.30,32.30,25,825
20211022,10:58,31.60,31.60,31.60,31.60,25,850
20211022,10:59,30.65,30.65,30.65,30.65,200,850
20211022,11:02,30.65,30.65,30.65,30.65,25,1075
20211022,11:04,30.80,30.80,30.70,30.70,50,1100
20211022,11:05,30.75,30.75,30.75,30.75,25,1100
20211022,11:06,30.65,30.65,30.65,30.65,75,1175
20211022,11:08,35.90,35.90,35.90,35.90,100,1175
20211022,11:10,35.90,35.90,35.90,35.90,225,1250
20211022,11:12,37.00,37.00,37.00,37.00,575,1250
20211022,11:14,38.35,38.35,38.35,38.35,50,1275
20211022,11:15,37.15,37.15,37.15,37.15,325,1300
20211022,11:17,38.55,38.55,38.55,38.55,25,1300
20211022,11:18,36.85,36.85,36.85,36.85,25,1250
20211022,11:23,33.95,33.95,33.95,33.95,100,1150
20211022,11:25,36.75,36.75,36.75,36.75,50,1225
20211022,11:28,33.20,33.20,33.20,33.20,75,1275
20211022,11:29,32.75,32.75,32.75,32.75,25,1275
20211022,11:30,33.00,33.00,33.00,33.00,50,1325
20211022,11:33,30.05,30.05,30.05,30.05,25,1325
20211022,11:35,30.05,30.05,30.05,30.05,25,1350
20211022,11:37,39.55,39.55,39.55,39.55,300,1350
20211022,11:38,29.00,29.00,29.00,29.00,900,1350
20211022,11:39,29.05,29.05,29.05,29.05,50,1675
20211022,11:45,39.70,39.70,39.70,39.70,1200,1725
20211022,11:46,31.25,31.25,31.25,31.25,300,1725
20211022,11:47,32.95,32.95,32.95,32.95,500,1725
20211022,11:48,32.75,32.75,32.75,32.75,75,2200
20211022,11:49,32.90,32.90,32.90,32.90,200,2200
20211022,11:50,32.00,32.00,32.00,32.00,75,2200
20211022,11:51,32.55,32.55,32.55,32.55,100,2200
20211022,11:52,34.60,34.60,34.60,34.60,225,2200
20211022,11:59,34.20,34.20,34.20,34.20,50,2375
20211022,12:00,32.55,32.55,32.55,32.55,200,2375
20211022,12:02,32.55,32.55,32.55,32.55,75,2375
20211022,12:07,32.85,32.85,32.85,32.85,50,2375
20211022,12:25,31.55,31.55,31.55,31.55,100,2375
20211022,12:27,33.50,33.50,33.50,33.50,25,2375
20211022,12:37,32.15,32.15,32.15,32.15,50,2300
20211022,12:38,31.30,31.30,31.30,31.30,25,2300
20211022,12:53,34.25,34.25,34.25,34.25,25,2325
20211022,13:03,33.20,33.20,33.20,33.20,125,2325
20211022,13:12,33.75,33.75,33.75,33.75,150,2425
20211022,13:14,31.30,31.30,31.30,31.30,150,2500
20211022,13:31,32.25,32.25,32.25,32.25,25,2625
20211022,14:16,33.25,33.25,33.25,33.25,25,2625
20211022,14:17,31.95,31.95,31.95,31.95,25,2625
20211022,14:18,31.95,31.95,31.95,31.95,25,2625
20211022,14:23,31.80,31.80,31.80,31.80,25,2625
20211022,14:26,28.75,28.75,28.75,28.75,75,2650
20211022,14:29,28.55,28.55,28.55,28.55,25,2675
20211022,14:40,27.55,27.55,27.55,27.55,100,2675
20211022,14:52,27.55,27.55,27.55,27.55,25,2650
20211022,15:06,28.10,28.10,28.10,28.10,75,2650
20211022,15:13,29.85,29.85,29.85,29.85,25,2675
20211022,15:26,21.35,21.35,21.35,21.35,525,2600
20211022,15:27,25.00,25.00,25.00,25.00,125,2600
20211025,09:16,49.00,49.00,31.35,31.35,77,2225
20211025,09:20,42.60,42.60,42.60,42.60,25,2225
20211025,09:23,39.70,39.70,39.70,39.70,50,2225
20211025,09:35,35.00,35.00,35.00,35.00,25,2225
20211025,09:36,34.90,34.90,34.90,34.90,75,2225
20211025,09:39,36.10,36.10,36.10,36.10,100,2225
20211025,09:44,32.40,32.40,32.40,32.40,25,2225
20211025,09:45,20.70,20.70,20.70,20.70,25,2225
20211025,09:46,20.70,20.70,20.70,20.70,75,2225
20211025,09:48,26.70,26.70,26.70,26.70,25,2225
20211025,09:55,30.05,30.05,30.05,30.05,25,2225
20211025,09:56,35.65,35.65,35.65,35.65,25,2225
20211025,10:02,33.45,33.45,33.45,33.45,25,2225
20211025,10:12,33.45,33.45,33.45,33.45,100,2225
20211025,10:17,33.30,33.30,33.30,33.30,25,2275
20211025,10:21,31.85,31.85,31.85,31.85,75,2275
20211025,10:32,31.05,31.05,31.05,31.05,50,2275
20211025,10:35,43.00,43.00,43.00,43.00,50,2275
20211025,10:36,43.05,43.05,43.05,43.05,50,2275
20211025,10:37,55.30,55.30,55.30,55.30,100,2275
20211025,10:40,52.35,52.35,52.35,52.35,50,2300
20211025,10:41,55.35,55.35,55.35,55.35,175,2300
20211025,10:42,47.65,47.65,47.65,47.65,125,2425
20211025,10:43,51.75,51.75,51.75,51.75,25,2425
20211025,10:46,62.00,62.00,62.00,62.00,150,2425
20211025,10:47,62.00,62.00,62.00,62.00,25,2425
20211025,10:51,51.90,51.90,51.90,51.90,1000,2525
20211025,10:53,53.20,53.20,53.20,53.20,25,2525
20211025,10:58,55.90,55.90,55.90,55.90,200,3425
20211025,10:59,54.45,54.45,54.45,54.45,25,3425
20211025,11:00,47.35,47.35,47.35,47.35,50,3475
20211025,11:01,53.10,53.10,53.10,53.10,25,3475
20211025,11:02,55.20,55.20,55.20,55.20,25,3475
20211025,11:03,54.75,54.75,54.75,54.75,375,3650
20211025,11:05,52.00,52.00,52.00,52.00,75,3650
20211025,11:06,49.55,49.55,49.55,49.55,50,3650
20211025,11:07,59.85,59.85,59.85,59.85,50,3750
20211025,11:09,52.70,52.70,52.70,52.70,125,3775
20211025,11:10,54.55,54.55,54.55,54.55,50,3775
20211025,11:12,52.90,52.90,52.90,52.90,100,3850
20211025,11:15,55.20,55.20,55.20,55.20,175,3850
20211025,11:16,55.20,55.20,55.20,55.20,25,3950
20211025,11:17,55.35,55.35,55.20,55.20,275,3950
20211025,11:18,55.10,55.10,55.10,55.10,75,3975
20211025,11:22,60.00,60.00,60.00,60.00,75,3925
20211025,11:24,66.80,66.80,66.80,66.80,200,3925
20211025,11:25,74.25,74.25,74.25,74.25,375,3900
20211025,11:26,68.65,68.65,68.65,68.65,300,3900
20211025,11:27,66.00,66.00,66.00,66.00,150,3950
20211025,11:28,62.85,62.85,62.85,62.85,525,3950
20211025,11:32,70.60,70.60,70.60,70.60,75,3825
20211025,11:33,78.65,78.65,78.65,78.65,125,3800
20211025,11:35,73.95,73.95,73.95,73.95,275,3800
20211025,11:36,69.85,69.85,69.85,69.85,350,3875
20211025,11:37,69.65,69.65,69.65,69.65,75,3875
20211025,11:38,74.45,74.45,74.45,74.45,2425,3875
20211025,11:39,74.90,74.90,74.90,74.90,225,6075
20211025,11:40,76.80,76.80,76.80,76.80,75,6075
20211025,11:41,77.20,77.20,77.20,77.20,50,6075
20211025,11:42,78.30,78.30,78.30,78.30,100,6175
20211025,11:44,88.20,88.20,88.20,88.20,400,6175
20211025,11:45,90.40,90.40,90.40,90.40,100,6200
20211025,11:47,93.60,93.60,93.60,93.60,100,6200
20211025,11:48,95.95,95.95,95.95,95.95,200,6200
20211025,11:49,92.85,92.85,92.85,92.85,25,6200
20211025,11:50,97.50,97.50,97.50,97.50,150,6200
20211025,11:51,99.10,99.10,99.10,99.10,75,6200
20211025,11:52,131.00,131.00,131.00,131.00,2175,6325
20211025,11:53,113.75,113.75,113.75,113.75,2350,6325
20211025,11:54,122.80,122.80,122.80,122.80,625,8250
20211025,11:56,122.95,122.95,122.95,122.95,925,8250
20211025,11:57,122.10,122.10,122.10,122.10,900,8250
20211025,11:58,121.85,121.85,121.85,121.85,425,8550
20211025,11:59,121.80,121.80,121.80,121.80,500,8550
20211025,12:00,125.50,125.50,125.50,125.50,475,8550
20211025,12:01,148.05,148.05,148.05,148.05,2525,8400
20211025,12:03,189.15,189.15,189.15,189.15,1025,8400
20211025,12:04,175.55,175.55,175.55,175.55,475,8175
20211025,12:05,233.15,233.15,233.15,233.15,1600,8175
20211025,12:07,233.50,233.50,233.50,233.50,3825,8875
20211025,12:08,169.65,169.65,169.65,169.65,1125,8875
20211025,12:09,178.25,178.25,178.25,178.25,800,8900
20211025,12:10,161.20,161.20,161.20,161.20,350,8900
20211025,12:11,151.60,151.60,151.60,151.60,575,8900
20211025,12:13,145.05,145.05,145.05,145.05,375,8750
20211025,12:14,145.50,145.50,145.50,145.50,1000,8750
20211025,12:15,145.60,145.60,145.60,145.60,450,8750
20211025,12:16,148.40,148.40,148.40,148.40,50,8525
20211025,12:17,158.05,158.05,158.05,158.05,125,8525
20211025,12:18,171.70,171.70,171.70,171.70,600,8625
20211025,12:19,165.05,165.05,165.05,165.05,150,8625
20211025,12:20,171.45,171.45,171.45,171.45,250,8625
20211025,12:21,174.95,174.95,174.95,174.95,125,8625
20211025,12:22,166.50,166.50,166.50,166.50,100,8900
20211025,12:23,154.00,154.00,154.00,154.00,175,8900
20211025,12:24,132.40,132.40,132.40,132.40,700,8550
20211025,12:25,134.95,134.95,134.95,134.95,1050,8550
20211025,12:27,125.50,125.50,125.50,125.50,300,8550
20211025,12:28,132.65,132.65,132.65,132.65,150,9000
20211025,12:29,141.50,141.50,141.50,141.50,300,9000
20211025,12:30,140.00,140.00,140.00,140.00,300,9000
20211025,12:31,133.20,133.20,133.20,133.20,250,8900
20211025,12:32,133.35,133.35,133.35,133.35,475,8900
20211025,12:33,132.80,132.80,132.80,132.80,150,8900
20211025,12:34,136.55,136.55,136.55,136.55,100,8725
20211025,12:35,141.40,141.40,141.40,141.40,550,8725
20211025,12:36,138.45,138.45,138.45,138.45,225,8725
20211025,12:38,140.15,140.15,140.15,140.15,175,9150
20211025,12:39,143.70,143.70,143.70,143.70,300,9100
20211025,12:40,135.15,135.15,135.15,135.15,225,9100
20211025,12:41,139.70,139.70,139.70,139.70,250,9100
20211025,12:42,134.15,134.15,134.15,134.15,50,9000
20211025,12:43,135.00,135.00,135.00,135.00,125,9000
20211025,12:44,135.05,135.05,135.05,135.05,50,9000
20211025,12:45,134.05,134.05,134.05,134.05,200,8775
20211025,12:48,137.85,137.85,137.85,137.85,25,8775
20211025,12:50,142.05,142.05,142.05,142.05,100,8700
20211025,12:51,140.65,140.65,140.65,140.65,125,8700
20211025,12:52,150.85,150.85,150.85,150.85,600,8700
20211025,12:53,144.55,144.55,144.55,144.55,275,8700
20211025,12:55,140.25,140.25,140.25,140.25,400,8975
20211025,12:56,143.95,143.95,143.95,143.95,125,8975
20211025,12:57,144.00,144.00,144.00,144.00,25,8975
20211025,12:58,142.90,142.90,142.90,142.90,100,9050
20211025,12:59,143.40,143.40,143.40,143.40,75,9050
20211025,13:00,138.70,138.70,138.70,138.70,175,9050
20211025,13:02,137.60,137.60,137.60,137.60,525,9125
20211025,13:03,134.95,134.95,134.95,134.95,675,9125
20211025,13:04,137.60,137.60,137.60,137.60,150,9125
20211025,13:05,141.20,141.20,141.20,141.20,175,9425
20211025,13:06,142.75,142.75,142.75,142.75,50,9425
20211025,13:07,147.20,147.20,147.20,147.20,650,9550
20211025,13:08,145.00,145.75,145.00,145.75,50,9550
20211025,13:09,149.95,149.95,149.95,149.95,75,9800
20211025,13:10,141.95,141.95,141.95,141.95,25,9800
20211025,13:11,145.75,145.75,145.75,145.75,50,9800
20211025,13:12,150.75,150.75,150.75,150.75,325,9800
20211025,13:13,147.25,147.25,147.25,147.25,75,10025
20211025,13:14,142.55,142.55,142.55,142.55,950,10025
20211025,13:15,141.00,141.00,141.00,141.00,1300,10025
20211025,13:16,142.05,142.05,142.05,142.05,100,10825
20211025,13:18,140.05,140.05,140.05,140.05,650,10825
20211025,13:19,138.55,138.55,138.55,138.55,150,11025
20211025,13:20,130.00,130.00,130.00,130.00,825,11025
20211025,13:21,136.10,136.10,136.10,136.10,25,11025
20211025,13:22,129.45,129.45,129.45,129.45,25,11000
20211025,13:23,131.25,131.25,131.25,131.25,150,11000
20211025,13:24,133.40,133.40,133.40,133.40,1500,11000
20211025,13:25,132.45,132.45,132.45,132.45,175,10725
20211025,13:26,133.55,133.55,133.55,133.55,275,10725
20211025,13:27,133.00,133.00,132.80,132.80,875,10725
20211025,13:29,136.55,136.55,136.55,136.55,225,10875
20211025,13:30,136.50,136.50,136.50,136.50,75,10875
20211025,13:31,135.80,135.80,135.80,135.80,75,10850
20211025,13:32,130.25,130.25,130.25,130.25,100,10850
20211025,13:33,115.05,115.05,115.05,115.05,500,10850
20211025,13:34,106.40,106.40,106.40,106.40,250,10525
20211025,13:35,114.20,114.20,114.20,114.20,125,10525
20211025,13:37,131.10,131.10,131.10,131.10,1650,10450
20211025,13:38,119.55,119.55,119.55,119.55,475,10450
20211025,13:39,117.05,117.05,117.05,117.05,250,10450
20211025,13:40,112.75,112.75,112.75,112.75,375,10475
20211025,13:41,116.85,116.85,116.85,116.85,250,10475
20211025,13:42,115.35,115.35,115.35,115.35,300,10475
20211025,13:43,114.30,114.30,114.30,114.30,125,10475
20211025,13:44,112.40,112.40,112.40,112.40,175,10475
20211025,13:45,104.50,104.50,104.50,104.50,625,10475
20211025,13:46,103.65,103.65,103.65,103.65,475,10400
20211025,13:47,99.75,99.75,99.75,99.75,275,10400
20211025,13:48,99.10,99.10,99.10,99.10,600,10400
20211025,13:49,101.15,101.15,101.15,101.15,100,10300
20211025,13:50,99.85,99.85,99.85,99.85,150,10300
20211025,13:51,102.05,102.05,102.05,102.05,100,10300
20211025,13:52,102.00,102.00,102.00,102.00,75,10275
20211025,13:53,99.90,99.90,99.90,99.90,75,10275
20211025,13:54,95.70,95.70,95.70,95.70,250,10275
20211025,13:55,97.45,97.45,97.45,97.45,225,10775
20211025,13:56,97.10,97.10,97.10,97.10,50,10775
20211025,13:57,95.75,95.75,95.00,95.00,225,10775
20211025,13:58,97.15,97.15,97.15,97.15,250,10575
20211025,13:59,99.45,99.45,99.45,99.45,250,10575
20211025,14:00,100.80,100.80,100.80,100.80,250,10575
20211025,14:01,96.05,96.05,96.05,96.05,375,10175
20211025,14:02,96.65,96.65,96.65,96.65,125,10175
20211025,14:03,95.30,95.30,95.30,95.30,75,10175
20211025,14:04,97.20,97.20,97.20,97.20,25,10250
20211025,14:05,94.40,94.40,94.40,94.40,25,10250
20211025,14:06,94.50,94.50,94.50,94.50,50,10250
20211025,14:08,94.00,94.00,94.00,94.00,75,10275
20211025,14:09,94.35,94.35,93.05,93.05,450,10275
20211025,14:10,90.00,90.00,90.00,90.00,75,10250
20211025,14:12,87.15,87.15,87.15,87.15,25,10250
20211025,14:13,86.40,86.40,86.40,86.40,575,10250
20211025,14:14,86.10,86.10,86.10,86.10,50,10250
20211025,14:15,76.20,76.20,76.20,76.20,125,10250
20211025,14:17,79.70,79.70,79.70,79.70,1250,10300
20211025,14:18,79.75,79.75,79.75,79.75,2075,10300
20211025,14:19,79.20,79.20,79.20,79.20,1350,10325
20211025,14:20,81.05,81.05,81.05,81.05,1425,10325
20211025,14:21,82.60,82.60,82.60,82.60,1050,10325
20211025,14:22,81.25,81.25,81.25,81.25,1200,9850
20211025,14:23,81.10,81.10,81.10,81.10,125,9850
20211025,14:24,85.55,85.55,85.55,85.55,375,9850
20211025,14:25,84.70,84.70,84.70,84.70,325,9625
20211025,14:26,87.70,87.70,87.70,87.70,75,9625
20211025,14:27,89.25,89.25,89.25,89.25,450,9625
20211025,14:28,82.85,82.85,82.85,82.85,275,9675
20211025,14:29,82.40,82.40,82.40,82.40,225,9675
20211025,14:30,80.85,80.85,80.85,80.85,75,9675
20211025,14:31,79.25,79.25,79.25,79.25,75,9825
20211025,14:32,76.20,78.95,76.20,78.95,1625,9825
20211025,14:33,83.05,83.05,83.05,83.05,400,9825
20211025,14:34,78.60,78.60,78.60,78.60,450,9700
20211025,14:35,74.40,74.40,74.40,74.40,2000,9700
20211025,14:36,75.40,75.40,75.40,75.40,1400,9700
20211025,14:37,71.20,71.20,71.20,71.20,75,8975
20211025,14:38,72.90,72.90,72.90,72.90,250,8975
20211025,14:39,72.65,72.65,72.65,72.65,175,8975
20211025,14:40,74.40,74.40,74.40,74.40,550,9700
20211025,14:41,76.40,76.40,76.40,76.40,25,9700
20211025,14:42,76.25,76.25,76.25,76.25,175,9700
20211025,14:43,77.85,77.85,77.85,77.85,75,9550
20211025,14:44,77.15,77.15,75.50,75.50,175,9550
20211025,14:45,77.60,77.60,77.60,77.60,75,9550
20211025,14:48,82.15,82.15,82.15,82.15,25,8250
20211025,14:49,82.90,82.90,82.90,82.90,75,8250
20211025,14:50,81.45,81.45,81.45,81.45,75,8225
20211025,14:51,81.50,82.15,81.50,82.15,125,8225
20211025,14:52,82.00,82.00,82.00,82.00,25,8200
20211025,14:54,83.95,83.95,83.50,83.50,125,8200
20211025,14:55,82.00,82.00,82.00,82.00,50,8275
20211025,14:56,82.85,82.85,82.85,82.85,25,8275
20211025,14:57,84.45,84.45,84.45,84.45,275,8275
20211025,14:58,86.20,86.20,86.20,86.20,50,8275
20211025,14:59,84.20,84.60,84.20,84.60,50,8325
20211025,15:01,80.60,80.60,80.60,80.60,100,8250
20211025,15:02,80.35,80.35,80.35,80.35,25,8250
20211025,15:03,77.15,77.15,77.15,77.15,50,8250
20211025,15:04,75.30,75.30,75.30,75.30,25,8250
20211025,15:08,78.00,78.00,78.00,78.00,25,8250
20211025,15:09,78.00,78.00,78.00,78.00,75,8250
20211025,15:10,78.00,78.00,78.00,78.00,25,8250
20211025,15:11,76.35,76.35,76.35,76.35,25,8275
20211025,15:12,76.00,76.00,76.00,76.00,25,8275
20211025,15:14,77.10,77.10,77.10,77.10,75,8300
20211025,15:15,77.70,77.70,77.70,77.70,75,8300
20211025,15:17,79.80,79.85,79.80,79.85,200,8300
20211025,15:18,84.95,84.95,84.95,84.95,100,8300
20211025,15:19,84.55,84.55,84.55,84.55,50,8325
20211025,15:20,87.70,87.70,87.70,87.70,225,8325
20211025,15:21,88.80,88.80,88.80,88.80,50,8325
20211025,15:22,85.35,85.35,85.35,85.35,200,8225
20211025,15:23,84.55,84.55,84.55,84.55,50,8225
20211025,15:24,82.50,82.50,82.50,82.50,75,8225
20211025,15:26,65.10,78.55,65.10,78.55,300,8225
20211025,15:27,83.00,83.00,83.00,83.00,275,8225
20211025,15:28,82.50,82.50,82.50,82.50,100,8375
20211025,15:29,83.30,83.30,83.30,83.30,125,8375
20211025,15:30,81.60,81.60,81.60,81.60,100,8375
20211026,09:15,77.00,77.00,77.00,77.00,51,8425
20211026,09:16,97.70,97.70,97.70,97.70,250,8425
20211026,09:17,89.10,89.10,89.10,89.10,125,8625
20211026,09:19,75.65,75.65,75.65,75.65,225,8625
20211026,09:20,93.00,93.00,93.00,93.00,50,8625
20211026,09:21,93.65,93.65,93.65,93.65,250,8775
20211026,09:22,93.80,93.80,93.80,93.80,100,8775
20211026,09:23,93.40,93.40,93.40,93.40,425,9000
20211026,09:25,91.85,91.85,91.85,91.85,375,9000
20211026,09:26,91.00,91.00,91.00,91.00,125,9000
20211026,09:27,89.95,89.95,89.95,89.95,150,8950
20211026,09:28,90.20,90.20,90.20,90.20,50,8950
20211026,09:29,91.75,91.75,91.75,91.75,325,8950
20211026,09:30,95.55,95.55,95.55,95.55,150,8975
20211026,09:31,93.55,93.55,93.55,93.55,200,8975
20211026,09:32,95.85,95.85,95.85,95.85,175,8975
20211026,09:33,93.95,93.95,93.95,93.95,300,8850
20211026,09:34,95.80,95.80,95.80,95.80,75,8850
20211026,09:36,92.95,92.95,92.95,92.95,75,9050
20211026,09:38,91.85,91.85,91.85,91.85,100,9050
20211026,09:39,92.00,92.00,92.00,92.00,125,8975
20211026,09:40,89.40,89.40,89.40,89.40,450,8975
20211026,09:41,91.10,91.10,91.10,91.10,250,8975
20211026,09:42,91.65,91.65,91.65,91.65,125,9025
20211026,09:43,93.10,93.10,93.10,93.10,200,9025
20211026,09:44,93.95,93.95,93.95,93.95,75,9025
20211026,09:45,92.35,92.35,92.35,92.35,50,8975
20211026,09:46,94.95,94.95,94.95,94.95,125,8975
20211026,09:48,95.75,95.75,95.75,95.75,200,9075
20211026,09:49,95.60,95.60,95.60,95.60,200,9075
20211026,09:50,93.50,93.50,93.50,93.50,125,8850
20211026,09:51,94.15,94.15,94.15,94.15,50,8850
20211026,09:52,94.20,94.20,94.20,94.20,175,8850
20211026,09:54,93.70,93.70,93.70,93.70,50,8850
20211026,09:55,93.60,93.60,93.60,93.60,300,8850
20211026,09:56,93.70,93.70,93.70,93.70,250,8850
20211026,09:57,94.65,94.65,94.65,94.65,125,8800
20211026,09:58,92.25,92.25,92.25,92.25,25,8800
20211026,09:59,91.10,91.10,91.10,91.10,50,8800
20211026,10:00,90.00,90.00,90.00,90.00,50,8900
20211026,10:01,87.85,87.85,87.85,87.85,125,8900
20211026,10:03,86.00,86.00,86.00,86.00,75,8800
20211026,10:04,88.10,88.10,88.10,88.10,75,8800
20211026,10:05,89.00,89.00,89.00,89.00,100,8800
20211026,10:06,90.40,90.40,90.40,90.40,200,8800
20211026,10:10,88.65,88.65,88.65,88.65,50,8975
20211026,10:11,88.40,88.40,88.40,88.40,50,8975
20211026,10:12,88.80,88.80,88.80,88.80,25,8975
20211026,10:15,86.25,86.25,86.25,86.25,50,8975
20211026,10:16,86.50,86.50,86.50,86.50,75,8825
20211026,10:17,82.65,82.65,82.65,82.65,125,8825
20211026,10:18,81.25,81.25,81.25,81.25,225,8850
20211026,10:20,75.00,75.00,75.00,75.00,950,8850
20211026,10:22,66.60,66.60,66.60,66.60,4100,10725
20211026,10:23,72.70,72.70,72.70,72.70,700,10725
20211026,10:25,71.90,71.90,71.90,71.90,100,11025
20211026,10:26,71.80,71.80,71.80,71.80,300,11025
20211026,10:27,73.00,73.00,73.00,73.00,125,11050
20211026,10:29,73.85,73.85,73.85,73.85,250,11050
20211026,10:30,74.75,74.75,74.75,74.75,750,11050
20211026,10:31,73.60,73.60,73.60,73.60,450,10750
20211026,10:32,74.35,74.35,74.35,74.35,150,10750
20211026,10:33,73.70,73.70,73.70,73.70,25,8300
20211026,10:35,72.95,72.95,72.95,72.95,100,8300
20211026,10:36,71.85,71.85,71.85,71.85,50,7900
20211026,10:37,70.80,70.80,70.80,70.80,125,7900
20211026,10:39,71.25,71.25,71.25,71.25,175,7925
20211026,10:40,71.00,71.00,71.00,71.00,450,7925
20211026,10:41,71.85,71.85,71.85,71.85,225,7925
20211026,10:42,71.95,71.95,71.95,71.95,100,8050
20211026,10:44,71.40,71.40,71.40,71.40,25,8050
20211026,10:45,63.00,63.00,63.00,63.00,325,8150
20211026,10:47,60.85,60.85,60.85,60.85,375,8150
20211026,10:49,59.50,59.50,59.50,59.50,700,8300
20211026,10:51,62.80,62.80,62.80,62.80,125,8575
20211026,10:53,64.00,64.00,64.00,64.00,500,8575
20211026,10:54,61.80,61.80,61.80,61.80,75,8575
20211026,10:55,64.20,64.20,64.20,64.20,25,8500
20211026,10:57,65.25,65.25,65.25,65.25,50,8500
20211026,11:00,65.00,65.00,65.00,65.00,50,8550
20211026,11:02,65.15,65.15,65.15,65.15,125,8550
20211026,11:03,64.65,64.65,64.65,64.65,175,8550
20211026,11:04,63.85,63.85,63.85,63.85,25,8575
20211026,11:05,63.85,63.85,63.85,63.85,75,8575
20211026,11:07,64.85,64.85,64.85,64.85,175,8475
20211026,11:09,64.00,64.00,64.00,64.00,50,8450
20211026,11:10,63.60,63.60,63.60,63.60,225,8450
20211026,11:12,65.05,65.05,65.05,65.05,25,8450
20211026,11:14,66.35,66.35,66.35,66.35,50,8525
20211026,11:15,67.00,67.00,67.00,67.00,25,8525
20211026,11:16,64.60,64.60,64.60,64.60,200,8700
20211026,11:17,65.75,65.75,65.75,65.75,50,8700
20211026,11:20,64.65,64.65,64.65,64.65,50,8675
20211026,11:21,64.25,64.25,64.25,64.25,75,8525
20211026,11:25,60.60,60.60,60.60,60.60,125,8550
20211026,11:26,60.05,60.05,60.05,60.05,50,8550
20211026,11:27,61.85,61.85,61.85,61.85,50,8550
20211026,11:30,61.55,61.55,61.55,61.55,75,8550
20211026,11:31,62.65,62.65,62.65,62.65,100,8550
20211026,11:32,62.95,62.95,62.95,62.95,25,8550
20211026,11:35,62.80,62.80,62.80,62.80,50,8550
20211026,11:36,62.00,62.00,62.00,62.00,175,8450
20211026,11:39,62.65,62.65,62.65,62.65,50,8450
20211026,11:43,63.85,63.85,63.85,63.85,25,8500
20211026,11:46,62.95,62.95,62.95,62.95,25,8500
20211026,11:50,62.25,62.25,62.25,62.25,50,8525
20211026,11:54,63.80,63.80,63.80,63.80,125,8525
20211026,11:55,64.10,64.10,64.10,64.10,25,8525
20211026,11:56,64.35,64.35,64.35,64.35,25,8525
20211026,11:59,64.35,64.35,64.35,64.35,50,8550
20211026,12:00,64.10,64.10,64.10,64.10,25,8550
20211026,12:02,73.20,73.20,73.20,73.20,425,8500
20211026,12:04,86.80,86.80,86.80,86.80,1375,8475
20211026,12:06,85.70,85.70,85.70,85.70,650,8975
20211026,12:08,82.90,82.90,82.90,82.90,150,8975
20211026,12:09,80.65,80.65,80.65,80.65,675,8975
20211026,12:10,80.15,80.15,80.15,80.15,75,8975
20211026,12:12,83.55,83.55,83.55,83.55,75,8975
20211026,12:13,84.00,84.00,84.00,84.00,175,8900
20211026,12:14,81.30,81.30,81.30,81.30,75,8900
20211026,12:15,80.35,80.35,80.35,80.35,350,8375
20211026,12:17,81.20,81.20,81.20,81.20,75,8375
20211026,12:18,81.10,81.10,81.10,81.10,275,8375
20211026,12:19,79.95,79.95,79.95,79.95,50,8525
20211026,12:20,79.55,79.55,79.55,79.55,25,8525
20211026,12:21,81.55,81.55,81.55,81.55,25,8375
20211026,12:25,85.00,85.00,85.00,85.00,275,8350
20211026,12:26,88.30,88.30,88.30,88.30,150,8350
20211026,12:27,85.80,85.80,85.80,85.80,50,8200
20211026,12:29,83.15,83.15,83.15,83.15,150,8200
20211026,12:30,83.20,83.20,83.20,83.20,200,8200
20211026,12:31,83.15,83.15,83.15,83.15,50,8225
20211026,12:33,81.50,81.50,81.50,81.50,25,8275
20211026,12:36,82.65,82.65,82.65,82.65,50,8275
20211026,12:37,80.10,80.10,80.10,80.10,75,8275
20211026,12:39,63.85,63.85,63.85,63.85,700,8275
20211026,12:40,62.60,62.60,62.60,62.60,1275,8425
20211026,12:42,67.15,67.15,67.15,67.15,125,8575
20211026,12:44,67.40,67.40,67.40,67.40,50,8575
20211026,12:45,67.20,67.20,67.20,67.20,50,8575
20211026,12:46,65.75,65.75,65.75,65.75,200,8575
20211026,12:47,66.95,66.95,66.95,66.95,100,8575
20211026,12:49,66.70,66.70,66.70,66.70,75,8400
20211026,12:50,66.65,66.65,66.65,66.65,50,8400
20211026,12:52,66.95,66.95,66.95,66.95,75,8400
20211026,12:54,68.05,68.05,68.05,68.05,100,8400
20211026,12:55,74.35,74.35,74.35,74.35,400,8400
20211026,12:57,75.35,75.35,75.35,75.35,825,8400
20211026,12:58,72.80,72.80,72.80,72.80,100,8425
20211026,13:00,75.00,75.00,75.00,75.00,125,8425
20211026,13:01,77.25,77.25,77.25,77.25,225,8500
20211026,13:03,76.95,76.95,76.95,76.95,150,8500
20211026,13:04,76.70,76.70,76.70,76.70,25,8500
20211026,13:05,73.05,73.05,73.05,73.05,275,8525
20211026,13:07,76.00,76.00,76.00,76.00,150,8675
20211026,13:08,74.60,74.60,74.60,74.60,75,8675
20211026,13:10,75.25,75.25,75.25,75.25,75,8650
20211026,13:12,75.25,75.25,75.25,75.25,50,8650
20211026,13:14,72.85,72.85,72.85,72.85,100,8575
20211026,13:16,71.25,71.25,71.25,71.25,50,8575
20211026,13:17,72.35,72.35,72.35,72.35,25,8550
20211026,13:19,72.80,72.80,72.80,72.80,25,8525
20211026,13:20,73.60,73.60,73.60,73.60,50,8525
20211026,13:24,71.00,71.00,71.00,71.00,150,8525
20211026,13:25,70.55,70.55,70.55,70.55,50,8525
20211026,13:27,74.90,74.90,74.90,74.90,250,8375
20211026,13:28,75.50,75.50,75.50,75.50,1225,8475
20211026,13:31,73.10,73.10,73.10,73.10,50,8375
20211026,13:32,73.25,73.25,73.25,73.25,50,8375
20211026,13:34,73.35,73.35,73.35,73.35,25,8375
20211026,13:35,71.05,71.05,71.05,71.05,75,8350
20211026,13:37,77.25,77.25,77.25,77.25,50,8350
20211026,13:39,75.25,75.25,75.25,75.25,25,8350
20211026,13:40,76.75,76.75,76.75,76.75,100,8375
20211026,13:42,73.35,73.35,73.35,73.35,100,8375
20211026,13:43,74.80,74.80,74.80,74.80,175,8350
20211026,13:46,78.90,78.90,78.90,78.90,150,8350
20211026,13:47,73.85,73.85,73.85,73.85,25,8350
20211026,13:53,73.05,73.05,73.05,73.05,50,8375
20211026,13:54,70.00,70.00,70.00,70.00,100,8375
20211026,13:55,73.55,73.55,73.55,73.55,75,8325
20211026,13:59,73.00,73.00,73.00,73.00,25,8350
20211026,14:03,73.00,73.00,73.00,73.00,200,8350
20211026,14:04,71.95,71.95,71.95,71.95,75,8375
20211026,14:05,72.95,72.95,72.95,72.95,25,8375
20211026,14:08,68.90,68.90,68.90,68.90,25,8375
20211026,14:09,71.95,71.95,71.95,71.95,200,8375
20211026,14:10,71.85,71.85,71.85,71.85,75,8375
20211026,14:11,73.15,73.15,73.15,73.15,150,8375
20211026,14:13,73.15,73.15,73.15,73.15,75,8375
20211026,14:14,73.25,73.25,73.25,73.25,100,8375
20211026,14:15,76.60,76.60,76.60,76.60,100,8375
20211026,14:17,71.85,71.85,71.85,71.85,75,8425
20211026,14:27,70.05,70.05,70.05,70.05,100,8200
20211026,14:28,72.30,72.30,72.30,72.30,75,8275
20211026,14:29,73.55,73.55,73.55,73.55,500,8275
20211026,14:30,72.45,72.45,72.45,72.45,150,8550
20211026,14:34,72.40,72.40,72.40,72.40,225,8650
20211026,14:35,74.00,74.00,74.00,74.00,75,8650
20211026,14:38,69.35,69.35,69.35,69.35,325,8675
20211026,14:39,68.45,68.45,68.45,68.45,75,8675
20211026,14:40,66.85,66.85,66.85,66.85,100,8600
20211026,14:42,62.55,62.55,62.55,62.55,375,8600
20211026,14:43,65.60,65.60,65.60,65.60,925,8750
20211026,14:44,65.40,65.40,65.40,65.40,150,8750
20211026,14:45,65.60,65.60,65.60,65.60,150,8750
20211026,14:49,65.50,65.50,65.50,65.50,25,9000
20211026,14:50,64.00,64.00,64.00,64.00,200,9025
20211026,14:51,64.00,64.00,64.00,64.00,150,9025
20211026,14:52,63.50,63.50,63.50,63.50,175,8800
20211026,14:53,63.15,63.15,63.15,63.15,25,8800
20211026,14:54,63.90,63.90,63.90,63.90,350,8800
20211026,14:55,64.70,64.70,64.70,64.70,200,8650
20211026,14:59,63.25,63.25,63.25,63.25,25,8625
20211026,15:00,63.75,63.75,63.75,63.75,25,8625
20211026,15:01,63.30,63.30,63.30,63.30,50,8625
20211026,15:05,62.10,62.10,62.10,62.10,150,8650
20211026,15:06,62.65,62.65,62.65,62.65,100,8650
20211026,15:07,64.00,64.00,64.00,64.00,25,8550
20211026,15:09,66.10,66.10,66.10,66.10,200,8550
20211026,15:10,68.70,68.70,68.70,68.70,100,8550
20211026,15:11,70.15,70.15,70.15,70.15,75,8650
20211026,15:12,70.05,70.05,70.05,70.05,125,8650
20211026,15:13,69.50,69.50,69.50,69.50,50,8600
20211026,15:14,69.10,69.10,69.10,69.10,100,8600
20211026,15:15,68.70,68.70,68.70,68.70,75,8600
20211026,15:20,69.40,69.40,69.40,69.40,425,8750
20211026,15:21,71.25,71.25,71.25,71.25,75,8750
20211026,15:23,71.35,71.35,71.35,71.35,75,9125
20211026,15:24,71.60,71.60,71.60,71.60,200,9125
20211026,15:26,66.00,66.00,66.00,66.00,850,9175
20211026,15:27,69.55,69.55,69.55,69.55,350,9175
20211026,15:28,70.30,70.30,70.30,70.30,250,9175
20211026,15:29,71.20,71.20,71.20,71.20,50,8900
20211026,15:30,69.75,69.75,69.75,69.75,50,8900
20211027,09:15,58.25,58.25,55.15,57.10,253,7900
20211027,09:17,61.45,61.45,61.45,61.45,325,7900
20211027,09:19,67.05,67.05,40.80,40.80,1000,8125
20211027,09:20,53.75,53.75,53.75,53.75,475,8350
20211027,09:22,55.95,55.95,55.95,55.95,1325,8350
20211027,09:23,57.10,57.10,57.10,57.10,25,8350
20211027,09:24,55.95,55.95,55.95,55.95,375,8675
20211027,09:26,55.65,55.65,55.65,55.65,750,8675
20211027,09:27,57.85,57.85,57.85,57.85,50,8675
20211027,09:28,57.45,57.45,57.45,57.45,875,9050
20211027,09:30,57.95,57.95,57.95,57.95,225,9025
20211027,09:31,59.15,59.15,59.15,59.15,75,9025
20211027,09:32,59.40,59.40,59.40,59.40,225,9025
20211027,09:34,60.10,60.10,60.10,60.10,100,9075
20211027,09:35,57.30,57.30,57.30,57.30,50,9075
20211027,09:36,56.00,56.00,56.00,56.00,25,9125
20211027,09:37,58.45,58.45,58.45,58.45,50,9125
20211027,09:38,58.90,58.90,58.90,58.90,100,9125
20211027,09:40,57.05,57.05,57.05,57.05,100,9100
20211027,09:41,58.35,58.35,58.35,58.35,125,9100
20211027,09:45,57.55,57.55,57.55,57.55,25,9100
20211027,09:46,62.70,62.70,62.70,62.70,550,9100
20211027,09:48,63.00,63.00,63.00,63.00,325,9100
20211027,09:49,63.25,63.25,63.25,63.25,125,9025
20211027,09:50,63.75,63.75,63.75,63.75,175,9025
20211027,09:52,65.45,65.45,65.45,65.45,150,9000
20211027,09:53,65.65,65.65,65.65,65.65,225,9000
20211027,09:55,63.40,63.40,63.40,63.40,150,9150
20211027,09:56,63.30,63.30,63.30,63.30,25,9150
20211027,09:57,64.95,64.95,64.95,64.95,150,9225
20211027,09:59,65.10,65.10,65.10,65.10,225,9225
20211027,10:00,66.10,66.10,66.10,66.10,50,9175
20211027,10:01,67.80,67.80,67.80,67.80,250,9175
20211027,10:02,65.00,65.00,65.00,65.00,125,9175
20211027,10:04,65.25,65.25,65.25,65.25,125,9200
20211027,10:05,63.45,63.45,63.45,63.45,500,9200
20211027,10:06,64.75,64.75,64.75,64.75,600,9575
20211027,10:07,64.65,64.65,64.65,64.65,2625,9575
20211027,10:08,64.70,64.70,64.70,64.70,1475,9575
20211027,10:09,64.60,64.60,64.60,64.60,825,12250
20211027,10:10,64.55,64.55,64.55,64.55,1375,12250
20211027,10:11,63.40,63.40,63.40,63.40,700,12250
20211027,10:12,62.70,62.70,62.70,62.70,100,13025
20211027,10:14,63.85,63.85,63.85,63.85,300,13025
20211027,10:15,63.80,63.80,63.80,63.80,300,12950
20211027,10:16,63.40,63.40,63.40,63.40,100,12950
20211027,10:17,63.40,63.40,63.40,63.40,50,12950
20211027,10:18,63.35,63.35,63.35,63.35,25,12950
20211027,10:19,64.35,64.35,64.35,64.35,75,12600
20211027,10:20,61.80,61.80,61.80,61.80,175,12600
20211027,10:22,62.30,62.30,62.30,62.30,125,12750
20211027,10:23,63.40,63.40,63.40,63.40,175,12750
20211027,10:24,63.35,63.35,63.35,63.35,50,12750
20211027,10:26,62.50,62.50,62.50,62.50,100,12575
20211027,10:28,61.35,61.35,61.35,61.35,250,12525
20211027,10:29,62.00,62.00,62.00,62.00,75,12525
20211027,10:30,61.35,61.35,61.35,61.35,25,12725
20211027,10:31,60.20,60.20,60.20,60.20,300,12725
20211027,10:33,60.40,60.40,60.40,60.40,250,12725
20211027,10:34,60.30,60.30,60.30,60.30,225,12625
20211027,10:35,60.10,60.10,60.10,60.10,475,12625
20211027,10:36,60.40,60.40,60.40,60.40,425,12650
20211027,10:38,59.75,59.75,59.75,59.75,125,12650
20211027,10:39,57.65,57.65,57.65,57.65,200,12650
20211027,10:40,58.45,58.45,58.45,58.45,350,12650
20211027,10:42,61.75,61.75,61.75,61.75,50,12675
20211027,10:43,60.35,60.35,60.35,60.35,50,12675
20211027,10:44,61.70,61.70,61.70,61.70,125,12675
20211027,10:45,61.60,61.60,61.60,61.60,175,12775
20211027,10:47,61.85,61.85,61.85,61.85,25,12775
20211027,10:48,60.55,60.55,60.55,60.55,100,12775
20211027,10:50,60.85,60.85,60.85,60.85,100,11500
20211027,10:51,59.50,59.50,59.50,59.50,175,11375
20211027,10:52,58.95,58.95,58.95,58.95,25,11375
20211027,10:54,59.10,59.10,59.10,59.10,150,11250
20211027,10:58,58.30,58.30,58.30,58.30,75,11175
20211027,11:02,58.85,58.85,58.85,58.85,25,11175
20211027,11:03,58.05,58.05,58.05,58.05,25,11175
20211027,11:04,57.80,57.80,57.80,57.80,25,11225
20211027,11:07,57.60,57.60,57.60,57.60,125,11250
20211027,11:08,56.40,56.40,56.40,56.40,25,11250
20211027,11:09,56.50,56.50,56.50,56.50,25,11200
20211027,11:10,57.60,57.60,57.60,57.60,25,11200
20211027,11:12,59.65,59.65,59.65,59.65,75,11200
20211027,11:13,58.45,58.45,57.45,57.45,200,11275
20211027,11:14,57.30,57.30,57.30,57.30,25,11275
20211027,11:19,56.55,56.55,56.55,56.55,25,11350
20211027,11:20,56.25,56.25,56.25,56.25,125,11350
20211027,11:26,57.55,57.55,57.55,57.55,75,11425
20211027,11:30,58.00,58.00,58.00,58.00,75,11400
20211027,11:31,57.25,57.25,57.25,57.25,600,11400
20211027,11:32,58.50,58.50,58.50,58.50,50,11400
20211027,11:37,57.90,57.90,57.90,57.90,75,11400
20211027,11:38,60.20,60.20,60.20,60.20,275,11400
20211027,11:39,59.80,59.80,59.80,59.80,75,11325
20211027,11:41,59.40,59.40,59.40,59.40,75,11325
20211027,11:42,59.60,59.60,59.60,59.60,50,11325
20211027,11:43,60.15,60.15,60.15,60.15,25,11350
20211027,11:45,59.95,59.95,59.95,59.95,25,11350
20211027,11:46,60.00,60.00,60.00,60.00,25,11325
20211027,11:49,58.30,58.30,58.30,58.30,125,11350
20211027,11:52,58.90,58.90,58.90,58.90,400,11450
20211027,11:53,59.40,59.40,59.40,59.40,25,11450
20211027,11:55,59.30,59.30,59.30,59.30,175,11825
20211027,11:57,57.30,57.30,57.30,57.30,75,11850
20211027,11:59,57.65,57.65,57.65,57.65,100,11850
20211027,12:00,59.10,59.10,59.10,59.10,100,11450
20211027,12:10,57.50,57.50,57.50,57.50,75,11450
20211027,12:11,57.20,57.20,57.20,57.20,75,11450
20211027,12:12,55.95,55.95,55.95,55.95,175,11450
20211027,12:15,56.15,56.15,56.15,56.15,75,11600
20211027,12:17,56.60,56.60,56.60,56.60,50,11600
20211027,12:19,57.10,57.10,56.95,56.95,100,11575
20211027,12:21,56.80,56.80,56.80,56.80,25,11575
20211027,12:22,56.55,56.55,56.55,56.55,50,11575
20211027,12:24,56.60,56.60,56.60,56.60,50,11575
20211027,12:26,56.05,56.05,56.05,56.05,25,11575
20211027,12:28,55.35,55.35,55.35,55.35,25,11575
20211027,12:30,55.65,55.65,55.65,55.65,25,11575
20211027,12:31,55.60,55.60,55.60,55.60,25,11575
20211027,12:32,55.00,55.00,55.00,55.00,50,11575
20211027,12:33,54.35,54.35,54.35,54.35,100,11625
20211027,12:37,54.00,54.00,54.00,54.00,325,11625
20211027,12:39,53.95,53.95,53.95,53.95,25,11625
20211027,12:40,53.55,53.55,53.05,53.05,50,11800
20211027,12:41,53.00,53.00,53.00,53.00,50,11800
20211027,12:44,51.10,51.10,51.10,51.10,150,11850
20211027,12:45,51.45,51.45,51.45,51.45,100,11850
20211027,12:46,52.20,52.20,52.20,52.20,25,11850
20211027,12:48,54.55,54.55,54.55,54.55,75,11675
20211027,12:49,54.00,54.00,54.00,54.00,100,11700
20211027,12:54,53.35,53.35,53.35,53.35,150,11825
20211027,12:56,52.90,52.90,52.90,52.90,50,11825
20211027,12:57,52.70,52.70,52.70,52.70,25,11825
20211027,12:58,50.55,50.55,50.55,50.55,225,11825
20211027,12:59,51.15,51.15,51.15,51.15,175,11825
20211027,13:01,51.20,51.20,51.20,51.20,75,11825
20211027,13:02,51.30,51.30,51.30,51.30,50,11925
20211027,13:03,52.45,52.45,52.45,52.45,875,11925
20211027,13:04,53.75,53.75,53.75,53.75,250,12000
20211027,13:05,54.45,54.45,54.45,54.45,25,12000
20211027,13:06,54.30,54.30,53.90,53.90,350,11975
20211027,13:07,54.05,54.05,54.05,54.05,125,11975
20211027,13:08,54.05,54.05,54.05,54.05,75,11975
20211027,13:09,54.00,54.00,54.00,54.00,25,11975
20211027,13:10,52.50,52.50,52.50,52.50,300,11975
20211027,13:11,51.75,51.75,51.75,51.75,250,11975
20211027,13:15,53.00,53.00,53.00,53.00,100,12525
20211027,13:16,53.10,53.10,53.10,53.10,150,12525
20211027,13:17,52.30,52.30,52.30,52.30,100,12525
20211027,13:18,52.50,52.50,52.50,52.50,200,12525
20211027,13:20,53.00,53.00,53.00,53.00,125,12175
20211027,13:21,53.00,53.00,51.50,51.50,175,12300
20211027,13:25,53.00,53.00,53.00,53.00,100,12150
20211027,13:27,53.20,53.20,53.20,53.20,975,12150
20211027,13:28,52.60,52.60,52.60,52.60,25,13125
20211027,13:30,52.25,52.25,52.25,52.25,100,13125
20211027,13:33,54.65,54.65,54.65,54.65,75,13200
20211027,13:34,53.55,53.55,53.55,53.55,175,13250
20211027,13:35,53.70,53.70,53.70,53.70,25,13250
20211027,13:36,52.95,52.95,52.95,52.95,50,13075
20211027,13:37,50.95,50.95,50.95,50.95,300,13075
20211027,13:38,52.50,52.50,52.50,52.50,25,13075
20211027,13:39,52.25,52.25,52.25,52.25,25,13075
20211027,13:41,52.25,52.25,52.25,52.25,25,13125
20211027,13:42,52.10,52.10,52.10,52.10,25,13125
20211027,13:44,51.15,51.15,51.15,51.15,25,13125
20211027,13:45,51.60,51.60,51.60,51.60,25,13125
20211027,13:46,52.65,52.65,52.65,52.65,50,13125
20211027,13:47,52.45,52.45,52.45,52.45,150,13125
20211027,13:48,52.00,52.00,52.00,52.00,250,13125
20211027,13:49,51.75,51.75,51.75,51.75,75,13200
20211027,13:50,51.95,51.95,51.95,51.95,125,13200
20211027,13:51,52.40,52.70,52.40,52.70,250,13200
20211027,13:52,52.50,52.50,52.50,52.50,150,13375
20211027,13:53,53.00,53.00,53.00,53.00,125,13375
20211027,13:56,51.85,51.85,51.85,51.85,50,13425
20211027,13:57,51.90,51.90,51.90,51.90,50,13425
20211027,14:00,52.05,52.05,52.05,52.05,75,13475
20211027,14:01,52.00,52.00,52.00,52.00,50,13475
20211027,14:03,51.75,51.75,51.25,51.25,175,13475
20211027,14:04,51.25,51.25,51.25,51.25,25,13600
20211027,14:06,50.95,51.30,50.95,51.30,125,13600
20211027,14:07,51.25,51.25,51.25,51.25,25,13575
20211027,14:08,51.95,51.95,51.95,51.95,50,13575
20211027,14:10,51.75,51.75,51.75,51.75,100,13600
20211027,14:11,50.80,51.25,50.80,51.25,125,13600
20211027,14:12,51.45,51.45,51.45,51.45,25,13600
20211027,14:15,50.75,50.75,50.75,50.75,25,13675
20211027,14:16,46.90,46.90,46.90,46.90,225,13675
20211027,14:18,44.30,44.30,44.30,44.30,2875,13675
20211027,14:19,44.55,44.55,44.55,44.55,525,14575
20211027,14:21,40.60,40.60,40.60,40.60,4550,14575
20211027,14:22,43.85,43.85,43.85,43.85,975,14675
20211027,14:24,43.15,43.15,43.15,43.15,1775,14675
20211027,14:25,43.10,43.10,43.10,43.10,275,14675
20211027,14:26,43.90,43.90,43.90,43.90,125,15175
20211027,14:28,45.15,45.15,45.15,45.15,975,16225
20211027,14:29,43.50,43.50,43.50,43.50,650,16225
20211027,14:30,42.30,42.30,42.30,42.30,425,16225
20211027,14:31,40.30,40.30,40.30,40.30,2425,16450
20211027,14:33,40.65,40.65,40.65,40.65,150,16450
20211027,14:34,41.95,41.95,41.95,41.95,150,16200
20211027,14:35,42.45,42.45,42.45,42.45,875,16200
20211027,14:36,41.90,41.90,41.90,41.90,50,16200
20211027,14:37,42.70,42.70,42.70,42.70,75,16375
20211027,14:38,41.10,41.10,41.10,41.10,300,16375
20211027,14:39,42.20,42.20,39.30,39.30,1225,16375
20211027,14:41,40.15,40.15,40.15,40.15,175,16450
20211027,14:42,40.40,40.40,40.40,40.40,125,16450
20211027,14:43,40.75,40.75,40.75,40.75,425,16450
20211027,14:45,39.10,39.10,39.10,39.10,100,15200
20211027,14:46,39.95,39.95,39.95,39.95,325,15200
20211027,14:47,40.90,40.90,40.90,40.90,275,15350
20211027,14:48,40.05,40.05,40.05,40.05,50,15350
20211027,14:49,39.05,39.05,39.05,39.05,100,14775
20211027,14:51,38.10,38.10,38.10,38.10,200,14775
20211027,14:52,37.15,37.15,37.15,37.15,250,14600
20211027,14:53,37.10,37.10,37.10,37.10,75,14600
20211027,14:54,38.65,38.65,38.65,38.65,50,14600
20211027,14:55,38.15,38.15,38.15,38.15,50,14600
20211027,14:56,38.95,38.95,38.95,38.95,125,14575
20211027,14:57,38.50,38.50,38.50,38.50,200,14575
20211027,14:58,38.35,38.35,38.35,38.35,100,14725
20211027,14:59,38.65,38.65,38.65,38.65,125,14725
20211027,15:00,38.55,38.55,38.55,38.55,100,14725
20211027,15:02,38.00,38.00,38.00,38.00,75,14700
20211027,15:03,37.95,37.95,37.95,37.95,50,14700
20211027,15:04,37.35,37.35,37.35,37.35,300,14625
20211027,15:05,36.60,36.60,36.60,36.60,400,14625
20211027,15:06,37.50,37.50,37.50,37.50,150,14625
20211027,15:07,37.20,37.20,37.20,37.20,500,14825
20211027,15:08,37.70,37.70,37.70,37.70,50,14825
20211027,15:10,37.00,37.00,37.00,37.00,50,14825
20211027,15:11,38.20,38.20,38.20,38.20,50,14900
20211027,15:12,37.90,37.90,37.90,37.90,25,14900
20211027,15:13,37.00,37.00,37.00,37.00,175,14975
20211027,15:14,35.80,35.80,35.80,35.80,425,14975
20211027,15:15,35.60,35.60,35.60,35.60,175,14975
20211027,15:16,35.00,35.00,35.00,35.00,250,15050
20211027,15:17,34.35,34.35,34.35,34.35,75,15050
20211027,15:18,33.70,33.70,33.70,33.70,100,15050
20211027,15:20,33.45,33.45,33.45,33.45,575,14925
20211027,15:21,34.50,34.50,34.50,34.50,150,14925
20211027,15:22,33.90,33.90,33.90,33.90,75,14925
20211027,15:24,33.05,33.05,33.05,33.05,100,15025
20211027,15:25,31.90,31.90,31.90,31.90,2125,13975
20211027,15:26,28.35,28.35,28.35,28.35,3350,13975
20211027,15:28,32.30,32.30,32.30,32.30,1375,16150
20211027,15:29,31.65,31.65,31.65,31.65,500,16150
20211027,15:30,31.65,31.65,31.65,31.65,75,16150
20211028,09:15,34.65,39.15,30.60,31.25,203,16225
20211028,09:17,26.40,26.40,26.40,26.40,450,16225
20211028,09:19,30.35,30.35,30.35,30.35,900,16275
20211028,09:20,29.80,29.80,29.80,29.80,975,16800
20211028,09:22,30.50,30.50,30.50,30.50,700,16800
20211028,09:24,30.50,30.50,30.50,30.50,150,17250
20211028,09:25,30.65,30.65,30.65,30.65,75,17250
20211028,09:27,30.00,30.00,30.00,30.00,250,17300
20211028,09:28,30.05,30.05,30.05,30.05,250,17300
20211028,09:29,31.00,31.00,31.00,31.00,250,17300
20211028,09:31,30.95,30.95,30.95,30.95,50,17425
20211028,09:32,30.80,30.80,30.80,30.80,425,17425
20211028,09:33,31.10,31.10,31.10,31.10,475,17725
20211028,09:35,30.60,30.60,30.60,30.60,200,17725
20211028,09:36,31.30,31.30,31.30,31.30,1450,17375
20211028,09:38,30.70,30.70,30.70,30.70,550,17375
20211028,09:39,31.10,31.10,31.10,31.10,175,17375
20211028,09:40,30.05,30.05,30.05,30.05,175,16775
20211028,09:42,30.05,30.05,30.05,30.05,250,16800
20211028,09:43,30.80,30.80,30.80,30.80,100,16800
20211028,09:44,30.05,30.05,30.05,30.05,75,16800
20211028,09:46,30.15,30.15,30.15,30.15,475,14875
20211028,09:47,30.00,30.00,30.00,30.00,1375,14875
20211028,09:48,29.45,29.45,29.45,29.45,200,15875
20211028,09:50,29.15,29.15,29.15,29.15,75,15875
20211028,09:51,30.20,30.20,30.20,30.20,75,15975
20211028,09:52,30.20,30.20,30.20,30.20,50,15975
20211028,09:54,29.80,29.80,29.45,29.45,100,15925
20211028,09:55,28.90,28.90,28.90,28.90,275,15925
20211028,09:56,29.50,29.50,29.50,29.50,75,15925
20211028,09:57,28.65,28.65,28.65,28.65,500,15850
20211028,09:59,30.40,30.40,30.40,30.40,1400,15850
20211028,10:01,30.45,30.45,30.45,30.45,200,15750
20211028,10:02,30.05,30.05,30.05,30.05,225,15750
20211028,10:04,29.60,29.60,29.60,29.60,200,15675
20211028,10:06,30.05,30.05,30.05,30.05,25,15675
20211028,10:07,30.50,30.50,30.50,30.50,225,15725
20211028,10:08,29.90,29.90,29.90,29.90,2450,15725
20211028,10:10,30.35,30.35,30.35,30.35,450,16175
20211028,10:11,30.00,30.00,30.00,30.00,50,16175
20211028,10:13,29.80,29.80,29.80,29.80,1700,16400
20211028,10:14,30.40,30.40,30.40,30.40,325,16400
20211028,10:16,31.00,31.00,31.00,31.00,300,15575
20211028,10:17,31.45,31.45,31.45,31.45,1225,15575
20211028,10:18,31.10,31.10,31.10,31.10,1625,15175
20211028,10:20,30.85,30.85,30.85,30.85,1350,15175
20211028,10:21,31.70,31.70,31.70,31.70,125,15175
20211028,10:22,31.70,31.70,31.70,31.70,75,15250
20211028,10:24,31.90,31.90,31.90,31.90,50,15250
20211028,10:25,32.25,32.25,32.25,32.25,50,15600
20211028,10:26,32.15,32.15,32.15,32.15,25,15600
20211028,10:28,31.60,31.60,31.60,31.60,50,14550
20211028,10:29,32.40,32.40,32.40,32.40,25,14550
20211028,10:30,32.10,32.10,32.10,32.10,25,14550
20211028,10:32,31.35,31.35,31.35,31.35,100,14550
20211028,10:35,30.80,30.80,30.80,30.80,75,14350
20211028,10:38,31.25,31.80,31.25,31.80,75,14375
20211028,10:39,31.95,31.95,31.95,31.95,75,14450
20211028,10:40,31.85,31.85,31.85,31.85,25,14450
20211028,10:41,31.35,31.35,31.35,31.35,75,14450
20211028,10:42,31.85,31.85,31.85,31.85,200,14450
20211028,10:44,31.90,31.90,31.90,31.90,125,14525
20211028,10:45,31.60,31.60,31.60,31.60,50,14575
20211028,10:47,31.80,31.80,31.80,31.80,100,14575
20211028,10:48,32.00,32.00,32.00,32.00,50,14575
20211028,10:50,31.90,31.90,31.90,31.90,100,14550
20211028,10:51,32.25,32.25,32.25,32.25,200,14550
20211028,10:52,33.20,33.20,33.20,33.20,150,14575
20211028,10:54,32.50,32.50,32.50,32.50,150,14600
20211028,10:56,33.05,33.05,33.05,33.05,250,14600
20211028,10:57,33.50,33.50,33.50,33.50,75,14600
20211028,10:59,33.45,33.45,33.45,33.45,75,14600
20211028,11:01,33.65,33.65,33.65,33.65,225,14575
20211028,11:02,33.25,33.25,33.25,33.25,375,14575
20211028,11:04,34.75,34.75,34.75,34.75,475,14800
20211028,11:05,33.55,33.55,33.55,33.55,475,14800
20211028,11:07,34.25,34.25,34.25,34.25,1700,15000
20211028,11:09,36.30,36.30,36.30,36.30,225,15000
20211028,11:10,36.00,36.00,36.00,36.00,125,15275
20211028,11:12,35.00,35.00,35.00,35.00,175,15325
20211028,11:14,35.55,35.55,35.55,35.55,75,15325
20211028,11:15,36.20,36.20,36.20,36.20,75,15325
20211028,11:17,36.05,36.05,36.05,36.05,650,15325
20211028,11:19,36.40,36.40,36.40,36.40,325,15325
20211028,11:20,36.00,36.00,36.00,36.00,200,15025
20211028,11:21,37.05,37.05,37.05,37.05,425,15100
20211028,11:23,36.85,36.85,36.85,36.85,300,15100
20211028,11:27,36.55,36.55,36.55,36.55,175,15025
20211028,11:29,36.55,36.55,36.55,36.55,250,15025
20211028,11:30,36.50,36.50,36.50,36.50,100,15025
20211028,11:31,37.10,37.10,37.10,37.10,100,15150
20211028,11:36,35.70,35.70,35.70,35.70,25,15225
20211028,11:37,35.20,35.20,35.20,35.20,300,15275
20211028,11:40,35.35,35.35,35.35,35.35,75,15400
20211028,11:41,36.05,36.05,36.05,36.05,250,15400
20211028,11:43,35.50,35.50,35.50,35.50,25,15400
20211028,11:45,34.50,34.50,34.50,34.50,25,15400
20211028,11:47,34.55,34.55,34.55,34.55,200,15425
20211028,11:48,33.40,33.40,33.40,33.40,725,15750
20211028,11:50,31.75,31.75,31.75,31.75,450,15750
20211028,11:52,30.45,30.45,30.45,30.45,75,15750
20211028,11:53,30.90,30.90,30.90,30.90,50,16125
20211028,11:54,30.35,30.35,30.35,30.35,300,16150
20211028,11:57,30.20,30.20,30.20,30.20,200,16150
20211028,11:58,29.95,29.95,29.95,29.95,75,16250
20211028,11:59,30.15,30.15,30.15,30.15,125,16250
20211028,12:01,28.90,28.90,28.90,28.90,25,16225
20211028,12:04,29.30,29.30,29.30,29.30,100,16225
20211028,12:05,29.50,29.50,29.50,29.50,175,16225
20211028,12:07,28.55,28.55,28.55,28.55,225,16225
20211028,12:08,28.70,28.70,28.70,28.70,50,16200
20211028,12:09,28.95,28.95,28.95,28.95,200,16250
20211028,12:11,29.15,29.15,29.15,29.15,150,16250
20211028,12:12,29.25,29.25,29.25,29.25,625,16250
20211028,12:14,29.25,29.25,29.25,29.25,325,16250
20211028,12:15,29.05,29.05,29.05,29.05,175,16250
20211028,12:17,30.10,30.10,30.10,30.10,150,16200
20211028,12:18,30.10,30.10,30.10,30.10,325,15975
20211028,12:20,30.40,30.40,30.40,30.40,75,15975
20211028,12:21,30.50,30.50,30.50,30.50,200,15975
20211028,12:23,30.40,30.40,30.40,30.40,50,16175
20211028,12:24,31.00,31.00,31.00,31.00,175,16175
20211028,12:26,30.40,30.40,30.40,30.40,150,15500
20211028,12:27,30.35,30.35,30.35,30.35,25,15500
20211028,12:29,29.70,29.70,29.70,29.70,150,15625
20211028,12:31,30.10,30.10,30.10,30.10,950,16075
20211028,12:32,29.45,29.45,29.45,29.45,100,16075
20211028,12:34,29.95,29.95,29.95,29.95,75,16275
20211028,12:35,30.15,30.15,30.15,30.15,150,16275
20211028,12:36,30.00,30.00,30.00,30.00,125,16375
20211028,12:38,29.75,29.75,29.75,29.75,325,16375
20211028,12:42,30.40,30.40,30.40,30.40,100,16700
20211028,12:43,30.00,30.00,30.00,30.00,75,16725
20211028,12:45,29.50,29.50,29.50,29.50,50,16725
20211028,12:46,30.50,30.50,30.50,30.50,125,16800
20211028,12:47,29.90,29.90,29.90,29.90,150,16800
20211028,12:50,30.20,30.20,30.20,30.20,50,16925
20211028,12:51,29.50,29.50,29.50,29.50,725,16925
20211028,12:53,29.00,29.00,29.00,29.00,100,17525
20211028,12:56,29.40,29.40,29.40,29.40,175,17575
20211028,12:57,29.00,29.00,29.00,29.00,25,17575
20211028,13:00,27.90,27.90,27.90,27.90,150,17725
20211028,13:01,27.95,27.95,27.95,27.95,100,17750
20211028,13:03,28.45,28.45,28.45,28.45,25,17750
20211028,13:04,28.55,28.55,28.55,28.55,125,17825
20211028,13:06,28.85,28.85,28.85,28.85,375,17825
20211028,13:07,29.05,29.05,29.05,29.05,450,17600
20211028,13:09,28.95,28.95,28.95,28.95,325,17600
20211028,13:10,28.40,28.40,28.40,28.40,50,17500
20211028,13:12,28.20,28.20,28.20,28.20,50,17500
20211028,13:13,28.45,28.45,28.45,28.45,200,17500
20211028,13:15,28.15,28.15,28.15,28.15,250,17525
20211028,13:16,28.40,28.40,28.40,28.40,75,17525
20211028,13:18,28.40,28.40,28.40,28.40,125,17625
20211028,13:19,28.05,28.05,28.05,28.05,300,17475
20211028,13:22,28.10,28.10,28.10,28.10,75,17500
20211028,13:25,28.45,28.45,28.45,28.45,25,17425
20211028,13:26,27.50,27.50,27.50,27.50,75,17425
20211028,13:28,28.20,28.20,28.20,28.20,400,17425
20211028,13:29,29.25,29.25,29.25,29.25,75,17525
20211028,13:31,28.45,28.45,28.45,28.45,50,17550
20211028,13:32,28.65,28.65,28.65,28.65,225,17550
20211028,13:36,29.90,29.90,29.90,29.90,575,17525
20211028,13:38,29.45,29.45,29.45,29.45,75,17775
20211028,13:40,29.60,29.60,29.60,29.60,600,17875
20211028,13:41,29.10,29.10,29.10,29.10,100,17875
20211028,13:43,29.25,29.25,29.25,29.25,25,17750
20211028,13:44,29.00,29.00,29.00,29.00,25,17750
20211028,13:46,29.10,29.10,29.10,29.10,25,17750
20211028,13:47,28.45,28.45,28.45,28.45,150,17875
20211028,13:49,29.05,29.05,29.05,29.05,25,17750
20211028,13:50,29.30,29.30,29.30,29.30,25,17750
20211028,13:51,28.85,28.85,28.85,28.85,25,17750
20211028,13:53,27.85,27.85,27.85,27.85,300,17775
20211028,13:55,28.10,28.10,28.10,28.10,100,17775
20211028,13:57,29.00,29.00,29.00,29.00,25,17950
20211028,13:58,29.75,29.75,29.75,29.75,575,17825
20211028,14:00,29.50,29.50,29.50,29.50,125,17825
20211028,14:01,30.25,30.25,30.25,30.25,50,17675
20211028,14:03,30.50,30.50,30.50,30.50,275,17675
20211028,14:04,30.40,30.40,30.40,30.40,525,17725
20211028,14:06,30.70,30.70,30.70,30.70,200,17725
20211028,14:07,30.40,30.40,30.40,30.40,75,17825
20211028,14:09,30.10,30.10,30.10,30.10,175,17825
20211028,14:10,30.95,30.95,30.95,30.95,700,17900
20211028,14:12,31.90,31.90,31.90,31.90,225,17900
20211028,14:13,32.50,32.50,32.50,32.50,400,17750
20211028,14:15,33.60,33.60,33.60,33.60,150,17750
20211028,14:16,34.65,34.65,34.65,34.65,475,17925
20211028,14:18,33.95,33.95,33.95,33.95,350,17925
20211028,14:19,33.55,33.55,33.55,33.55,100,17925
20211028,14:22,37.10,37.10,37.10,37.10,1950,18825
20211028,14:23,35.00,35.00,35.00,35.00,125,18825
20211028,14:25,34.40,34.40,34.40,34.40,1325,18825
20211028,14:26,33.80,33.80,33.80,33.80,625,19300
20211028,14:27,33.60,33.60,33.60,33.60,750,19300
20211028,14:28,32.95,32.95,32.95,32.95,200,19450
20211028,14:30,33.95,33.95,33.95,33.95,800,19450
20211028,14:31,34.65,34.65,34.65,34.65,150,19300
20211028,14:33,34.00,34.00,34.00,34.00,300,19300
20211028,14:34,34.05,34.05,34.05,34.05,125,19300
20211028,14:35,34.30,34.30,34.30,34.30,25,17475
20211028,14:36,35.40,35.40,35.40,35.40,200,17475
20211028,14:38,34.40,34.40,34.40,34.40,125,17400
20211028,14:39,34.80,34.80,34.80,34.80,75,17400
20211028,14:40,34.65,34.65,34.65,34.65,175,17550
20211028,14:41,34.60,34.60,34.60,34.60,50,17550
20211028,14:43,34.60,34.60,34.60,34.60,75,17525
20211028,14:44,33.05,33.05,33.05,33.05,100,17525
20211028,14:46,32.50,32.50,32.50,32.50,25,17525
20211028,14:47,32.35,32.35,32.35,32.35,100,17500
20211028,14:49,32.30,32.30,32.30,32.30,425,17475
20211028,14:51,32.90,32.90,32.90,32.90,150,17475
20211028,14:52,32.90,32.90,32.90,32.90,75,17475
20211028,14:53,30.50,30.50,30.50,30.50,925,17625
20211028,14:55,27.70,27.70,27.70,27.70,325,17525
20211028,14:57,27.00,27.00,27.00,27.00,250,17525
20211028,14:58,26.20,26.20,26.20,26.20,875,17475
20211028,15:00,27.75,27.75,27.75,27.75,650,17475
20211028,15:01,26.25,26.25,26.25,26.25,150,17475
20211028,15:03,24.10,24.10,24.10,24.10,325,17750
20211028,15:04,23.00,23.00,23.00,23.00,300,17725
20211028,15:05,24.50,24.50,24.50,24.50,75,17725
20211028,15:06,24.75,24.75,24.75,24.75,2025,17725
20211028,15:07,24.05,24.05,24.05,24.05,550,18950
20211028,15:09,22.75,22.75,22.75,22.75,375,18950
20211028,15:10,22.60,22.60,22.60,22.60,650,19000
20211028,15:11,23.45,23.45,23.45,23.45,125,19000
20211028,15:13,22.15,22.15,22.15,22.15,825,19000
20211028,15:14,23.60,23.60,23.60,23.60,125,19025
20211028,15:15,22.00,22.00,22.00,22.00,750,19025
20211028,15:16,21.10,21.45,20.85,20.85,550,18875
20211028,15:17,20.85,22.10,20.85,22.10,800,18875
20211028,15:19,20.20,20.20,20.20,20.20,1600,18875
20211028,15:20,19.00,19.00,19.00,19.00,1050,19100
20211028,15:22,18.45,18.45,18.45,18.45,1350,19100
20211028,15:23,18.05,18.05,18.05,18.05,950,19425
20211028,15:25,19.50,19.50,19.50,19.50,1475,19425
20211028,15:26,17.55,17.55,17.55,17.55,1375,20750
20211028,15:27,18.05,18.05,18.05,18.05,3800,20750
20211028,15:29,17.95,17.95,17.95,17.95,575,22850
20211028,15:30,17.50,17.50,17.50,17.50,500,22850
20211029,09:15,15.00,15.50,12.35,12.35,2426,23050
20211029,09:16,12.35,12.35,10.60,11.65,2425,23050
20211029,09:17,11.65,12.00,11.40,11.90,2175,23100
20211029,09:18,11.65,11.65,11.25,11.40,1300,23100
20211029,09:19,11.45,11.55,11.00,11.00,750,23100
20211029,09:20,11.25,11.75,10.95,11.35,2625,23675
20211029,09:21,11.30,11.40,10.75,11.40,1475,23675
20211029,09:22,11.10,11.70,10.85,10.95,1525,23675
20211029,09:23,10.80,12.00,10.80,11.35,2375,24000
20211029,09:24,11.30,11.80,11.20,11.25,1750,24000
20211029,09:25,10.80,12.15,10.60,11.35,4700,24000
20211029,09:26,11.30,11.45,10.60,11.45,1375,24425
20211029,09:27,11.30,11.75,10.85,11.15,2150,24425
20211029,09:28,11.20,11.50,10.95,11.20,600,24425
20211029,09:29,11.40,11.60,11.20,11.50,2750,24575
20211029,09:30,11.50,11.60,11.25,11.30,275,24575
20211029,09:31,11.00,11.45,10.95,11.25,800,24575
20211029,09:32,11.30,11.45,11.05,11.35,600,25125
20211029,09:33,11.35,11.45,11.35,11.45,125,25125
20211029,09:34,11.60,11.90,11.50,11.75,650,25125
20211029,09:35,11.60,11.65,11.15,11.35,1275,25600
20211029,09:36,11.40,11.45,11.30,11.45,675,25600
20211029,09:37,11.20,11.20,10.65,10.65,200,25600
20211029,09:38,10.55,10.80,10.20,10.80,1400,25650
20211029,09:39,10.30,10.45,9.65,9.70,1450,25650
20211029,09:40,9.25,9.90,9.25,9.80,2100,25650
20211029,09:41,9.95,9.95,9.45,9.95,375,25300
20211029,09:42,10.05,11.20,10.05,11.15,3725,25300
20211029,09:43,11.00,11.25,10.80,10.80,725,25300
20211029,09:44,11.00,11.00,10.10,10.75,1550,24275
20211029,09:45,10.80,11.35,10.40,10.75,1800,24275
20211029,09:46,11.00,11.60,10.75,11.60,1050,24275
20211029,09:47,11.45,11.75,11.45,11.70,800,24300
20211029,09:48,11.45,11.55,11.15,11.15,1300,24300
20211029,09:49,11.35,11.35,11.00,11.10,750,24300
20211029,09:50,11.15,11.15,10.75,11.10,1350,25100
20211029,09:51,10.85,11.10,10.80,11.00,375,25100
20211029,09:52,10.75,11.10,10.75,10.85,450,25100
20211029,09:53,11.15,11.15,10.55,10.55,225,25250
20211029,09:54,10.55,10.70,10.35,10.35,650,25250
20211029,09:55,10.25,10.80,10.20,10.80,500,25250
20211029,09:56,11.00,11.95,10.80,11.95,1075,25125
20211029,09:57,11.90,13.35,11.80,12.75,1750,25125
20211029,09:58,12.35,12.55,11.05,11.45,1450,25125
20211029,09:59,11.55,12.15,10.85,10.95,750,25150
20211029,10:00,10.85,11.50,10.75,11.50,550,25150
20211029,10:01,11.40,11.55,10.75,10.75,425,25150
20211029,10:02,10.75,11.55,10.75,11.45,1225,25125
20211029,10:03,11.45,11.45,11.20,11.20,500,25125
20211029,10:04,11.00,11.20,11.00,11.05,375,25125
20211029,10:05,11.25,11.35,11.25,11.35,500,25075
20211029,10:06,11.25,11.25,11.10,11.15,475,25075
20211029,10:07,11.10,11.15,11.00,11.15,325,25075
20211029,10:08,11.00,11.05,10.95,10.95,450,24950
20211029,10:09,10.95,10.95,10.70,10.95,550,24950
20211029,10:10,10.85,11.10,10.85,11.10,875,24950
20211029,10:11,11.05,11.30,10.95,10.95,450,24350
20211029,10:12,11.00,11.40,11.00,11.40,650,24350
20211029,10:13,11.30,11.60,11.30,11.60,375,24350
20211029,10:14,11.65,12.00,11.40,12.00,750,25125
20211029,10:15,12.00,12.05,11.85,11.95,475,25125
20211029,10:16,12.10,12.35,12.05,12.30,450,25125
20211029,10:17,12.40,12.75,12.30,12.75,1000,25825
20211029,10:18,12.60,12.60,12.15,12.15,625,25825
20211029,10:19,12.30,12.30,11.95,11.95,75,25825
20211029,10:20,11.95,12.10,11.65,12.00,925,26475
20211029,10:21,12.10,12.45,11.45,11.75,1750,26475
20211029,10:22,11.70,11.95,11.70,11.80,275,26475
20211029,10:23,11.75,11.75,11.45,11.45,225,26725
20211029,10:24,11.40,11.85,11.25,11.35,1225,26725
20211029,10:26,11.20,11.25,11.10,11.25,425,26925
20211029,10:27,11.25,11.25,11.10,11.15,300,26925
20211029,10:28,11.10,11.30,11.10,11.30,625,26925
20211029,10:29,11.05,11.15,11.05,11.15,175,26850
20211029,10:30,11.10,11.10,10.85,10.95,1575,26850
20211029,10:31,10.90,11.00,10.90,10.90,925,26850
20211029,10:32,10.95,11.50,10.95,11.50,175,27075
20211029,10:33,11.30,11.30,11.30,11.30,75,27075
20211029,10:34,11.40,11.55,11.25,11.25,175,27075
20211029,10:35,11.30,11.45,11.30,11.45,175,27075
20211029,10:36,11.55,11.55,11.25,11.25,75,27075
20211029,10:37,11.25,11.40,11.25,11.25,175,27075
20211029,10:38,11.30,11.30,11.05,11.05,75,27125
20211029,10:39,11.05,11.05,11.05,11.05,50,27125
20211029,10:40,11.10,11.70,11.10,11.70,325,27125
20211029,10:41,11.80,11.80,11.55,11.80,225,26950
20211029,10:42,11.80,11.85,11.70,11.70,250,26950
20211029,10:43,11.55,11.90,11.55,11.90,200,26950
20211029,10:44,11.90,11.90,11.65,11.75,200,27050
20211029,10:45,11.70,11.95,11.70,11.90,525,27050
20211029,10:46,11.65,11.65,10.85,10.85,375,27050
20211029,10:47,11.70,11.70,11.65,11.65,75,27500
20211029,10:48,11.65,11.65,11.20,11.55,550,27500
20211029,10:49,11.55,11.60,11.35,11.50,450,27500
20211029,10:50,11.45,11.50,11.35,11.40,1200,27800
20211029,10:51,11.40,11.40,11.35,11.40,450,27800
20211029,10:52,11.35,11.40,11.35,11.40,150,27800
20211029,10:53,11.10,11.10,10.90,10.90,575,28625
20211029,10:54,11.05,11.05,10.60,10.75,375,28625
20211029,10:55,10.80,11.00,10.60,10.70,550,28625
20211029,10:56,10.70,10.95,10.50,10.50,1100,28850
20211029,10:57,10.70,10.70,10.50,10.50,300,28850
20211029,10:58,10.35,10.60,10.30,10.60,550,28850
20211029,10:59,10.35,10.65,10.35,10.65,200,28850
20211029,11:00,10.65,10.65,10.60,10.60,200,29050
20211029,11:01,10.75,10.75,10.60,10.60,75,29050
20211029,11:02,10.35,10.70,10.35,10.55,475,29175
20211029,11:03,10.75,10.75,10.55,10.55,125,29175
20211029,11:04,10.45,10.70,10.20,10.20,175,29175
20211029,11:05,10.40,10.40,10.05,10.05,1125,29325
20211029,11:06,10.25,10.35,10.05,10.05,450,29325
20211029,11:07,10.30,10.40,9.95,10.00,500,29325
20211029,11:08,10.00,10.05,10.00,10.05,175,29900
20211029,11:09,10.20,10.20,9.95,10.10,375,29900
20211029,11:10,10.15,10.15,9.90,10.00,650,29900
20211029,11:11,10.00,10.00,10.00,10.00,225,29900
20211029,11:12,9.85,10.30,9.70,9.85,1475,30050
20211029,11:13,9.95,10.10,9.60,10.05,1800,30050
20211029,11:14,10.05,10.15,9.95,10.15,1050,29925
20211029,11:15,10.00,10.00,9.85,9.90,575,29925
20211029,11:16,9.95,10.00,9.75,9.85,200,29925
20211029,11:17,9.95,9.95,9.95,9.95,300,29825
20211029,11:18,9.95,10.35,9.80,9.85,2575,29825
20211029,11:19,10.05,10.05,10.05,10.05,50,29825
20211029,11:20,10.10,10.55,9.65,9.80,750,29475
20211029,11:21,9.75,9.85,9.65,9.80,475,29475
20211029,11:22,9.80,9.80,9.80,9.80,25,29475
20211029,11:23,9.90,9.90,9.90,9.90,50,29475
20211029,11:24,10.10,10.10,9.55,9.55,650,29475
20211029,11:25,9.90,10.00,9.65,9.65,1075,29475
20211029,11:26,9.90,9.90,9.60,9.65,200,29700
20211029,11:27,9.55,9.60,9.50,9.50,200,29700
20211029,11:28,9.70,9.85,9.50,9.80,125,29700
20211029,11:29,9.75,9.85,9.65,9.65,300,29650
20211029,11:30,9.60,9.70,9.50,9.60,450,29650
20211029,11:32,10.00,10.10,10.00,10.10,50,29650
20211029,11:33,9.95,10.20,9.95,10.20,400,29800
20211029,11:34,10.20,10.20,10.15,10.15,175,29800
20211029,11:35,10.10,10.30,10.00,10.00,725,29700
20211029,11:36,9.85,10.25,9.85,9.95,500,29700
20211029,11:37,10.00,10.00,9.80,9.85,125,29700
20211029,11:38,9.90,9.90,9.90,9.90,25,29700
20211029,11:39,9.90,10.00,9.75,9.75,850,29425
20211029,11:40,10.00,10.00,9.60,9.60,225,29425
20211029,11:41,9.80,9.80,9.75,9.80,300,29425
20211029,11:42,9.85,10.15,9.85,9.90,1300,28600
20211029,11:45,10.15,10.25,10.00,10.25,1475,29450
20211029,11:46,10.30,10.30,10.05,10.15,500,29450
20211029,11:47,10.15,10.15,10.10,10.10,150,29450
20211029,11:48,10.10,10.10,10.10,10.10,500,29450
20211029,11:49,10.20,10.20,9.95,9.95,125,30350
20211029,11:50,10.15,10.15,10.15,10.15,100,30350
20211029,11:51,10.00,10.05,10.00,10.00,125,30400
20211029,11:52,9.95,9.95,9.95,9.95,25,30400
20211029,11:53,9.95,10.05,9.95,10.05,75,30400
20211029,11:54,10.05,10.10,9.90,10.10,375,30275
20211029,11:55,9.95,9.95,9.90,9.90,150,30275
20211029,11:56,9.95,10.20,9.95,10.20,100,30275
20211029,11:57,10.15,10.20,10.15,10.20,75,30050
20211029,11:58,10.20,10.20,10.20,10.20,25,30050
20211029,11:59,10.05,10.05,10.05,10.05,25,30050
20211029,12:00,10.15,10.15,10.15,10.15,50,30000
20211029,12:01,10.05,10.05,10.05,10.05,300,30000
20211029,12:02,9.90,9.90,9.90,9.90,325,30000
20211029,12:05,10.10,10.20,10.00,10.00,300,30000
20211029,12:06,10.05,10.15,10.05,10.15,150,30075
20211029,12:07,10.15,10.15,10.15,10.15,25,30075
20211029,12:08,10.05,10.10,10.00,10.00,1525,30075
20211029,12:09,10.00,10.00,10.00,10.00,100,29500
20211029,12:10,10.00,10.00,10.00,10.00,100,29500
20211029,12:12,10.00,10.00,9.75,9.75,575,29425
20211029,12:13,9.80,9.80,9.60,9.60,450,29425
20211029,12:14,9.50,9.95,9.50,9.95,150,29425
20211029,12:15,9.75,9.75,9.75,9.75,150,29175
20211029,12:16,9.80,9.80,9.80,9.80,25,29175
20211029,12:17,9.55,9.55,9.55,9.55,50,29175
20211029,12:18,9.70,9.70,9.70,9.70,75,29150
20211029,12:19,9.40,9.65,9.40,9.65,200,29150
20211029,12:20,9.70,9.70,9.70,9.70,25,29150
20211029,12:22,9.45,9.45,9.45,9.45,125,29100
20211029,12:27,9.45,9.60,9.45,9.50,400,29075
20211029,12:29,9.40,9.40,9.40,9.40,25,29075
20211029,12:30,9.30,9.40,9.30,9.40,325,29175
20211029,12:31,9.55,9.55,9.35,9.35,100,29175
20211029,12:32,9.50,9.50,9.50,9.50,75,29175
20211029,12:33,9.30,9.30,9.05,9.15,650,29300
20211029,12:34,9.10,9.25,9.10,9.25,75,29300
20211029,12:35,9.10,9.30,9.05,9.25,200,29300
20211029,12:36,9.05,9.30,8.80,8.85,3750,29675
20211029,12:37,8.70,8.75,8.65,8.65,2100,29675
20211029,12:38,8.75,8.85,8.60,8.85,500,29675
20211029,12:39,8.90,8.90,8.85,8.85,50,29775
20211029,12:40,8.95,8.95,8.95,8.95,50,29775
20211029,12:41,8.95,8.95,8.95,8.95,125,29775
20211029,12:42,9.00,9.10,9.00,9.10,125,29625
20211029,12:43,9.25,9.25,9.25,9.25,25,29625
20211029,12:44,9.15,9.20,9.15,9.20,50,29625
20211029,12:46,9.25,9.30,9.00,9.00,125,29725
20211029,12:47,9.10,9.10,9.10,9.10,50,29725
20211029,12:48,9.10,9.10,9.10,9.10,200,29750
20211029,12:49,9.10,9.10,9.10,9.10,75,29750
20211029,12:50,9.15,9.15,9.10,9.10,175,29750
20211029,12:51,9.00,9.00,8.95,8.95,150,29900
20211029,12:52,8.85,8.85,8.45,8.60,1925,29900
20211029,12:53,8.65,8.70,8.55,8.65,500,29900
20211029,12:54,8.70,8.70,8.70,8.70,50,30650
20211029,12:55,8.70,8.75,8.65,8.65,325,30650
20211029,12:56,8.80,9.00,8.80,8.90,450,30650
20211029,12:57,8.90,8.95,8.90,8.95,125,30550
20211029,12:58,9.00,9.00,8.90,9.00,700,30550
20211029,12:59,8.95,9.00,8.95,8.95,275,30550
20211029,13:00,9.00,9.40,9.00,9.10,325,30100
20211029,13:01,9.10,9.10,9.10,9.10,100,30100
20211029,13:02,9.05,9.05,9.05,9.05,25,30100
20211029,13:03,9.05,9.05,8.80,8.95,475,29275
20211029,13:05,8.70,8.70,8.00,8.40,2300,29275
20211029,13:06,8.30,8.35,7.95,8.25,2475,29450
20211029,13:07,8.25,8.25,8.15,8.15,175,29450
20211029,13:08,8.45,8.45,8.45,8.45,50,29450
20211029,13:09,8.45,8.55,8.45,8.55,175,29250
20211029,13:10,8.55,8.60,8.30,8.60,625,29250
20211029,13:11,8.60,8.75,8.40,8.45,1050,29250
20211029,13:12,8.70,8.80,8.65,8.65,225,28650
20211029,13:13,8.70,8.75,8.40,8.75,650,28650
20211029,13:14,8.55,8.55,8.55,8.55,150,28650
20211029,13:15,8.45,8.45,8.35,8.35,50,28375
20211029,13:18,8.25,8.25,8.25,8.25,25,28350
20211029,13:19,8.50,8.50,8.50,8.50,300,28350
20211029,13:20,8.30,8.30,8.30,8.30,250,28350
20211029,13:22,8.55,8.55,8.55,8.55,200,28425
20211029,13:23,8.30,8.45,8.15,8.15,825,28425
20211029,13:24,8.35,8.35,8.35,8.35,25,28125
20211029,13:26,8.40,8.40,8.40,8.40,50,28125
20211029,13:27,8.15,8.15,8.05,8.05,100,28100
20211029,13:28,8.25,8.25,7.75,8.00,375,28100
20211029,13:29,7.70,7.80,7.70,7.80,425,28100
20211029,13:30,8.10,8.10,8.10,8.10,50,28225
20211029,13:31,8.10,8.10,8.10,8.10,50,28225
20211029,13:32,8.25,8.25,8.25,8.25,50,28225
20211029,13:33,8.00,8.25,8.00,8.25,75,28225
20211029,13:35,8.25,8.25,8.00,8.00,175,28225
20211029,13:36,8.10,8.20,8.00,8.20,400,28275
20211029,13:37,8.20,8.20,8.05,8.05,400,28275
20211029,13:38,8.00,8.00,8.00,8.00,50,28275
20211029,13:40,8.05,8.05,8.05,8.05,125,28400
20211029,13:41,8.05,8.05,8.05,8.05,50,28400
20211029,13:42,8.00,8.25,8.00,8.25,50,28400
20211029,13:43,8.45,8.75,8.45,8.75,200,28350
20211029,13:44,8.65,8.65,8.40,8.40,1500,28350
20211029,13:45,8.40,8.40,8.35,8.35,1625,30075
20211029,13:46,8.25,8.85,8.25,8.80,3000,30075
20211029,13:47,8.55,8.65,8.20,8.45,3025,30075
20211029,13:48,8.40,8.40,8.40,8.40,50,35400
20211029,13:49,8.45,8.45,8.45,8.45,150,35400
20211029,13:50,8.55,8.95,8.50,8.95,400,35400
20211029,13:51,9.05,9.10,8.80,8.90,275,34475
20211029,13:52,8.75,8.75,8.60,8.60,450,34475
20211029,13:54,8.50,8.60,8.50,8.60,1775,33900
20211029,13:55,8.85,8.85,8.85,8.85,25,33900
20211029,13:56,8.55,8.55,8.55,8.55,300,33900
20211029,13:58,8.60,8.65,8.55,8.55,325,33850
20211029,13:59,8.70,8.75,8.55,8.55,625,33850
20211029,14:00,8.50,8.50,8.25,8.25,825,33850
20211029,14:01,8.35,8.40,8.35,8.40,125,33850
20211029,14:02,8.35,8.50,8.35,8.40,475,33850
20211029,14:03,8.40,8.55,8.40,8.55,175,32125
20211029,14:04,8.55,8.55,8.55,8.55,125,32125
20211029,14:05,8.85,8.85,8.85,8.85,300,32125
20211029,14:06,8.85,9.05,8.75,8.90,575,31650
20211029,14:07,8.90,8.90,8.60,8.85,350,31650
20211029,14:08,8.85,9.05,8.85,9.00,450,31650
20211029,14:09,8.75,8.75,8.70,8.70,250,31450
20211029,14:10,9.05,9.05,9.00,9.00,100,31450
20211029,14:11,8.90,9.35,8.90,9.20,675,31450
20211029,14:12,9.10,9.10,9.05,9.05,250,31625
20211029,14:13,9.05,9.05,8.90,9.00,400,31625
20211029,14:14,9.00,9.00,8.65,8.80,250,31625
20211029,14:15,8.80,8.85,8.60,8.60,1975,31375
20211029,14:16,8.60,8.60,8.35,8.35,225,31375
20211029,14:17,8.45,8.45,8.45,8.45,50,31375
20211029,14:18,8.45,8.45,8.05,8.40,2700,31550
20211029,14:19,8.40,8.40,8.10,8.35,225,31550
20211029,14:20,8.25,8.25,8.20,8.20,225,31550
20211029,14:21,8.10,8.50,8.10,8.50,725,31575
20211029,14:22,8.55,8.55,8.55,8.55,25,31575
20211029,14:23,8.55,8.65,8.55,8.65,75,31575
20211029,14:24,8.70,8.70,8.65,8.65,425,31575
20211029,14:25,8.70,9.40,8.70,9.30,475,31375
20211029,14:26,9.30,9.40,8.95,9.00,425,31375
20211029,14:27,9.10,9.10,8.35,8.35,475,31725
20211029,14:28,8.45,8.95,8.45,8.95,175,31725
20211029,14:29,8.90,9.00,8.70,8.70,125,31725
20211029,14:30,9.00,9.00,8.80,8.90,150,31625
20211029,14:31,9.35,9.35,9.15,9.15,50,31625
20211029,14:32,9.25,9.50,9.05,9.05,3125,31625
20211029,14:33,9.30,9.45,9.30,9.45,125,33175
20211029,14:34,9.25,9.25,9.10,9.10,50,33175
20211029,14:35,8.90,10.00,8.90,10.00,775,33175
20211029,14:36,9.75,9.75,9.25,9.30,150,33150
20211029,14:37,9.30,9.70,9.25,9.25,300,33150
20211029,14:38,9.10,9.20,9.00,9.20,375,33150
20211029,14:39,9.30,9.50,9.15,9.25,1225,33300
20211029,14:40,9.15,9.15,8.60,8.60,375,33300
20211029,14:41,8.95,8.95,8.50,8.50,1100,33300
20211029,14:42,8.45,8.60,8.30,8.50,2325,32275
20211029,14:43,8.60,8.75,8.35,8.55,400,32275
20211029,14:44,8.50,8.65,8.50,8.60,225,32275
20211029,14:45,8.60,8.65,8.60,8.65,100,32275
20211029,14:46,8.75,8.75,8.65,8.65,850,31875
20211029,14:47,8.60,8.60,8.60,8.60,25,31875
20211029,14:48,8.50,8.90,8.50,8.90,350,32075
20211029,14:49,9.10,9.15,8.75,8.85,150,32075
20211029,14:50,8.80,8.80,8.50,8.50,100,32075
20211029,14:51,8.40,8.70,8.40,8.50,250,32050
20211029,14:52,8.35,8.65,8.35,8.55,350,32050
20211029,14:53,8.90,9.15,8.65,8.90,225,32050
20211029,14:54,9.15,9.20,9.10,9.20,150,32050
20211029,14:55,8.85,8.85,8.75,8.75,175,32050
20211029,14:56,8.55,9.10,8.55,9.10,175,32050
20211029,14:57,9.10,9.10,8.65,8.65,125,32000
20211029,14:58,8.80,8.80,8.05,8.25,2575,32000
20211029,14:59,8.15,8.50,8.15,8.50,1250,32000
20211029,15:00,8.45,8.55,8.30,8.55,350,31975
20211029,15:01,8.25,8.60,8.25,8.60,225,31975
20211029,15:02,8.35,8.75,8.25,8.75,850,31975
20211029,15:03,8.40,8.40,8.15,8.35,325,31825
20211029,15:04,8.55,8.55,8.10,8.50,475,31825
20211029,15:05,8.45,8.50,8.40,8.50,700,31825
20211029,15:06,8.60,8.75,8.45,8.65,725,31275
20211029,15:07,8.65,8.65,8.30,8.35,600,31275
20211029,15:08,8.35,8.55,8.30,8.40,825,31275
20211029,15:09,8.35,8.80,8.35,8.80,550,30325
20211029,15:10,8.80,9.05,8.65,9.00,1150,30325
20211029,15:11,9.00,9.15,8.45,8.60,1750,30325
20211029,15:12,8.40,8.75,8.40,8.50,325,30100
20211029,15:13,8.75,8.75,8.70,8.70,50,30100
20211029,15:14,8.50,9.00,8.50,9.00,675,30100
20211029,15:15,9.15,9.60,9.05,9.25,4500,31000
20211029,15:16,9.10,9.10,9.00,9.00,200,31000
20211029,15:17,9.10,9.40,8.95,9.15,2100,31000
20211029,15:18,9.15,9.25,9.00,9.20,600,30075
20211029,15:19,9.25,9.60,9.10,9.45,1375,30075
20211029,15:20,9.25,9.40,9.25,9.40,250,30075
20211029,15:21,9.35,9.50,9.25,9.50,850,29375
20211029,15:22,9.35,9.35,8.95,8.95,625,29375
20211029,15:23,8.95,8.95,8.95,8.95,425,29375
20211029,15:24,9.05,9.25,9.05,9.25,225,28525
20211029,15:25,9.25,9.45,9.00,9.00,275,28525
20211029,15:26,9.00,9.00,8.70,8.75,950,28525
20211029,15:27,8.60,8.95,8.60,8.75,850,27725
20211029,15:28,8.95,9.55,8.95,9.10,475,27725
20211029,15:29,8.70,9.30,8.70,9.30,350,27725
20211101,09:15,9.30,9.55,8.15,8.15,601,27800
20211101,09:16,8.15,8.80,8.10,8.80,375,27800
20211101,09:17,9.20,9.20,8.90,8.90,550,28450
20211101,09:18,8.90,8.90,7.45,8.35,1275,28450
20211101,09:19,8.35,8.40,7.40,7.70,3150,28450
20211101,09:20,7.65,8.20,7.65,8.05,1000,28175
20211101,09:21,7.95,8.10,7.75,7.95,1975,28175
20211101,09:22,7.95,8.25,7.75,8.15,1375,28175
20211101,09:23,8.15,8.25,7.90,8.10,475,27600
20211101,09:24,7.90,8.10,7.85,8.10,275,27600
20211101,09:25,8.10,8.10,7.50,7.70,400,27600
20211101,09:26,7.95,8.00,7.75,7.85,900,27625
20211101,09:27,7.80,8.00,7.80,8.00,75,27625
20211101,09:28,7.80,8.00,7.80,7.95,175,27625
20211101,09:29,7.90,8.00,7.85,7.90,200,27800
20211101,09:30,7.80,7.95,7.65,7.95,275,27800
20211101,09:31,7.90,7.95,7.60,7.95,1525,27800
20211101,09:32,7.90,7.90,7.80,7.90,175,28425
20211101,09:33,7.85,7.90,7.85,7.90,550,28425
20211101,09:34,7.70,7.70,7.60,7.65,250,28425
20211101,09:35,7.60,7.60,7.55,7.55,50,28675
20211101,09:36,7.70,7.80,7.70,7.80,125,28675
20211101,09:37,7.55,7.65,7.45,7.65,150,28675
20211101,09:38,7.75,7.75,7.60,7.60,125,28675
20211101,09:39,7.65,7.65,7.60,7.65,125,28675
20211101,09:40,7.45,7.85,7.45,7.85,100,28675
20211101,09:41,7.85,7.85,7.70,7.70,325,28675
20211101,09:42,7.60,7.60,7.40,7.40,475,29025
20211101,09:43,7.55,7.55,7.25,7.25,125,29025
20211101,09:44,7.25,7.30,7.00,7.00,850,28875
20211101,09:45,7.10,7.10,7.10,7.10,50,28875
20211101,09:46,7.05,7.05,6.85,6.85,250,28875
20211101,09:47,6.95,7.00,6.95,7.00,100,28600
20211101,09:48,6.90,6.90,6.75,6.75,625,28600
20211101,09:49,6.75,6.80,6.65,6.80,625,28600
20211101,09:50,6.80,6.80,6.80,6.80,25,28600
20211101,09:51,6.75,6.95,6.75,6.95,200,28200
20211101,09:52,6.85,6.95,6.85,6.95,150,28200
20211101,09:53,7.05,7.05,6.85,6.85,575,28200
20211101,09:54,6.80,6.95,6.75,6.90,175,28650
20211101,09:55,6.90,6.90,6.90,6.90,50,28650
20211101,09:56,6.80,6.90,6.80,6.80,700,28675
20211101,09:59,6.70,6.70,6.70,6.70,250,28675
20211101,10:00,6.80,6.80,6.80,6.80,25,28675
20211101,10:01,6.65,6.65,6.65,6.65,75,28675
20211101,10:02,6.90,6.90,6.90,6.90,125,28675
20211101,10:03,6.80,6.80,6.80,6.80,75,28450
20211101,10:05,6.65,6.70,6.65,6.70,275,28450
20211101,10:06,6.85,6.85,6.85,6.85,25,28450
20211101,10:09,6.85,6.85,6.80,6.80,125,28350
20211101,10:10,6.90,6.90,6.80,6.90,300,28350
20211101,10:11,6.80,6.80,6.80,6.80,50,28600
20211101,10:12,6.75,6.85,6.75,6.85,325,28600
20211101,10:13,6.90,6.90,6.90,6.90,400,28600
20211101,10:14,6.95,6.95,6.85,6.85,75,28600
20211101,10:15,6.90,6.90,6.90,6.90,100,28500
20211101,10:16,6.95,6.95,6.90,6.90,150,28500
20211101,10:17,6.85,6.90,6.85,6.90,100,28450
20211101,10:18,6.90,6.95,6.85,6.95,225,28450
20211101,10:19,6.85,6.85,6.85,6.85,150,28450
20211101,10:20,6.90,7.10,6.90,6.95,675,28675
20211101,10:21,6.90,6.95,6.90,6.95,175,28675
20211101,10:22,6.85,6.85,6.85,6.85,375,28675
20211101,10:23,7.05,7.05,7.05,7.05,50,28300
20211101,10:24,7.00,7.05,7.00,7.00,275,28300
20211101,10:25,7.05,7.05,7.05,7.05,150,28300
20211101,10:26,7.10,7.20,6.90,6.90,150,28300
20211101,10:27,6.95,6.95,6.95,6.95,75,28475
20211101,10:28,6.85,6.85,6.70,6.70,75,28475
20211101,10:29,6.65,6.70,6.65,6.70,50,28475
20211101,10:30,6.70,6.70,6.70,6.70,25,28500
20211101,10:31,6.70,6.85,6.70,6.80,125,28500
20211101,10:35,6.75,6.75,6.75,6.75,50,28375
20211101,10:36,6.80,6.80,6.75,6.75,75,28375
20211101,10:37,6.65,6.65,6.65,6.65,50,28375
20211101,10:38,6.80,6.80,6.80,6.80,25,28375
20211101,10:40,6.85,6.90,6.65,6.65,300,28375
20211101,10:43,6.85,6.85,6.85,6.85,100,28425
20211101,10:44,6.85,6.90,6.85,6.85,275,28425
20211101,10:45,6.85,7.20,6.85,7.15,450,28225
20211101,10:48,6.65,6.65,6.65,6.65,200,27925
20211101,10:50,6.65,6.75,6.65,6.75,550,27925
20211101,10:51,7.00,7.00,6.80,6.95,200,27875
20211101,10:52,6.95,7.00,6.95,7.00,100,27875
20211101,10:53,7.00,7.00,6.80,6.80,250,27900
20211101,10:54,6.95,6.95,6.90,6.95,775,27900
20211101,10:55,7.00,7.00,6.85,6.85,125,27900
20211101,10:56,6.85,6.85,6.60,6.60,200,27900
20211101,10:58,6.75,6.85,6.60,6.70,200,27975
20211101,11:00,6.85,6.85,6.85,6.85,125,27850
20211101,11:01,6.60,6.60,6.60,6.60,25,27850
20211101,11:02,6.55,6.55,6.55,6.55,100,27850
20211101,11:04,6.50,6.50,6.45,6.45,150,27850
20211101,11:06,6.30,6.65,6.30,6.65,275,27850
20211101,11:08,6.55,6.60,6.55,6.55,175,27850
20211101,11:10,6.55,6.55,6.55,6.55,25,27850
20211101,11:11,6.40,6.40,6.40,6.40,100,27850
20211101,11:12,6.35,6.40,6.35,6.40,175,27825
20211101,11:14,6.30,6.30,6.30,6.30,50,27825
20211101,11:15,6.35,6.35,6.25,6.25,150,27825
20211101,11:16,6.25,6.25,6.25,6.25,50,27825
20211101,11:17,6.35,6.35,6.30,6.30,125,27800
20211101,11:18,6.35,6.40,6.35,6.40,200,27800
20211101,11:19,6.40,6.50,6.35,6.35,200,27800
20211101,11:20,6.40,6.40,6.40,6.40,25,27800
20211101,11:21,6.45,6.45,6.25,6.25,100,27825
20211101,11:22,6.30,6.50,6.30,6.50,450,27825
20211101,11:25,6.40,6.40,6.35,6.35,125,27950
20211101,11:26,6.45,6.45,6.45,6.45,100,27950
20211101,11:28,6.45,6.45,6.45,6.45,25,27775
20211101,11:30,6.30,6.30,6.30,6.30,500,27775
20211101,11:33,6.35,6.35,6.35,6.35,25,27750
20211101,11:37,6.40,6.40,6.30,6.30,50,27750
20211101,11:43,6.40,6.40,6.40,6.40,100,27750
20211101,11:44,6.40,6.55,6.40,6.40,325,27750
20211101,11:45,6.45,6.45,6.45,6.45,25,27800
20211101,11:46,6.50,6.50,6.45,6.50,475,27800
20211101,11:47,6.50,6.50,6.50,6.50,100,27800
20211101,11:49,6.50,6.50,6.50,6.50,25,27850
20211101,11:51,6.45,6.45,6.45,6.45,25,27825
20211101,11:55,6.35,6.35,6.35,6.35,25,27850
20211101,11:56,6.40,6.40,6.35,6.35,50,27850
20211101,11:58,6.35,6.35,6.30,6.30,150,27825
20211101,11:59,6.30,6.30,6.30,6.30,175,27825
20211101,12:01,6.30,6.30,6.30,6.30,675,27775
20211101,12:02,6.35,6.40,6.25,6.25,400,27775
20211101,12:04,6.15,6.15,6.05,6.05,600,27450
20211101,12:05,6.00,6.00,6.00,6.00,750,27450
20211101,12:06,6.00,6.00,6.00,6.00,250,27800
20211101,12:07,5.95,5.95,5.95,5.95,25,27800
20211101,12:08,5.90,5.90,5.90,5.90,250,27800
20211101,12:11,5.90,5.90,5.90,5.90,25,27400
20211101,12:15,5.95,5.95,5.95,5.95,50,27400
20211101,12:19,5.95,5.95,5.95,5.95,200,27400
20211101,12:20,5.95,5.95,5.95,5.95,25,27350
20211101,12:21,5.90,5.90,5.90,5.90,50,27275
20211101,12:26,5.75,5.75,5.75,5.75,125,27325
20211101,12:27,5.70,5.70,5.70,5.70,25,27325
20211101,12:29,5.70,5.70,5.70,5.70,25,27200
20211101,12:30,5.75,5.75,5.75,5.75,175,27200
20211101,12:31,5.75,5.75,5.75,5.75,25,27075
20211101,12:33,5.75,5.75,5.70,5.70,250,27075
20211101,12:35,5.85,5.85,5.85,5.85,100,27075
20211101,12:37,5.75,5.75,5.75,5.75,25,27425
20211101,12:39,5.70,5.70,5.70,5.70,25,27450
20211101,12:41,5.70,5.70,5.70,5.70,100,27450
20211101,12:42,5.70,5.70,5.70,5.70,25,27450
20211101,12:43,5.75,5.75,5.75,5.75,25,27350
20211101,12:44,5.65,5.65,5.65,5.65,50,27350
20211101,12:45,5.60,5.60,5.60,5.60,100,27350
20211101,12:46,5.60,5.65,5.60,5.65,50,27500
20211101,12:49,5.80,5.80,5.65,5.65,175,27525
20211101,12:50,5.90,5.90,5.90,5.90,100,27525
20211101,12:52,5.75,5.75,5.75,5.75,50,27525
20211101,12:55,5.65,5.65,5.65,5.65,25,27525
20211101,12:59,5.70,5.70,5.65,5.65,100,27550
20211101,13:02,5.55,5.75,5.55,5.75,600,27525
20211101,13:03,5.60,5.60,5.60,5.60,50,27550
20211101,13:07,5.50,5.50,5.50,5.50,100,27575
20211101,13:10,5.50,5.50,5.50,5.50,25,27525
20211101,13:13,5.50,5.50,5.50,5.50,25,27525
20211101,13:14,5.55,5.55,5.55,5.55,125,27525
20211101,13:15,5.55,5.55,5.55,5.55,25,27650
20211101,13:16,5.55,5.55,5.55,5.55,25,27650
20211101,13:17,5.55,5.55,5.45,5.45,200,27650
20211101,13:18,5.50,5.50,5.40,5.40,175,27475
20211101,13:19,5.40,5.50,5.40,5.50,175,27475
20211101,13:20,5.40,5.40,5.35,5.35,200,27475
20211101,13:21,5.35,5.40,5.35,5.40,250,27425
20211101,13:22,5.35,5.35,5.25,5.25,100,27425
20211101,13:23,5.20,5.20,5.20,5.20,75,27425
20211101,13:24,5.20,5.20,5.20,5.20,375,27425
20211101,13:25,5.20,5.25,5.20,5.25,50,26975
20211101,13:26,5.25,5.25,5.20,5.20,300,26975
20211101,13:27,5.20,5.20,5.20,5.20,25,26975
20211101,13:29,5.20,5.20,5.05,5.05,175,27050
20211101,13:30,5.15,5.15,5.05,5.10,300,27050
20211101,13:31,5.20,5.25,5.10,5.25,775,27050
20211101,13:32,5.40,5.55,5.15,5.30,1750,27050
20211101,13:33,5.30,5.30,5.25,5.25,425,27500
20211101,13:35,5.35,5.35,5.35,5.35,25,27500
20211101,13:36,5.25,5.40,5.20,5.40,500,27475
20211101,13:37,5.35,5.45,5.15,5.30,600,27475
20211101,13:38,5.30,5.40,5.25,5.25,300,27475
20211101,13:39,5.25,5.25,5.15,5.25,150,27475
20211101,13:40,5.10,5.10,5.10,5.10,25,27450
20211101,13:41,5.15,5.30,5.15,5.15,375,27450
20211101,13:42,5.10,5.30,5.10,5.30,325,27275
20211101,13:43,5.15,5.25,5.15,5.15,100,27275
20211101,13:45,5.00,5.15,4.35,5.00,2000,27025
20211101,13:46,4.90,5.05,4.85,5.05,300,27025
20211101,13:47,5.00,5.20,5.00,5.05,75,27025
20211101,13:48,5.05,5.05,5.05,5.05,150,26825
20211101,13:49,4.90,4.90,4.75,4.85,525,26825
20211101,13:50,4.90,4.90,4.75,4.75,475,26825
20211101,13:51,4.80,4.80,4.80,4.80,25,26825
20211101,13:52,4.75,4.75,4.75,4.75,75,27025
20211101,13:53,4.75,4.75,4.75,4.75,100,27025
20211101,13:54,4.75,4.75,4.70,4.75,350,26950
20211101,13:55,4.70,4.70,4.70,4.70,125,26950
20211101,13:56,4.70,4.70,4.70,4.70,75,26950
20211101,13:57,4.75,4.75,4.75,4.75,50,26950
20211101,14:00,4.65,4.70,4.55,4.65,125,26950
20211101,14:01,4.85,4.85,4.55,4.65,325,26950
20211101,14:02,4.70,4.70,4.70,4.70,25,26950
20211101,14:03,4.75,4.80,4.70,4.70,150,26950
20211101,14:04,4.60,4.70,4.60,4.70,75,26900
20211101,14:05,4.75,4.75,4.60,4.70,100,26900
20211101,14:06,4.75,4.75,4.75,4.75,25,26900
20211101,14:07,4.70,4.85,4.70,4.80,175,26900
20211101,14:08,4.80,4.80,4.80,4.80,25,26900
20211101,14:09,4.90,4.90,4.90,4.90,125,26900
20211101,14:10,4.85,5.05,4.85,5.05,225,26900
20211101,14:11,4.85,4.90,4.85,4.90,350,26900
20211101,14:12,4.90,4.95,4.80,4.85,575,27175
20211101,14:13,4.85,5.00,4.85,4.90,225,27175
20211101,14:14,4.85,5.00,4.75,4.75,150,27175
20211101,14:15,4.70,4.70,4.70,4.70,25,27225
20211101,14:16,4.75,4.75,4.75,4.75,25,27225
20211101,14:17,4.70,4.70,4.60,4.60,275,27225
20211101,14:18,4.80,5.00,4.80,4.80,375,27375
20211101,14:22,4.65,4.65,4.65,4.65,25,27350
20211101,14:23,4.65,4.75,4.65,4.75,75,27350
20211101,14:24,4.70,4.70,4.70,4.70,100,27425
20211101,14:26,4.75,4.75,4.75,4.75,75,27425
20211101,14:27,4.75,4.95,4.75,4.95,75,27325
20211101,14:28,4.95,4.95,4.65,4.65,100,27325
20211101,14:29,4.95,4.95,4.95,4.95,100,27325
20211101,14:35,4.65,4.65,4.65,4.65,150,27350
20211101,14:36,4.65,4.65,4.55,4.55,125,27325
20211101,14:37,4.60,4.70,4.60,4.70,325,27325
20211101,14:38,4.75,4.80,4.75,4.80,75,27325
20211101,14:39,4.90,4.90,4.85,4.85,50,27275
20211101,14:41,4.65,4.65,4.65,4.65,25,27275
20211101,14:42,4.50,4.50,4.50,4.50,75,27275
20211101,14:44,4.55,4.55,4.50,4.50,125,27325
20211101,14:46,4.50,4.50,4.50,4.50,50,27300
20211101,14:48,4.45,4.45,4.45,4.45,75,27350
20211101,14:50,4.55,4.70,4.50,4.70,225,27350
20211101,14:51,4.70,4.95,4.65,4.65,400,27375
20211101,14:52,4.85,4.85,4.80,4.80,75,27375
20211101,14:53,4.75,4.75,4.60,4.60,400,27375
20211101,14:55,4.60,4.60,4.45,4.45,200,27350
20211101,14:56,4.50,4.75,4.50,4.75,125,27350
20211101,14:57,4.55,4.65,4.45,4.65,575,27625
20211101,14:58,4.45,4.45,4.45,4.45,100,27625
20211101,14:59,4.30,4.30,4.15,4.15,125,27625
20211101,15:00,4.15,4.40,4.15,4.40,100,27625
20211101,15:03,4.40,4.40,4.30,4.30,575,27675
20211101,15:04,4.15,4.45,4.15,4.15,675,27675
20211101,15:06,4.15,4.15,4.15,4.15,50,27675
20211101,15:07,4.20,4.20,4.20,4.20,50,27150
20211101,15:09,4.10,4.10,4.10,4.10,225,27150
20211101,15:14,4.10,4.30,4.10,4.30,125,27175
20211101,15:15,4.30,4.40,4.30,4.40,50,27175
20211101,15:16,4.40,4.40,4.40,4.40,25,27300
20211101,15:17,4.25,4.30,4.10,4.15,500,27300
20211101,15:18,4.10,4.20,4.10,4.20,350,27300
20211101,15:19,4.15,4.15,4.15,4.15,25,27200
20211101,15:20,4.10,4.35,4.10,4.35,650,27200
20211101,15:21,4.30,4.30,4.30,4.30,200,27200
20211101,15:22,4.10,4.10,4.10,4.10,25,27350
20211101,15:23,4.10,4.10,4.10,4.10,75,27350
20211101,15:24,4.30,4.30,4.30,4.30,225,27350
20211101,15:25,4.30,4.30,4.10,4.10,125,27350
20211101,15:26,4.10,4.10,4.10,4.10,200,27350
20211101,15:27,4.10,4.10,4.00,4.00,375,27350
20211101,15:28,4.00,4.00,4.00,4.00,225,27350
20211101,15:29,3.95,4.30,3.95,4.05,750,27350
20211102,09:15,4.35,4.35,3.85,3.85,451,27150
20211102,09:16,4.45,4.65,4.05,4.60,600,27150
20211102,09:17,4.60,4.60,4.45,4.60,650,27700
20211102,09:18,4.60,4.60,4.40,4.40,350,27700
20211102,09:19,4.50,4.80,4.45,4.80,525,27700
20211102,09:20,4.85,4.85,4.50,4.55,300,27950
20211102,09:21,4.60,4.60,4.50,4.50,1225,27950
20211102,09:22,4.25,4.45,3.95,4.25,1625,27950
20211102,09:23,4.25,4.25,4.05,4.25,1300,29350
20211102,09:24,4.25,4.40,4.05,4.25,775,29350
20211102,09:25,4.35,4.55,4.10,4.35,2000,29350
20211102,09:26,4.35,4.50,4.30,4.35,875,29600
20211102,09:27,4.35,4.35,4.25,4.30,250,29600
20211102,09:28,4.25,4.35,4.20,4.35,500,29600
20211102,09:29,4.25,4.25,4.20,4.25,275,29600
20211102,09:30,4.20,4.40,4.10,4.40,350,29600
20211102,09:31,4.25,4.35,4.20,4.30,250,29600
20211102,09:32,4.05,4.05,4.05,4.05,100,29600
20211102,09:33,4.30,4.30,4.15,4.20,200,29600
20211102,09:34,4.15,4.20,4.10,4.20,125,29600
20211102,09:35,4.05,4.15,4.00,4.00,225,29700
20211102,09:36,4.05,4.05,4.05,4.05,250,29700
20211102,09:37,4.05,4.15,4.05,4.15,150,29700
20211102,09:38,4.10,4.10,3.95,4.10,425,29575
20211102,09:39,4.05,4.05,4.05,4.05,75,29575
20211102,09:40,4.10,4.15,3.95,4.15,375,29575
20211102,09:41,4.10,4.25,4.10,4.25,175,29575
20211102,09:42,4.35,4.35,4.10,4.10,75,29775
20211102,09:43,4.25,4.30,4.25,4.30,50,29775
20211102,09:44,4.25,4.25,4.15,4.15,150,29675
20211102,09:45,4.05,4.05,4.05,4.05,75,29675
20211102,09:46,4.10,4.10,4.05,4.05,200,29675
20211102,09:47,4.00,4.05,3.90,3.90,300,29700
20211102,09:49,3.90,4.05,3.90,4.05,1450,29700
20211102,09:50,4.00,4.10,4.00,4.05,200,29700
20211102,09:51,4.10,4.15,4.10,4.15,100,29425
20211102,09:52,4.15,4.15,4.15,4.15,100,29425
20211102,09:53,4.15,4.15,4.00,4.10,675,29475
20211102,09:54,4.10,4.15,4.10,4.15,75,29475
20211102,09:55,4.10,4.30,4.10,4.10,1150,29475
20211102,09:56,4.20,4.25,4.05,4.15,400,29750
20211102,09:57,4.15,4.30,4.15,4.20,250,29750
20211102,09:58,4.15,4.30,4.00,4.30,700,29750
20211102,09:59,4.20,4.20,4.20,4.20,25,30250
20211102,10:00,4.20,4.20,4.15,4.20,275,30250
20211102,10:01,4.20,4.25,4.10,4.10,225,30250
20211102,10:02,4.20,4.30,4.20,4.30,900,30300
20211102,10:03,4.25,4.25,4.20,4.20,75,30300
20211102,10:04,4.35,4.45,4.35,4.45,75,30300
20211102,10:05,4.30,4.40,4.30,4.30,325,30300
20211102,10:08,4.20,4.20,4.20,4.20,50,30125
20211102,10:09,4.25,4.30,4.25,4.30,75,30125
20211102,10:10,4.25,4.45,4.25,4.45,50,30125
20211102,10:11,4.20,4.55,4.05,4.25,375,30125
20211102,10:12,4.25,4.25,4.15,4.25,125,30125
20211102,10:13,4.20,4.40,4.20,4.35,325,30125
20211102,10:14,4.40,4.50,4.35,4.50,250,30125
20211102,10:15,4.45,4.50,4.40,4.50,275,30050
20211102,10:16,4.35,4.35,4.35,4.35,50,30050
20211102,10:18,4.20,4.25,4.20,4.25,125,30150
20211102,10:19,4.40,4.40,4.40,4.40,25,30150
20211102,10:20,4.25,4.25,4.25,4.25,100,30150
20211102,10:21,4.45,4.45,4.45,4.45,50,30075
20211102,10:22,4.20,4.45,4.20,4.30,625,30075
20211102,10:23,4.35,4.35,4.35,4.35,25,30075
20211102,10:24,4.30,4.30,4.30,4.30,25,30075
20211102,10:25,4.25,4.25,4.25,4.25,200,30175
20211102,10:26,4.40,4.40,4.40,4.40,100,30175
20211102,10:29,4.40,4.40,4.35,4.35,125,30100
20211102,10:31,4.40,4.80,4.40,4.55,1425,30100
20211102,10:32,4.30,4.45,4.30,4.35,250,30350
20211102,10:33,4.35,4.55,4.35,4.50,100,30350
20211102,10:34,4.50,4.50,4.45,4.45,75,30350
20211102,10:35,4.35,4.35,4.30,4.30,350,30350
20211102,10:36,4.35,4.55,4.30,4.45,1950,30350
20211102,10:37,4.55,4.55,4.50,4.50,1275,30350
20211102,10:38,4.45,4.45,4.45,4.45,50,30350
20211102,10:39,4.40,4.55,4.40,4.55,850,31750
20211102,10:40,4.50,4.60,4.50,4.60,225,31750
20211102,10:42,4.60,4.60,4.55,4.55,825,31750
20211102,10:43,4.45,4.60,4.45,4.45,1050,31750
20211102,10:44,4.65,4.65,4.40,4.40,575,32375
20211102,10:45,4.45,4.75,4.45,4.60,1200,32375
20211102,10:46,4.70,4.80,4.70,4.80,200,32375
20211102,10:47,4.75,4.75,4.60,4.65,450,32875
20211102,10:48,4.75,4.85,4.55,4.85,675,32875
20211102,10:49,4.60,4.75,4.60,4.75,325,32875
20211102,10:50,4.55,4.80,4.55,4.80,275,32975
20211102,10:51,4.80,4.85,4.80,4.80,375,32975
20211102,10:52,4.80,4.80,4.80,4.80,25,32975
20211102,10:54,4.50,4.50,4.45,4.45,175,33000
20211102,10:55,4.65,4.65,4.45,4.45,375,33000
20211102,10:56,4.60,4.60,4.60,4.60,125,32900
20211102,10:57,4.40,4.65,4.40,4.65,50,32900
20211102,10:58,4.50,4.50,4.50,4.50,25,32900
20211102,10:59,4.55,4.55,4.55,4.55,100,32900
20211102,11:01,4.70,4.70,4.55,4.55,125,32825
20211102,11:02,4.55,4.55,4.55,4.55,125,32825
20211102,11:03,4.70,4.70,4.60,4.60,125,32775
20211102,11:05,4.70,4.70,4.60,4.60,75,32775
20211102,11:06,4.80,4.80,4.80,4.80,25,32825
20211102,11:07,4.65,4.65,4.65,4.65,25,32825
20211102,11:09,4.60,4.65,4.50,4.65,1100,32800
20211102,11:10,4.45,4.55,4.15,4.15,1800,32800
20211102,11:11,4.15,4.35,4.05,4.30,700,32800
20211102,11:13,4.25,4.25,4.25,4.25,25,32650
20211102,11:14,4.25,4.25,4.15,4.15,175,32650
20211102,11:15,4.15,4.25,4.15,4.20,975,32650
20211102,11:16,4.10,4.10,4.10,4.10,150,32650
20211102,11:19,4.10,4.10,4.05,4.05,100,32200
20211102,11:20,4.10,4.10,3.95,4.00,350,32200
20211102,11:21,4.00,4.25,4.00,4.25,375,32400
20211102,11:24,4.05,4.05,4.05,4.05,25,32350
20211102,11:25,3.95,3.95,3.95,3.95,100,32350
20211102,11:26,3.95,3.95,3.95,3.95,175,32350
20211102,11:27,3.85,3.85,3.85,3.85,75,32350
20211102,11:28,3.80,3.80,3.80,3.80,100,32350
20211102,11:30,3.70,3.70,3.70,3.70,50,32350
20211102,11:32,3.70,3.95,3.70,3.95,150,32300
20211102,11:33,3.85,3.85,3.85,3.85,25,32300
20211102,11:35,3.90,3.90,3.85,3.85,50,32300
20211102,11:37,3.95,3.95,3.95,3.95,50,32300
20211102,11:41,3.85,3.85,3.85,3.85,200,32300
20211102,11:44,3.90,4.00,3.90,4.00,325,32200
20211102,11:45,4.00,4.00,3.85,3.85,225,32200
20211102,11:49,4.00,4.00,4.00,4.00,25,32175
20211102,11:50,3.85,3.85,3.85,3.85,25,32175
20211102,11:51,3.90,3.90,3.90,3.90,100,32175
20211102,11:56,3.65,3.65,3.65,3.65,75,32200
20211102,11:57,3.65,3.65,3.65,3.65,150,32225
20211102,11:58,3.70,3.70,3.70,3.70,50,32225
20211102,11:59,3.65,3.75,3.50,3.50,425,32225
20211102,12:00,3.55,3.75,3.35,3.65,850,32025
20211102,12:01,3.70,3.70,3.55,3.65,525,32025
20211102,12:02,3.60,3.65,3.50,3.55,525,32025
20211102,12:03,3.55,3.55,3.55,3.55,75,30825
20211102,12:04,3.60,3.60,3.55,3.55,450,30825
20211102,12:05,3.55,3.55,3.50,3.55,100,30825
20211102,12:06,3.55,3.60,3.50,3.60,625,30375
20211102,12:07,3.50,3.50,3.50,3.50,200,30375
20211102,12:08,3.50,3.50,3.50,3.50,150,30375
20211102,12:09,3.60,3.60,3.55,3.55,75,29775
20211102,12:10,3.50,3.60,3.50,3.60,75,29775
20211102,12:11,3.60,3.70,3.60,3.65,225,29775
20211102,12:13,3.65,3.65,3.60,3.60,175,29725
20211102,12:14,3.55,3.55,3.55,3.55,100,29725
20211102,12:15,3.55,3.55,3.55,3.55,50,29675
20211102,12:18,3.50,3.50,3.50,3.50,25,29675
20211102,12:19,3.55,3.60,3.55,3.60,50,29675
20211102,12:20,3.55,3.55,3.55,3.55,25,29675
20211102,12:24,3.45,3.45,3.25,3.25,100,29700
20211102,12:26,3.40,3.40,3.40,3.40,125,29700
20211102,12:27,3.40,3.40,3.35,3.40,100,29575
20211102,12:28,3.30,3.30,3.30,3.30,25,29575
20211102,12:29,3.25,3.25,3.15,3.15,375,29575
20211102,12:30,3.10,3.10,3.05,3.05,1150,29350
20211102,12:31,3.00,3.00,3.00,3.00,375,29350
20211102,12:33,3.05,3.05,3.05,3.05,50,28875
20211102,12:34,3.10,3.10,3.10,3.10,75,28875
20211102,12:35,3.20,3.20,3.10,3.15,125,28875
20211102,12:36,3.10,3.10,3.10,3.10,100,28825
20211102,12:37,3.15,3.20,3.15,3.15,225,28825
20211102,12:38,3.15,3.15,3.10,3.10,150,28825
20211102,12:40,3.20,3.20,3.20,3.20,200,28775
20211102,12:41,3.15,3.15,3.15,3.15,200,28775
20211102,12:42,3.20,3.20,3.20,3.20,250,28775
20211102,12:43,3.20,3.20,3.15,3.20,200,28550
20211102,12:44,3.30,3.30,3.10,3.25,950,28550
20211102,12:45,3.15,3.15,3.15,3.15,25,28275
20211102,12:47,3.15,3.15,3.15,3.15,50,28275
20211102,12:48,3.20,3.25,3.20,3.25,75,28175
20211102,12:49,3.20,3.20,3.20,3.20,125,28175
20211102,12:50,3.20,3.25,3.20,3.20,450,28175
20211102,12:52,3.15,3.15,3.10,3.15,175,28200
20211102,12:53,3.15,3.15,3.15,3.15,50,28200
20211102,12:55,3.15,3.20,3.15,3.20,50,28025
20211102,12:56,3.25,3.30,3.25,3.30,250,28025
20211102,12:57,3.30,3.35,3.25,3.30,350,27825
20211102,12:58,3.25,3.55,3.25,3.45,3250,27825
20211102,12:59,3.35,3.35,3.35,3.35,100,27825
20211102,13:00,3.40,3.40,3.40,3.40,25,25175
20211102,13:01,3.35,3.35,3.35,3.35,100,25175
20211102,13:02,3.40,3.40,3.20,3.20,250,25175
20211102,13:05,3.30,3.35,3.30,3.35,100,25100
20211102,13:07,3.20,3.30,3.20,3.30,700,25000
20211102,13:08,3.40,3.40,3.40,3.40,25,25000
20211102,13:09,3.40,3.40,3.35,3.35,175,24800
20211102,13:10,3.45,3.45,3.45,3.45,25,24800
20211102,13:12,3.45,3.50,3.45,3.50,250,24850
20211102,13:13,3.45,3.55,3.45,3.55,175,24850
20211102,13:14,3.45,3.45,3.45,3.45,25,24850
20211102,13:16,3.50,3.50,3.50,3.50,25,24775
20211102,13:17,3.40,3.60,3.35,3.60,175,24775
20211102,13:18,3.55,3.55,3.55,3.55,25,24825
20211102,13:21,3.55,3.65,3.55,3.55,200,24825
20211102,13:22,3.60,3.60,3.60,3.60,25,24825
20211102,13:23,3.60,3.65,3.60,3.65,150,24825
20211102,13:24,3.60,3.60,3.50,3.50,1025,24900
20211102,13:26,3.30,3.50,3.30,3.50,525,24900
20211102,13:27,3.45,3.50,3.45,3.45,225,24825
20211102,13:28,3.60,3.65,3.60,3.65,75,24825
20211102,13:31,3.55,3.70,3.55,3.65,250,24850
20211102,13:32,3.55,3.75,3.55,3.75,400,24850
20211102,13:33,3.65,3.65,3.65,3.65,75,24850
20211102,13:36,3.60,3.60,3.60,3.60,25,24900
20211102,13:38,3.60,3.60,3.60,3.60,75,24875
20211102,13:39,3.55,3.55,3.55,3.55,25,24950
20211102,13:40,3.55,3.55,3.35,3.35,800,24950
20211102,13:41,3.40,3.40,3.25,3.25,400,24950
20211102,13:42,3.30,3.30,3.25,3.25,175,24950
20211102,13:43,3.20,3.20,3.20,3.20,50,25275
20211102,13:44,3.25,3.25,3.10,3.10,175,25275
20211102,13:45,3.15,3.15,3.00,3.00,75,25275
20211102,13:46,3.15,3.15,3.15,3.15,50,25125
20211102,13:49,3.25,3.30,3.15,3.15,400,25150
20211102,13:50,3.10,3.15,3.05,3.05,150,25150
20211102,13:52,3.05,3.05,3.05,3.05,75,24875
20211102,13:55,3.25,3.25,3.25,3.25,25,24950
20211102,13:56,3.20,3.20,3.15,3.15,75,24950
20211102,13:57,3.00,3.20,2.85,2.85,1500,25100
20211102,13:58,2.85,3.05,2.60,2.95,1125,25100
20211102,13:59,2.95,3.10,2.95,3.05,675,25100
20211102,14:00,3.10,3.20,3.00,3.15,525,25050
20211102,14:01,3.10,3.10,3.00,3.00,75,25050
20211102,14:02,3.10,3.20,2.95,3.20,1275,25050
20211102,14:06,3.15,3.15,3.15,3.15,25,25125
20211102,14:07,3.15,3.20,3.15,3.15,75,25100
20211102,14:09,3.25,3.40,3.25,3.40,50,25100
20211102,14:11,3.45,3.45,3.45,3.45,50,25125
20211102,14:12,3.45,3.45,3.45,3.45,25,25125
20211102,14:13,3.30,3.30,3.25,3.25,75,25125
20211102,14:15,3.20,3.20,3.20,3.20,50,25125
20211102,14:16,3.25,3.25,3.25,3.25,50,25125
20211102,14:17,3.25,3.25,3.25,3.25,50,25075
20211102,14:18,3.10,3.15,3.00,3.00,450,25100
20211102,14:19,3.10,3.20,3.10,3.20,50,25100
20211102,14:20,3.15,3.15,3.15,3.15,25,25100
20211102,14:22,3.15,3.20,2.95,3.20,650,25125
20211102,14:23,3.10,3.10,3.05,3.05,125,25125
20211102,14:24,3.05,3.25,3.05,3.25,150,25525
20211102,14:25,3.20,3.40,3.20,3.40,925,25525
20211102,14:26,3.15,3.35,3.15,3.35,275,25525
20211102,14:27,3.35,3.35,3.35,3.35,75,25525
20211102,14:28,3.20,3.20,3.10,3.10,375,25650
20211102,14:29,2.95,3.00,2.80,2.80,675,25650
20211102,14:31,2.65,2.65,2.65,2.65,25,25525
20211102,14:33,2.65,2.65,2.65,2.65,25,25525
20211102,14:34,2.60,2.65,2.60,2.65,50,25525
20211102,14:36,2.70,2.70,2.70,2.70,25,25525
20211102,14:37,2.65,2.65,2.65,2.65,25,25550
20211102,14:38,2.70,2.80,2.65,2.65,400,25550
20211102,14:39,2.70,2.70,2.70,2.70,200,25550
20211102,14:40,2.70,2.70,2.70,2.70,50,25425
20211102,14:41,2.70,2.70,2.70,2.70,225,25425
20211102,14:42,2.65,2.85,2.65,2.85,250,25500
20211102,14:43,2.80,2.95,2.80,2.95,50,25500
20211102,14:44,2.90,3.00,2.90,3.00,175,25500
20211102,14:45,3.05,3.15,3.05,3.15,75,25500
20211102,14:46,3.15,3.25,3.10,3.25,375,25525
20211102,14:47,3.30,3.30,3.15,3.15,125,25525
20211102,14:48,3.10,3.20,3.10,3.20,75,25525
20211102,14:49,3.15,3.25,3.10,3.25,575,25525
20211102,14:50,3.20,3.40,3.20,3.35,700,25525
20211102,14:51,3.30,3.70,3.30,3.60,700,25500
20211102,14:52,3.65,3.80,3.65,3.80,175,25500
20211102,14:53,3.70,3.95,3.70,3.95,1075,25500
20211102,14:54,3.95,3.95,3.85,3.95,275,25500
20211102,14:55,4.00,4.00,3.80,3.95,625,25975
20211102,14:56,3.90,3.90,3.90,3.90,50,25975
20211102,14:57,3.85,4.00,3.75,3.85,2250,25925
20211102,14:58,3.90,4.00,3.80,3.85,1025,25925
20211102,14:59,3.80,3.90,3.80,3.80,200,25925
20211102,15:00,3.85,3.85,3.70,3.70,75,25925
20211102,15:01,3.75,3.85,3.70,3.85,725,25925
20211102,15:02,3.65,3.80,3.60,3.75,600,25925
20211102,15:03,3.75,3.85,3.75,3.85,225,25400
20211102,15:04,3.85,3.90,3.70,3.80,500,25400
20211102,15:05,3.85,4.00,3.85,3.95,600,25400
20211102,15:06,3.95,3.95,3.85,3.90,200,25400
20211102,15:07,3.90,3.95,3.65,3.65,875,25550
20211102,15:08,3.70,3.80,3.55,3.65,350,25550
20211102,15:09,3.65,3.75,3.60,3.60,275,25550
20211102,15:10,3.60,3.60,3.40,3.45,175,25475
20211102,15:11,3.50,3.50,3.35,3.35,275,25475
20211102,15:12,3.45,3.50,3.35,3.50,150,25475
20211102,15:13,3.55,3.70,3.50,3.70,225,25400
20211102,15:14,3.80,3.80,3.65,3.65,150,25400
20211102,15:15,3.75,3.80,3.75,3.80,50,25400
20211102,15:16,3.85,3.85,3.80,3.85,350,25400
20211102,15:17,3.75,3.80,3.65,3.65,475,25400
20211102,15:18,3.70,3.70,3.50,3.65,350,25400
20211102,15:19,3.70,3.75,3.60,3.75,450,25425
20211102,15:20,3.55,3.70,3.55,3.60,850,25425
20211102,15:21,3.65,3.65,3.40,3.45,725,25425
20211102,15:22,3.40,3.50,3.20,3.50,675,25425
20211102,15:23,3.40,3.40,3.20,3.20,650,25425
20211102,15:24,3.20,3.25,3.15,3.20,200,25425
20211102,15:25,3.20,3.55,3.20,3.35,650,25450
20211102,15:26,3.05,3.05,2.95,3.00,800,25450
20211102,15:27,3.20,3.20,3.05,3.15,250,25450
20211102,15:28,3.25,3.45,3.25,3.45,600,24800
20211102,15:29,3.30,3.30,3.30,3.30,450,24800
20211103,09:15,2.85,2.85,2.25,2.60,451,24500
20211103,09:16,2.35,3.00,2.35,2.50,1025,24500
20211103,09:17,2.85,2.85,2.55,2.85,1725,25350
20211103,09:18,2.90,3.00,2.70,2.70,950,25350
20211103,09:19,2.70,3.00,2.70,2.70,825,25350
20211103,09:20,2.60,2.70,2.55,2.60,725,26500
20211103,09:21,2.75,2.80,2.65,2.80,225,26500
20211103,09:22,2.75,2.75,2.55,2.75,600,26500
20211103,09:23,2.55,2.55,2.30,2.30,600,26725
20211103,09:24,2.20,2.40,2.20,2.40,150,26725
20211103,09:25,2.45,2.85,2.20,2.45,5150,26725
20211103,09:26,2.50,2.55,2.35,2.40,1775,26750
20211103,09:27,2.35,2.60,2.30,2.40,950,26750
20211103,09:28,2.60,2.60,2.10,2.10,825,26750
20211103,09:29,2.10,2.40,2.10,2.15,775,26450
20211103,09:30,2.25,2.35,2.25,2.35,500,26450
20211103,09:31,2.40,2.50,2.40,2.50,250,26450
20211103,09:32,2.55,2.55,2.20,2.20,300,26375
20211103,09:33,2.20,2.20,2.10,2.15,575,26375
20211103,09:34,2.15,2.15,2.15,2.15,50,26375
20211103,09:35,2.20,2.20,2.00,2.00,175,26500
20211103,09:36,2.00,2.20,2.00,2.20,1075,26500
20211103,09:37,2.05,2.20,2.05,2.10,150,26500
20211103,09:38,2.15,2.25,2.15,2.20,250,25275
20211103,09:39,2.00,2.20,2.00,2.20,725,25275
20211103,09:41,2.25,2.25,2.25,2.25,225,25300
20211103,09:42,2.35,2.35,2.30,2.30,225,25300
20211103,09:44,2.25,2.25,2.25,2.25,100,25300
20211103,09:45,2.30,2.30,2.30,2.30,125,25300
20211103,09:46,2.35,2.35,2.35,2.35,25,25300
20211103,09:47,2.15,2.15,2.15,2.15,25,25450
20211103,09:48,2.20,2.20,2.20,2.20,50,25450
20211103,09:49,2.20,2.20,2.20,2.20,175,25450
20211103,09:50,2.10,2.25,2.05,2.05,100,25575
20211103,09:51,2.05,2.15,2.05,2.15,75,25575
20211103,09:53,2.20,2.20,2.20,2.20,200,25525
20211103,09:54,2.20,2.25,2.20,2.25,125,25525
20211103,09:55,2.30,2.30,2.30,2.30,100,25525
20211103,09:57,2.30,2.30,2.00,2.25,425,25325
20211103,09:58,2.30,2.35,2.15,2.15,1350,25325
20211103,09:59,2.25,2.30,2.15,2.30,375,25675
20211103,10:00,2.15,2.15,2.15,2.15,25,25675
20211103,10:01,2.15,2.25,2.10,2.10,150,25675
20211103,10:02,2.15,2.15,2.15,2.15,250,25675
20211103,10:03,2.20,2.30,2.20,2.25,75,25400
20211103,10:04,2.30,2.50,2.30,2.30,175,25400
20211103,10:05,2.30,2.50,2.30,2.50,150,25400
20211103,10:06,2.50,2.50,2.50,2.50,150,25650
20211103,10:07,2.55,2.55,2.45,2.45,1050,25650
20211103,10:08,2.40,2.65,2.40,2.65,150,25650
20211103,10:09,2.60,2.80,2.55,2.55,525,26050
20211103,10:11,2.45,2.45,2.35,2.35,50,25975
20211103,10:12,2.30,2.30,2.30,2.30,125,25975
20211103,10:14,2.45,2.55,2.45,2.55,225,25925
20211103,10:15,2.50,2.50,2.40,2.40,250,25925
20211103,10:16,2.45,2.45,2.45,2.45,125,25925
20211103,10:17,2.50,2.50,2.45,2.45,50,25350
20211103,10:18,2.40,2.55,2.40,2.55,550,25350
20211103,10:19,2.50,2.50,2.50,2.50,50,25350
20211103,10:21,2.30,2.30,2.30,2.30,25,25375
20211103,10:25,2.15,2.15,2.15,2.15,25,25350
20211103,10:26,2.25,2.30,2.05,2.05,500,25025
20211103,10:27,2.15,2.15,2.15,2.15,100,25025
20211103,10:29,2.05,2.20,2.05,2.15,800,25050
20211103,10:31,2.30,2.30,2.30,2.30,75,25050
20211103,10:32,2.25,2.25,2.25,2.25,25,25050
20211103,10:35,2.35,2.45,2.35,2.45,100,25100
20211103,10:37,2.35,2.35,2.35,2.35,75,25100
20211103,10:39,2.20,2.20,2.20,2.20,25,25150
20211103,10:40,2.20,2.20,2.20,2.20,25,25150
20211103,10:43,2.60,2.60,2.60,2.60,75,24900
20211103,10:44,2.50,2.50,2.40,2.40,175,24850
20211103,10:51,2.20,2.20,2.05,2.05,525,24750
20211103,10:54,2.00,2.00,2.00,2.00,350,24975
20211103,10:55,1.95,1.95,1.75,1.75,75,24975
20211103,10:56,1.80,1.80,1.80,1.80,25,24975
20211103,10:57,1.95,1.95,1.95,1.95,25,25025
20211103,10:58,1.75,1.75,1.75,1.75,50,25025
20211103,10:59,1.85,1.85,1.60,1.60,75,25025
20211103,11:00,1.60,1.60,1.60,1.60,50,25000
20211103,11:01,1.60,1.60,1.60,1.60,25,25000
20211103,11:05,1.60,1.60,1.60,1.60,425,25000
20211103,11:08,1.65,1.65,1.65,1.65,25,25200
20211103,11:12,1.85,1.90,1.85,1.90,125,25200
20211103,11:13,1.95,1.95,1.95,1.95,300,25200
20211103,11:14,1.90,1.90,1.75,1.75,50,25200
20211103,11:15,1.75,1.85,1.75,1.85,225,25200
20211103,11:16,1.90,1.95,1.85,1.95,775,25200
20211103,11:17,1.80,1.80,1.80,1.80,125,25200
20211103,11:19,1.70,1.70,1.70,1.70,100,25650
20211103,11:26,1.75,1.75,1.75,1.75,25,25600
20211103,11:27,1.95,1.95,1.95,1.95,100,25575
20211103,11:28,1.80,1.80,1.80,1.80,50,25575
20211103,11:29,1.90,1.90,1.75,1.75,225,25575
20211103,11:30,1.75,1.75,1.55,1.55,525,25825
20211103,11:33,1.55,1.55,1.55,1.55,50,25350
20211103,11:34,1.95,1.95,1.95,1.95,25,25350
20211103,11:35,2.00,2.00,1.90,1.90,250,25350
20211103,11:37,2.00,2.00,2.00,2.00,25,25300
20211103,11:40,1.75,1.75,1.75,1.75,25,25300
20211103,11:42,1.80,2.00,1.70,2.00,200,25275
20211103,11:43,1.90,1.90,1.90,1.90,50,25275
20211103,11:44,1.90,1.95,1.90,1.95,325,25275
20211103,11:45,2.05,2.05,2.05,2.05,50,25400
20211103,11:46,2.00,2.00,2.00,2.00,175,25400
20211103,11:47,2.25,2.25,2.25,2.25,50,25400
20211103,11:48,2.00,2.00,2.00,2.00,25,25425
20211103,11:51,2.25,2.25,2.25,2.25,75,25425
20211103,11:52,2.10,2.10,2.10,2.10,175,25350
20211103,11:53,2.40,2.40,2.40,2.40,100,25350
20211103,11:55,2.35,2.35,2.35,2.35,100,25175
20211103,11:56,2.30,2.35,2.30,2.35,75,25175
20211103,11:57,2.30,2.35,2.30,2.30,225,25175
20211103,11:59,2.10,2.10,2.10,2.10,25,25175
20211103,12:00,2.15,2.55,2.00,2.50,575,25625
20211103,12:01,2.10,2.25,1.45,2.15,1550,25625
20211103,12:02,2.20,2.40,2.20,2.35,300,25625
20211103,12:03,2.20,2.20,2.15,2.15,75,25475
20211103,12:04,2.20,2.40,2.05,2.05,175,25475
20211103,12:05,2.35,2.50,2.35,2.50,225,25475
20211103,12:06,2.30,2.50,2.30,2.50,125,25425
20211103,12:07,2.50,2.75,2.50,2.75,425,25425
20211103,12:09,2.45,2.45,2.45,2.45,50,25425
20211103,12:11,2.25,2.50,2.20,2.30,175,25025
20211103,12:12,2.20,2.20,2.20,2.20,300,24975
20211103,12:13,2.45,2.45,2.45,2.45,325,24975
20211103,12:14,2.20,2.35,2.20,2.35,50,24975
20211103,12:15,2.55,2.55,2.45,2.45,100,24950
20211103,12:16,2.15,2.20,2.00,2.00,150,24950
20211103,12:17,1.95,2.00,1.95,2.00,175,24950
20211103,12:18,2.25,2.25,2.25,2.25,125,24850
20211103,12:19,2.30,2.40,2.25,2.25,750,24850
20211103,12:20,2.20,2.30,2.20,2.30,525,24850
20211103,12:21,2.35,2.60,2.35,2.55,425,25000
20211103,12:22,2.45,2.55,2.45,2.50,150,25000
20211103,12:24,2.45,2.55,2.45,2.55,1050,25000
20211103,12:25,2.50,2.50,2.15,2.15,425,25000
20211103,12:27,1.95,1.95,1.95,1.95,25,25000
20211103,12:29,1.95,1.95,1.85,1.85,100,24850
20211103,12:30,1.85,1.95,1.85,1.95,50,24475
20211103,12:31,1.75,1.75,1.75,1.75,50,24475
20211103,12:33,1.85,2.10,1.85,2.10,175,24475
20211103,12:35,2.50,2.50,2.50,2.50,25,24050
20211103,12:36,2.20,2.20,2.20,2.20,25,24050
20211103,12:37,2.05,2.05,2.05,2.05,50,23725
20211103,12:40,2.30,2.30,2.10,2.10,100,23675
20211103,12:41,2.10,2.10,2.10,2.10,50,23675
20211103,12:42,2.15,2.15,1.85,1.85,175,23575
20211103,12:43,1.75,1.75,1.75,1.75,25,23575
20211103,12:44,2.20,2.20,2.20,2.20,25,23575
20211103,12:45,2.05,2.05,2.05,2.05,575,23525
20211103,12:48,2.45,2.50,2.25,2.50,175,23675
20211103,12:49,2.40,2.40,2.40,2.40,50,23675
20211103,12:51,2.25,2.25,2.25,2.25,75,23650
20211103,12:52,2.45,2.45,2.45,2.45,50,23650
20211103,12:55,2.15,2.15,2.15,2.15,75,23575
20211103,12:56,2.20,2.20,2.20,2.20,200,23575
20211103,13:01,1.90,1.90,1.90,1.90,350,23450
20211103,13:02,1.85,1.85,1.85,1.85,25,23450
20211103,13:03,1.70,1.80,1.70,1.80,225,23275
20211103,13:04,1.75,1.75,1.75,1.75,100,23275
20211103,13:05,1.80,1.80,1.50,1.65,400,23275
20211103,13:06,1.60,1.60,1.60,1.60,100,23675
20211103,13:07,1.65,1.65,1.55,1.65,250,23675
20211103,13:08,1.65,1.75,1.65,1.65,675,23675
20211103,13:09,1.85,1.85,1.70,1.70,725,23900
20211103,13:10,1.75,1.80,1.75,1.80,325,23900
20211103,13:12,1.85,1.85,1.85,1.85,75,23725
20211103,13:13,1.95,2.05,1.85,2.05,475,23725
20211103,13:14,2.10,2.10,1.95,2.10,200,23725
20211103,13:15,2.05,2.05,1.80,1.80,150,23975
20211103,13:16,1.85,2.00,1.85,2.00,425,23975
20211103,13:17,2.00,2.25,2.00,2.25,300,23975
20211103,13:18,2.30,2.30,2.30,2.30,50,23975
20211103,13:19,2.25,2.50,2.25,2.50,225,24050
20211103,13:20,2.40,2.55,2.40,2.55,275,24050
20211103,13:21,2.45,2.55,2.45,2.55,150,24325
20211103,13:22,2.45,2.60,2.40,2.40,150,24325
20211103,13:23,2.45,2.45,2.25,2.30,650,24325
20211103,13:24,2.25,2.50,2.15,2.25,725,24175
20211103,13:25,2.25,2.30,2.20,2.20,150,24175
20211103,13:26,2.40,2.60,2.40,2.45,325,24175
20211103,13:27,2.50,2.50,2.50,2.50,25,24175
20211103,13:28,2.60,2.60,2.50,2.60,75,24125
20211103,13:29,2.70,2.70,2.70,2.70,25,24125
20211103,13:30,2.65,2.75,2.60,2.70,350,24200
20211103,13:31,2.70,3.00,2.70,2.95,400,24200
20211103,13:32,2.75,2.75,2.65,2.65,50,24200
20211103,13:34,2.55,2.65,2.45,2.60,200,24150
20211103,13:35,2.65,2.85,2.65,2.85,450,24150
20211103,13:36,2.95,2.95,2.80,2.85,125,24200
20211103,13:37,2.85,2.85,2.80,2.80,50,24200
20211103,13:38,2.85,2.85,2.85,2.85,25,24200
20211103,13:39,2.75,2.75,2.60,2.60,125,24175
20211103,13:40,2.60,2.70,2.60,2.70,50,24175
20211103,13:42,2.55,2.70,2.55,2.60,425,24200
20211103,13:43,2.60,2.60,2.50,2.50,50,24200
20211103,13:44,2.40,2.45,2.30,2.30,125,24200
20211103,13:45,2.20,2.30,2.10,2.30,100,24025
20211103,13:46,2.15,2.15,2.15,2.15,200,24025
20211103,13:47,2.05,2.10,2.05,2.05,400,24025
20211103,13:48,1.95,1.95,1.85,1.85,75,24025
20211103,13:49,1.75,1.75,1.75,1.75,50,23950
20211103,13:50,1.85,2.00,1.85,2.00,125,23950
20211103,13:51,2.15,2.15,2.15,2.15,50,23950
20211103,13:52,1.95,2.20,1.95,2.20,175,24025
20211103,13:53,2.15,2.40,2.15,2.15,275,24025
20211103,13:54,2.05,2.05,1.75,1.85,250,24075
20211103,13:55,1.95,1.95,1.55,1.65,600,24075
20211103,13:56,1.55,1.80,1.45,1.60,3425,24075
20211103,13:57,1.65,1.70,1.45,1.65,600,24075
20211103,13:58,1.60,1.60,0.75,0.75,1850,25325
20211103,13:59,0.75,0.90,0.75,0.90,300,25325
20211103,14:00,0.95,1.05,0.85,0.90,650,25175
20211103,14:01,0.95,0.95,0.80,0.85,225,25175
20211103,14:02,0.95,0.95,0.85,0.85,300,25175
20211103,14:03,0.95,1.10,0.85,0.95,750,25025
20211103,14:05,0.85,0.85,0.75,0.80,150,25025
20211103,14:06,0.80,0.85,0.80,0.85,125,25025
20211103,14:07,0.75,0.75,0.75,0.75,75,25025
20211103,14:08,0.80,0.80,0.80,0.80,125,24800
20211103,14:09,0.75,0.80,0.70,0.70,100,24850
20211103,14:10,0.70,0.80,0.70,0.80,200,24850
20211103,14:11,0.85,0.95,0.85,0.90,425,24850
20211103,14:12,0.95,0.95,0.80,0.80,325,24975
20211103,14:13,0.95,0.95,0.80,0.80,400,24975
20211103,14:14,0.70,0.80,0.70,0.70,450,24975
20211103,14:15,0.65,0.75,0.65,0.65,275,24850
20211103,14:16,0.65,0.65,0.65,0.65,25,24850
20211103,14:17,0.70,0.75,0.60,0.75,825,24850
20211103,14:18,0.65,0.65,0.65,0.65,100,24850
20211103,14:19,0.65,0.65,0.60,0.60,50,25025
20211103,14:20,0.70,0.70,0.70,0.70,50,25025
20211103,14:21,0.70,0.85,0.65,0.85,375,25000
20211103,14:22,0.75,0.80,0.70,0.70,100,25000
20211103,14:23,0.70,0.70,0.65,0.70,275,25000
20211103,14:24,0.60,0.65,0.60,0.60,125,25000
20211103,14:26,0.55,0.55,0.55,0.55,25,25000
20211103,14:27,0.55,0.55,0.55,0.55,25,24850
20211103,14:28,0.70,0.70,0.70,0.70,500,24850
20211103,14:29,0.75,0.75,0.75,0.75,125,24850
20211103,14:31,0.70,0.70,0.70,0.70,25,24850
20211103,14:32,0.75,0.80,0.50,0.55,1650,24875
20211103,14:33,0.85,0.90,0.75,0.90,1125,24550
20211103,14:34,0.85,0.85,0.80,0.80,75,24550
20211103,14:35,0.95,1.15,0.95,1.05,225,24550
20211103,14:37,1.15,1.15,1.15,1.15,25,24625
20211103,14:38,1.10,1.10,0.90,1.05,1100,24625
20211103,14:39,1.20,1.20,1.15,1.20,200,24625
20211103,14:40,1.25,1.25,1.25,1.25,75,23775
20211103,14:41,1.20,1.20,1.20,1.20,175,23775
20211103,14:43,1.15,1.15,1.15,1.15,25,23700
20211103,14:45,1.00,1.40,0.75,0.75,1425,23700
20211103,14:46,0.60,0.65,0.55,0.65,250,23900
20211103,14:47,0.55,0.65,0.45,0.45,375,23900
20211103,14:48,0.45,0.60,0.45,0.60,200,23925
20211103,14:49,0.60,0.60,0.55,0.55,300,23925
20211103,14:50,0.45,0.45,0.40,0.40,375,23925
20211103,14:51,0.40,0.40,0.40,0.40,25,23925
20211103,14:53,0.70,0.70,0.70,0.70,50,23725
20211103,14:54,0.80,0.85,0.55,0.85,650,23725
20211103,14:55,0.55,0.55,0.40,0.40,300,23725
20211103,14:56,0.30,0.50,0.30,0.50,3650,23725
20211103,14:57,0.30,0.30,0.30,0.30,750,23400
20211103,14:58,0.25,0.25,0.25,0.25,1825,23400
20211103,14:59,0.35,0.35,0.25,0.35,1175,23400
20211103,15:00,0.50,0.70,0.50,0.65,625,23400
20211103,15:01,0.55,0.55,0.55,0.55,75,24125
20211103,15:02,0.50,0.50,0.35,0.50,125,24125
20211103,15:03,0.45,0.60,0.45,0.45,150,24125
20211103,15:04,0.45,0.55,0.45,0.55,50,23775
20211103,15:05,0.55,0.55,0.35,0.55,225,23775
20211103,15:06,0.40,0.40,0.40,0.40,425,23950
20211103,15:07,0.40,0.40,0.35,0.35,175,23950
20211103,15:08,0.35,0.35,0.35,0.35,225,23950
20211103,15:10,0.20,0.20,0.10,0.10,150,23750
20211103,15:11,0.10,0.10,0.10,0.10,25,23750
20211103,15:12,0.10,0.10,0.10,0.10,25,23750
20211103,15:14,0.10,0.10,0.10,0.10,350,23675
20211103,15:15,0.05,0.05,0.05,0.05,875,23675
20211103,15:16,0.05,0.15,0.05,0.05,525,23750
20211103,15:17,0.05,0.10,0.05,0.10,600,23750
20211103,15:18,0.05,0.05,0.05,0.05,150,23400
20211103,15:19,0.05,0.05,0.05,0.05,550,23400
20211103,15:21,0.10,0.10,0.10,0.10,25,23400
