20210917,12:21,482.30,482.30,482.30,482.30,26,25
20210917,15:16,1.25,1.25,1.25,1.25,25,25
20210930,12:07,130.00,130.00,130.00,130.00,1201,25
20211001,09:20,130.00,130.00,130.00,130.00,26,1200
20211001,12:21,90.00,90.00,90.00,90.00,25,1200
20211004,09:52,43.00,50.00,43.00,50.00,452,1200
20211004,10:15,51.00,51.00,51.00,51.00,50,750
20211004,10:16,51.00,51.00,51.00,51.00,150,750
20211004,14:33,55.00,55.00,55.00,55.00,500,600
20211006,14:25,50.00,50.00,50.00,50.00,26,100
20211006,14:29,50.00,50.00,50.00,50.00,25,125
20211006,14:32,10.20,10.20,10.20,10.20,50,150
20211008,09:43,128.00,129.95,128.00,129.95,152,150
20211008,10:30,16.60,16.60,16.60,16.60,150,275
20211008,11:36,16.60,16.60,16.60,16.60,25,275
20211008,11:37,30.00,30.00,30.00,30.00,100,275
20211008,12:44,32.00,32.00,32.00,32.00,50,250
20211008,12:45,32.00,32.00,32.00,32.00,50,225
20211008,14:42,28.50,28.50,28.50,28.50,25,225
20211008,14:51,28.50,28.50,28.50,28.50,25,225
20211008,15:16,27.00,27.00,27.00,27.00,25,225
20211008,15:30,26.00,26.00,26.00,26.00,50,225
20211011,13:26,26.35,26.35,26.35,26.35,26,225
20211012,13:18,11.10,11.10,11.10,11.10,26,250
20211012,15:24,11.25,11.25,11.25,11.25,25,250
20211013,09:48,35.00,35.00,35.00,35.00,26,250
20211014,09:19,34.00,34.00,34.00,34.00,26,250
20211014,09:25,35.00,35.00,35.00,35.00,25,275
20211014,14:47,35.00,35.00,35.00,35.00,25,275
20211018,13:30,13.00,13.00,13.00,13.00,26,300
20211018,13:57,9.00,9.00,9.00,9.00,25,325
20211018,14:13,9.00,9.00,9.00,9.00,25,325
20211018,14:54,13.00,13.00,13.00,13.00,25,300
20211018,15:10,13.00,13.00,13.00,13.00,25,325
20211018,15:24,12.80,12.80,12.80,12.80,25,325
20211019,10:33,17.00,17.00,17.00,17.00,26,325
20211019,11:04,17.00,17.00,17.00,17.00,25,325
20211019,12:15,18.00,18.00,18.00,18.00,50,325
20211019,15:09,10.35,10.35,10.35,10.35,25,375
20211019,15:30,17.00,17.00,17.00,17.00,25,375
20211020,10:20,17.00,17.00,17.00,17.00,26,400
20211020,11:44,17.00,17.00,17.00,17.00,25,400
20211020,11:45,17.55,17.55,17.55,17.55,25,425
20211020,14:32,17.55,17.55,17.55,17.55,25,450
20211021,13:00,3.65,3.65,3.65,3.65,26,475
20211021,13:25,4.45,4.45,4.45,4.45,25,475
20211021,15:15,5.45,5.45,5.45,5.45,25,475
20211022,15:24,5.50,5.50,5.50,5.50,51,475
20211025,11:48,5.55,5.55,5.55,5.55,26,425
20211025,12:03,8.50,8.50,8.50,8.50,25,425
20211025,13:13,9.30,9.30,9.30,9.30,25,450
20211025,13:30,9.35,9.35,9.35,9.35,25,475
20211025,14:09,9.40,9.40,9.40,9.40,50,475
20211025,14:57,9.35,9.35,9.35,9.35,75,475
20211025,14:58,9.35,9.35,9.35,9.35,50,550
20211025,14:59,9.30,9.30,9.30,9.30,75,550
20211025,15:16,8.75,8.75,8.75,8.75,50,675
20211025,15:22,8.50,8.50,8.50,8.50,25,725
20211025,15:25,6.15,6.15,6.15,6.15,50,725
20211026,09:15,10.00,10.00,10.00,10.00,51,725
20211026,09:22,9.50,9.50,9.50,9.50,100,725
20211026,09:23,9.50,9.50,9.50,9.50,25,825
20211026,09:29,9.50,9.50,9.50,9.50,500,850
20211026,09:34,10.50,10.50,10.50,10.50,900,1350
20211026,09:39,9.15,9.15,9.15,9.15,500,2225
20211026,09:45,9.15,9.15,9.15,9.15,25,2225
20211026,09:50,9.95,9.95,9.95,9.95,300,2350
20211026,09:51,9.95,9.95,9.95,9.95,50,2350
20211026,09:52,9.95,9.95,9.95,9.95,25,2350
20211026,09:55,9.85,9.85,9.85,9.85,25,2550
20211026,10:01,9.80,9.80,9.80,9.80,25,2575
20211026,10:02,9.80,9.80,9.80,9.80,25,2575
20211026,10:09,9.80,9.80,9.80,9.80,25,2625
20211026,10:10,9.85,9.85,9.85,9.85,25,2625
20211026,10:14,9.80,9.80,9.80,9.80,25,2675
20211026,10:31,8.15,8.15,8.15,8.15,125,2700
20211026,10:37,8.15,8.15,8.15,8.15,250,2700
20211026,10:42,9.50,9.50,9.50,9.50,75,3000
20211026,10:44,9.50,9.50,9.50,9.50,50,3000
20211026,10:47,9.70,9.70,9.70,9.70,25,3075
20211026,10:51,9.70,9.70,9.70,9.70,50,3100
20211026,10:56,9.70,9.70,9.70,9.70,25,3150
20211026,10:59,9.70,9.70,9.70,9.70,25,3150
20211026,11:00,9.70,9.70,9.70,9.70,25,3150
20211026,11:06,9.70,9.70,9.70,9.70,1000,3150
20211026,11:27,9.60,9.60,9.60,9.60,25,3950
20211026,11:41,8.70,8.70,8.70,8.70,125,3975
20211026,11:44,8.70,8.70,8.70,8.70,25,3975
20211026,11:46,8.70,8.70,8.70,8.70,150,3975
20211026,12:10,8.70,8.70,8.70,8.70,25,3975
20211026,12:17,8.45,8.45,8.45,8.45,25,3975
20211026,12:18,8.70,8.70,8.70,8.70,400,3975
20211026,12:19,8.70,8.70,8.70,8.70,575,3350
20211026,12:29,8.70,8.70,8.70,8.70,50,2975
20211026,12:34,9.45,9.45,9.45,9.45,25,2925
20211026,12:42,9.45,9.45,9.45,9.45,100,2950
20211026,13:09,9.45,9.45,9.45,9.45,25,2950
20211026,13:17,9.60,9.60,9.60,9.60,25,2950
20211026,13:25,9.60,9.60,9.60,9.60,25,2975
20211026,13:44,9.70,9.70,9.70,9.70,125,3000
20211026,13:50,9.65,9.65,9.65,9.65,25,3100
20211026,13:54,9.65,9.65,9.65,9.65,25,3125
20211026,14:38,8.15,8.15,8.15,8.15,100,3150
20211026,14:55,8.00,8.00,8.00,8.00,200,3150
20211026,15:18,8.00,8.00,8.00,8.00,25,3100
20211026,15:20,8.10,8.10,8.10,8.10,100,3075
20211026,15:21,9.35,9.35,9.35,9.35,50,3075
20211026,15:27,9.35,9.35,9.35,9.35,25,3125
20211026,15:29,9.30,9.30,9.30,9.30,125,3150
20211027,09:17,9.30,9.30,9.30,9.30,26,3250
20211027,09:20,9.30,9.30,9.30,9.30,50,3275
20211027,09:27,8.85,8.85,8.85,8.85,25,3325
20211027,09:37,6.40,6.40,6.40,6.40,75,3350
20211027,09:50,6.40,6.40,6.40,6.40,25,3325
20211027,09:57,8.75,8.75,8.75,8.75,50,3325
20211027,10:00,8.65,8.65,8.65,8.65,75,3350
20211027,10:06,6.55,6.55,6.55,6.55,25,3425
20211027,10:16,6.80,6.80,6.80,6.80,25,3400
20211027,10:20,8.10,8.10,8.10,8.10,100,3375
20211027,10:24,8.20,8.20,8.20,8.20,500,3475
20211027,10:26,6.40,6.40,6.40,6.40,500,3975
20211027,10:39,6.45,6.45,6.45,6.45,50,3525
20211027,10:55,6.45,6.45,6.45,6.45,100,3500
20211027,11:12,6.50,6.50,6.50,6.50,25,3400
20211027,11:17,7.50,7.50,7.50,7.50,100,3400
20211027,12:03,6.80,6.80,6.80,6.80,25,3425
20211027,12:07,6.55,6.55,6.55,6.55,25,3425
20211027,12:13,6.55,6.55,6.55,6.55,25,3450
20211027,12:21,6.50,6.50,6.50,6.50,125,3475
20211027,12:30,7.00,7.00,7.00,7.00,100,3600
20211027,12:31,8.10,8.10,8.10,8.10,325,3600
20211027,13:02,7.00,7.00,7.00,7.00,975,3925
20211027,13:06,7.00,7.00,7.00,7.00,150,3950
20211027,13:08,7.00,7.00,7.00,7.00,375,3950
20211027,13:10,6.95,6.95,6.95,6.95,75,3950
20211027,13:27,6.95,6.95,6.95,6.95,25,3950
20211027,13:28,7.00,7.00,7.00,7.00,125,3950
20211027,13:58,6.40,6.40,6.40,6.40,75,3950
20211027,14:11,6.50,6.50,6.50,6.50,100,3900
20211027,14:17,7.00,7.00,7.00,7.00,25,3925
20211027,14:20,6.40,6.40,6.40,6.40,500,3950
20211027,14:22,6.00,6.00,6.00,6.00,25,3950
20211027,14:27,6.00,6.00,6.00,6.00,25,4475
20211027,14:30,6.50,6.50,6.50,6.50,25,4475
20211027,14:32,6.85,6.85,6.85,6.85,25,4475
20211027,14:35,6.85,6.85,6.85,6.85,25,4475
20211027,14:38,6.00,6.00,6.00,6.00,200,4475
20211027,14:39,6.00,6.00,6.00,6.00,25,4475
20211027,14:41,6.00,6.00,6.00,6.00,200,4525
20211027,14:44,6.00,6.00,6.00,6.00,75,4525
20211027,14:51,5.65,5.65,5.65,5.65,25,4600
20211027,15:04,5.65,5.65,5.65,5.65,150,4600
20211027,15:05,6.00,6.00,6.00,6.00,25,4600
20211027,15:06,6.00,6.00,6.00,6.00,100,4600
20211027,15:09,5.95,5.95,5.95,5.95,25,4675
20211027,15:11,5.95,5.95,5.95,5.95,25,4650
20211027,15:13,5.00,5.00,5.00,5.00,100,4625
20211027,15:15,4.05,4.05,4.05,4.05,200,4625
20211027,15:18,4.05,4.05,4.05,4.05,50,4375
20211027,15:19,5.80,5.80,5.80,5.80,25,4375
20211027,15:20,5.80,5.80,5.80,5.80,25,4425
20211027,15:21,5.75,5.75,5.75,5.75,25,4425
20211027,15:22,5.80,5.80,5.80,5.80,25,4425
20211027,15:23,6.00,6.00,6.00,6.00,50,4475
20211027,15:25,6.80,6.80,6.80,6.80,325,4750
20211028,09:17,6.80,6.80,6.80,6.80,26,4825
20211028,09:20,5.65,5.65,5.65,5.65,50,4850
20211028,09:22,7.00,7.00,7.00,7.00,200,4875
20211028,09:24,7.00,7.00,7.00,7.00,125,4875
20211028,09:25,6.50,6.50,6.50,6.50,225,4925
20211028,09:26,6.45,6.45,6.45,6.45,25,4925
20211028,09:32,6.50,6.50,6.50,6.50,250,5175
20211028,09:36,6.50,6.50,6.50,6.50,50,5425
20211028,09:37,5.25,5.25,5.25,5.25,250,5475
20211028,09:39,5.25,5.25,5.25,5.25,25,5475
20211028,09:40,5.30,5.30,5.30,5.30,25,5325
20211028,09:41,6.45,6.45,6.45,6.45,50,5325
20211028,09:44,6.45,6.45,6.45,6.45,50,5350
20211028,09:46,6.40,6.40,6.40,6.40,75,5400
20211028,09:47,5.40,5.40,5.40,5.40,125,5400
20211028,09:51,6.30,6.30,6.30,6.30,100,5475
20211028,09:56,5.30,5.30,5.30,5.30,125,5400
20211028,10:02,6.45,6.45,6.45,6.45,125,5325
20211028,10:04,6.45,6.45,6.45,6.45,25,5325
20211028,10:05,6.45,6.45,6.45,6.45,25,5450
20211028,10:07,6.50,6.50,6.50,6.50,600,5450
20211028,10:08,6.50,6.50,6.50,6.50,375,5450
20211028,10:10,5.50,5.50,5.50,5.50,25,6225
20211028,10:11,6.50,6.50,6.50,6.50,125,6225
20211028,10:13,6.50,6.50,6.50,6.50,200,6325
20211028,10:14,6.50,6.50,6.50,6.50,325,6325
20211028,10:17,6.50,6.50,6.50,6.50,100,6800
20211028,10:18,6.45,6.45,6.45,6.45,25,6900
20211028,10:19,6.45,6.45,6.45,6.45,25,6900
20211028,10:21,5.50,5.50,5.50,5.50,100,6925
20211028,10:24,5.60,5.60,5.60,5.60,100,6925
20211028,10:26,5.60,5.60,5.60,5.60,100,6925
20211028,10:27,5.60,5.60,5.60,5.60,75,6975
20211028,10:29,6.30,6.30,6.30,6.30,525,6975
20211028,10:30,6.30,6.30,6.30,6.30,25,6950
20211028,10:34,6.35,6.35,6.35,6.35,100,6975
20211028,10:38,5.45,5.45,5.45,5.45,75,7075
20211028,10:48,5.60,5.60,5.60,5.60,25,7050
20211028,10:51,5.45,5.45,5.45,5.45,25,7050
20211028,10:56,5.45,5.45,5.45,5.45,325,7075
20211028,10:57,5.45,5.45,5.30,5.30,275,7075
20211028,11:01,5.30,5.30,5.30,5.30,250,7175
20211028,11:02,5.15,5.15,5.15,5.15,50,7175
20211028,11:04,5.00,5.00,5.00,5.00,50,7175
20211028,11:05,5.00,5.00,5.00,5.00,250,6975
20211028,11:07,5.00,5.00,5.00,5.00,250,6975
20211028,11:10,5.00,5.00,5.00,5.00,25,6425
20211028,11:15,4.65,4.65,4.65,4.65,225,6425
20211028,11:17,4.65,4.65,4.65,4.65,25,6400
20211028,11:20,5.25,5.25,5.25,5.25,50,6375
20211028,11:23,5.85,5.85,5.85,5.85,50,6375
20211028,11:27,5.65,5.65,5.65,5.65,100,6375
20211028,11:38,4.55,4.55,4.55,4.55,25,6375
20211028,11:42,4.55,4.55,4.55,4.55,100,6400
20211028,12:02,5.45,5.45,5.45,5.45,100,6400
20211028,12:07,4.70,4.70,4.70,4.70,200,6500
20211028,12:18,5.60,5.60,5.60,5.60,25,6575
20211028,12:29,5.20,5.20,5.20,5.20,25,6575
20211028,12:35,4.75,4.75,4.75,4.75,50,6575
20211028,12:38,5.00,5.00,5.00,5.00,25,6625
20211028,12:50,5.15,5.15,5.15,5.15,25,6625
20211028,12:58,5.20,5.20,5.20,5.20,25,6650
20211028,13:05,5.50,5.50,5.50,5.50,25,6650
20211028,13:09,5.45,5.45,5.45,5.45,25,6675
20211028,13:12,5.45,5.45,5.45,5.45,50,6675
20211028,13:13,5.45,5.45,5.45,5.45,50,6675
20211028,13:20,5.35,5.35,5.35,5.35,50,6700
20211028,13:29,5.25,5.25,5.25,5.25,200,6750
20211028,13:30,5.25,5.25,5.25,5.25,25,6750
20211028,13:32,4.50,4.50,4.50,4.50,500,6975
20211028,13:38,4.50,4.50,4.50,4.50,150,7175
20211028,13:39,4.75,4.75,4.75,4.75,225,7175
20211028,13:44,4.75,4.75,4.75,4.75,100,7250
20211028,13:45,4.75,4.75,4.75,4.75,100,7250
20211028,13:55,4.75,4.75,4.75,4.75,75,7450
20211028,14:00,4.75,4.75,4.75,4.75,950,7525
20211028,14:01,4.35,4.35,4.35,4.35,50,8475
20211028,14:07,4.35,4.35,4.35,4.35,200,8450
20211028,14:09,4.70,4.70,4.70,4.70,25,8450
20211028,14:10,4.65,4.65,4.65,4.65,200,8450
20211028,14:12,4.65,4.65,4.65,4.65,1000,8675
20211028,14:13,4.70,4.70,4.70,4.70,125,8675
20211028,14:14,4.70,4.70,4.70,4.70,25,9800
20211028,14:16,4.50,4.50,4.50,4.50,75,9800
20211028,14:17,4.50,4.50,4.50,4.50,500,9825
20211028,14:19,4.50,4.50,4.50,4.50,25,9825
20211028,14:20,4.50,4.50,4.50,4.50,275,10350
20211028,14:22,4.50,4.50,4.50,4.50,150,10350
20211028,14:28,4.70,4.70,4.70,4.70,200,10750
20211028,14:31,4.80,4.80,4.80,4.80,2100,12650
20211028,14:32,5.00,5.00,5.00,5.00,3900,12650
20211028,14:34,6.30,6.30,6.30,6.30,1000,12650
20211028,14:35,5.05,5.05,5.05,5.05,50,17400
20211028,14:36,6.00,6.00,6.00,6.00,100,17400
20211028,14:37,6.00,6.00,6.00,6.00,50,17400
20211028,14:40,5.95,5.95,5.95,5.95,725,17325
20211028,14:41,5.70,5.70,5.70,5.70,75,17325
20211028,14:42,5.35,5.35,5.35,5.35,25,17325
20211028,14:45,5.15,5.15,5.15,5.15,275,17425
20211028,14:49,5.75,5.75,5.75,5.75,100,17400
20211028,14:50,5.75,5.75,5.75,5.75,200,17450
20211028,14:52,5.75,5.75,5.75,5.75,25,17450
20211028,14:53,5.75,5.75,5.75,5.75,25,17600
20211028,14:55,5.90,5.90,5.90,5.90,675,17600
20211028,14:57,5.80,5.80,5.80,5.80,350,18250
20211028,14:58,5.80,5.80,5.80,5.80,250,18350
20211028,14:59,6.00,6.00,6.00,6.00,450,18350
20211028,15:01,5.75,5.75,5.75,5.75,700,18350
20211028,15:03,5.65,5.65,5.65,5.65,225,18350
20211028,15:06,5.00,5.00,5.00,5.00,750,18425
20211028,15:07,5.00,5.00,5.00,5.00,150,18425
20211028,15:08,5.45,5.45,5.45,5.45,75,19000
20211028,15:10,5.00,5.00,5.00,5.00,2125,19000
20211028,15:11,5.00,5.00,5.00,5.00,50,21150
20211028,15:12,4.85,4.85,4.85,4.85,75,21150
20211028,15:13,4.85,4.85,4.85,4.85,150,21100
20211028,15:14,4.85,5.00,4.85,5.00,200,21100
20211028,15:15,4.95,4.95,4.95,4.95,1200,21100
20211028,15:16,4.70,4.70,4.70,4.70,1475,21100
20211028,15:17,4.65,4.65,4.65,4.65,1200,22950
20211028,15:18,5.00,5.00,5.00,5.00,1275,22950
20211028,15:20,4.35,4.35,4.35,4.35,4525,24300
20211028,15:21,4.50,4.50,4.50,4.50,150,24300
20211028,15:23,4.40,4.40,4.40,4.40,4775,28500
20211028,15:24,4.60,4.60,4.60,4.60,225,28500
20211028,15:26,4.45,4.45,4.45,4.45,2850,31400
20211028,15:27,4.75,4.75,4.75,4.75,1100,31400
20211028,15:28,4.50,4.50,4.50,4.50,700,34700
20211028,15:30,4.95,4.95,4.95,4.95,2625,34700
20211029,09:15,4.50,4.90,4.10,4.30,7401,36425
20211029,09:16,4.45,4.80,4.35,4.80,8250,36425
20211029,09:17,4.85,5.45,4.85,5.45,9575,41525
20211029,09:18,5.45,7.45,5.45,7.05,20500,41525
20211029,09:19,7.45,8.00,6.80,7.45,31375,41525
20211029,09:20,7.05,7.40,6.45,6.45,15975,78100
20211029,09:21,6.45,7.50,6.25,7.30,10175,78100
20211029,09:22,7.20,7.60,6.85,6.90,15275,78100
20211029,09:23,6.50,7.95,6.50,7.00,18100,95075
20211029,09:24,7.00,9.00,6.95,7.80,70075,95075
20211029,09:25,8.40,8.40,7.35,7.40,36875,95075
20211029,09:26,7.90,8.40,7.65,7.75,30775,182475
20211029,09:27,7.95,8.55,7.75,7.75,38875,182475
20211029,09:28,7.75,12.00,7.75,9.00,73725,182475
20211029,09:29,10.05,10.10,8.85,9.50,66875,282400
20211029,09:30,9.60,9.60,8.30,8.40,18375,282400
20211029,09:31,8.40,8.40,8.00,8.20,13875,282400
20211029,09:32,8.25,8.50,7.75,7.80,12025,331275
20211029,09:33,7.80,7.85,7.25,7.30,8275,331275
20211029,09:34,7.30,7.35,6.80,6.90,14375,331275
20211029,09:35,6.90,6.90,6.40,6.40,28250,338300
20211029,09:36,6.45,6.65,6.15,6.45,11350,338300
20211029,09:37,6.45,7.35,6.40,6.90,9225,338300
20211029,09:38,6.85,6.95,6.40,6.45,8225,347975
20211029,09:39,6.65,6.65,6.30,6.40,5700,347975
20211029,09:40,6.45,6.45,6.00,6.05,13100,347975
20211029,09:41,6.35,6.35,5.80,5.85,15300,359425
20211029,09:42,5.95,5.95,5.55,5.55,11175,359425
20211029,09:43,5.55,5.70,5.35,5.35,12925,359425
20211029,09:44,5.45,5.55,5.35,5.40,10075,360300
20211029,09:45,5.35,5.35,5.10,5.15,8950,360300
20211029,09:46,5.20,5.40,5.10,5.40,6850,360300
20211029,09:47,5.45,5.50,5.35,5.45,4350,358500
20211029,09:48,5.40,5.40,5.30,5.30,2150,358500
20211029,09:49,5.30,5.50,5.10,5.20,3800,358500
20211029,09:50,5.20,5.35,5.10,5.35,5450,357400
20211029,09:51,5.35,5.45,5.05,5.05,6500,357400
20211029,09:52,5.10,5.20,5.00,5.00,13325,357400
20211029,09:53,5.00,5.00,4.65,4.90,10325,362150
20211029,09:54,4.85,5.00,4.85,4.90,2525,362150
20211029,09:55,4.95,4.95,4.65,4.65,5425,362150
20211029,09:56,4.65,4.65,4.30,4.30,16400,351350
20211029,09:57,4.35,4.40,3.60,3.70,63475,351350
20211029,09:58,3.70,4.15,3.70,4.10,28650,351350
20211029,09:59,4.10,4.20,4.00,4.15,19275,314575
20211029,10:00,4.20,4.20,3.80,3.90,23400,314575
20211029,10:01,4.00,4.35,3.90,4.25,18825,314575
20211029,10:02,4.25,4.30,4.15,4.30,10275,290925
20211029,10:03,4.30,4.30,4.15,4.25,2350,290925
20211029,10:04,4.20,4.30,4.20,4.25,2000,290925
20211029,10:05,4.20,4.25,4.00,4.25,10950,286575
20211029,10:06,4.25,4.30,4.15,4.15,3975,286575
20211029,10:07,4.15,4.25,4.10,4.25,6400,286575
20211029,10:08,4.25,4.30,4.20,4.25,6325,279775
20211029,10:09,4.25,4.30,4.20,4.20,6075,279775
20211029,10:10,4.25,4.35,4.20,4.30,7400,279775
20211029,10:11,4.40,4.50,4.25,4.50,10900,288550
20211029,10:12,4.45,4.55,4.35,4.50,2900,288550
20211029,10:13,4.35,4.40,4.30,4.35,3175,288550
20211029,10:14,4.35,4.40,4.10,4.15,3175,291275
20211029,10:15,4.10,4.10,3.90,4.00,13075,291275
20211029,10:16,3.95,3.95,3.90,3.90,14350,291275
20211029,10:17,3.90,3.95,3.90,3.95,6075,280700
20211029,10:18,3.95,4.10,3.80,3.90,27075,280700
20211029,10:19,3.90,3.95,3.90,3.90,3025,280700
20211029,10:20,3.95,4.10,3.90,3.90,24250,264975
20211029,10:21,3.90,3.95,3.85,3.90,14125,264975
20211029,10:22,3.90,4.00,3.85,3.95,15725,264975
20211029,10:23,3.90,3.95,3.85,3.85,18625,265500
20211029,10:24,3.85,3.95,3.85,3.90,2625,265500
20211029,10:25,3.90,3.95,3.85,3.95,3675,265500
20211029,10:26,3.95,3.95,3.95,3.95,50,265500
20211029,10:27,3.95,3.95,3.90,3.95,1175,271525
20211029,10:28,3.90,3.90,3.85,3.90,6500,271525
20211029,10:29,3.90,3.95,3.85,3.90,12475,266150
20211029,10:30,3.85,3.95,3.85,3.95,14075,266150
20211029,10:31,3.95,4.00,3.90,4.00,5250,266150
20211029,10:32,4.00,4.00,3.90,3.95,8625,258225
20211029,10:33,3.95,3.95,3.85,3.90,7275,258225
20211029,10:34,3.90,3.90,3.85,3.85,5325,258225
20211029,10:35,3.85,3.90,3.85,3.90,3450,252850
20211029,10:36,3.90,3.90,3.80,3.80,3950,252850
20211029,10:37,3.80,3.90,3.80,3.90,3050,252850
20211029,10:38,3.90,3.90,3.85,3.85,1475,252400
20211029,10:39,3.85,3.90,3.85,3.90,1775,252400
20211029,10:40,3.85,3.90,3.85,3.85,4250,252400
20211029,10:41,3.90,3.90,3.80,3.85,5800,252625
20211029,10:42,3.80,3.85,3.80,3.85,1125,252625
20211029,10:43,3.85,3.85,3.80,3.85,600,252625
20211029,10:44,3.85,3.85,3.85,3.85,2025,252250
20211029,10:45,3.85,3.90,3.80,3.85,2500,252250
20211029,10:46,3.90,3.95,3.90,3.95,1825,252250
20211029,10:47,3.95,3.95,3.95,3.95,4150,251075
20211029,10:48,3.95,4.00,3.90,3.90,3525,251075
20211029,10:49,3.95,4.10,3.95,4.10,16700,251075
20211029,10:50,4.05,4.10,4.05,4.05,3950,254425
20211029,10:51,4.05,4.25,4.05,4.15,9250,254425
20211029,10:52,4.15,4.15,4.05,4.15,5800,254425
20211029,10:53,4.15,4.15,4.05,4.05,1600,246225
20211029,10:54,4.10,4.10,4.00,4.10,1225,246225
20211029,10:55,4.00,4.10,4.00,4.05,1825,246225
20211029,10:56,4.00,4.00,4.00,4.00,1225,246225
20211029,10:57,4.00,4.00,3.85,3.85,19650,246575
20211029,10:58,3.85,3.90,3.75,3.75,24750,246575
20211029,10:59,3.75,3.85,3.70,3.85,2850,243525
20211029,11:00,3.85,3.85,3.80,3.80,1550,243525
20211029,11:01,3.80,3.85,3.80,3.80,8700,243525
20211029,11:02,3.80,3.85,3.70,3.70,14975,232000
20211029,11:03,3.70,3.80,3.70,3.80,3125,232000
20211029,11:04,3.80,3.80,3.75,3.75,1225,232000
20211029,11:05,3.85,3.85,3.80,3.85,3750,225175
20211029,11:06,3.80,3.80,3.80,3.80,125,225175
20211029,11:07,3.85,3.85,3.80,3.85,1000,225175
20211029,11:08,3.85,3.90,3.80,3.80,8000,219375
20211029,11:09,3.85,3.85,3.80,3.85,4125,219375
20211029,11:10,3.85,3.85,3.85,3.85,350,219375
20211029,11:11,3.85,3.85,3.85,3.85,1750,218650
20211029,11:12,3.80,3.85,3.80,3.80,2650,218650
20211029,11:13,3.85,4.00,3.85,3.95,5675,218650
20211029,11:14,3.90,4.05,3.90,4.05,6450,217500
20211029,11:15,4.00,4.05,3.90,3.90,1975,217500
20211029,11:16,3.85,3.95,3.85,3.95,600,217500
20211029,11:17,3.95,3.95,3.90,3.90,4775,219400
20211029,11:18,3.90,3.90,3.90,3.90,1650,219400
20211029,11:19,3.95,3.95,3.90,3.95,1725,219400
20211029,11:20,3.95,4.05,3.95,4.00,1725,220250
20211029,11:21,3.95,3.95,3.90,3.95,1700,220250
20211029,11:22,3.95,3.95,3.90,3.95,675,220250
20211029,11:23,3.90,3.90,3.90,3.90,1025,220250
20211029,11:24,4.00,4.00,3.95,3.95,1825,220250
20211029,11:25,3.95,4.00,3.95,3.95,625,220250
20211029,11:26,3.90,3.95,3.90,3.95,1075,220250
20211029,11:27,3.90,3.95,3.90,3.95,275,220150
20211029,11:28,3.95,3.95,3.90,3.95,5975,220150
20211029,11:29,3.95,3.95,3.90,3.95,4450,221425
20211029,11:30,3.95,3.95,3.90,3.95,1275,221425
20211029,11:31,3.95,3.95,3.90,3.95,475,221425
20211029,11:32,3.90,3.95,3.90,3.95,175,221425
20211029,11:33,3.90,3.95,3.90,3.95,1700,222650
20211029,11:34,3.90,3.95,3.90,3.90,3050,222650
20211029,11:35,3.90,3.95,3.90,3.95,250,222650
20211029,11:36,3.85,3.95,3.85,3.95,1225,221975
20211029,11:37,3.90,3.95,3.90,3.95,475,221975
20211029,11:38,3.95,3.95,3.95,3.95,125,221975
20211029,11:39,3.95,3.95,3.90,3.90,550,222750
20211029,11:40,3.85,3.90,3.85,3.90,1300,222750
20211029,11:41,3.90,3.90,3.85,3.85,1150,222750
20211029,11:42,3.85,3.85,3.85,3.85,2825,223125
20211029,11:43,3.90,3.90,3.90,3.90,1025,223125
20211029,11:44,3.85,3.85,3.85,3.85,50,223125
20211029,11:45,3.90,3.90,3.85,3.85,100,223150
20211029,11:46,3.90,3.90,3.85,3.85,150,223150
20211029,11:47,3.90,3.90,3.85,3.85,550,223150
20211029,11:48,3.85,3.90,3.85,3.90,200,222875
20211029,11:49,3.85,3.90,3.85,3.85,750,222875
20211029,11:50,3.90,3.90,3.85,3.85,250,223200
20211029,11:51,3.85,3.90,3.85,3.85,275,223200
20211029,11:52,3.90,3.90,3.85,3.90,475,223200
20211029,11:53,3.85,3.95,3.85,3.95,550,223200
20211029,11:54,3.95,3.95,3.95,3.95,50,223200
20211029,11:55,3.95,3.95,3.95,3.95,25,223200
20211029,11:56,3.90,3.95,3.90,3.95,1200,223200
20211029,11:57,3.95,3.95,3.90,3.90,1275,222450
20211029,11:58,3.95,3.95,3.90,3.90,1750,222450
20211029,11:59,3.95,4.00,3.90,3.95,3950,220350
20211029,12:00,3.95,4.00,3.70,3.90,23825,220350
20211029,12:01,3.95,3.95,3.85,3.90,3950,220350
20211029,12:02,3.90,3.90,3.85,3.90,2025,220350
20211029,12:03,3.90,3.95,3.90,3.95,2150,215675
20211029,12:04,3.95,3.95,3.90,3.90,450,215675
20211029,12:05,3.90,3.95,3.90,3.95,1275,215675
20211029,12:06,3.95,3.95,3.95,3.95,75,214800
20211029,12:07,3.90,3.95,3.90,3.95,125,214800
20211029,12:09,3.95,3.95,3.95,3.95,875,214650
20211029,12:10,3.95,3.95,3.95,3.95,200,214650
20211029,12:11,3.95,3.95,3.95,3.95,625,213525
20211029,12:12,3.95,3.95,3.90,3.95,1075,213525
20211029,12:13,3.90,3.90,3.90,3.90,25,213525
20211029,12:14,3.90,3.90,3.90,3.90,475,213525
20211029,12:15,3.95,3.95,3.90,3.90,575,213350
20211029,12:16,3.95,3.95,3.90,3.95,300,213350
20211029,12:17,3.95,3.95,3.95,3.95,1300,213350
20211029,12:18,4.00,4.00,3.95,3.95,900,213350
20211029,12:19,3.95,4.00,3.95,3.95,450,213350
20211029,12:20,3.95,3.95,3.95,3.95,25,213350
20211029,12:21,3.95,3.95,3.95,3.95,775,213550
20211029,12:22,3.95,4.00,3.95,3.95,2100,213550
20211029,12:23,3.90,3.90,3.90,3.90,25,213550
20211029,12:24,3.95,3.95,3.95,3.95,1025,213600
20211029,12:25,3.90,3.90,3.90,3.90,1200,213600
20211029,12:26,3.95,3.95,3.95,3.95,2400,213600
20211029,12:27,3.95,3.95,3.95,3.95,2700,212550
20211029,12:28,3.95,3.95,3.95,3.95,1800,212550
20211029,12:29,3.90,3.95,3.90,3.95,625,212550
20211029,12:30,3.95,3.95,3.90,3.90,50,213125
20211029,12:31,3.95,3.95,3.90,3.95,1200,213125
20211029,12:32,3.95,4.00,3.95,4.00,850,213125
20211029,12:33,3.95,3.95,3.95,3.95,225,213325
20211029,12:34,3.95,4.00,3.90,3.95,500,213325
20211029,12:35,4.00,4.00,3.95,3.95,325,213325
20211029,12:36,4.00,4.00,3.95,3.95,625,213625
20211029,12:37,3.90,3.90,3.90,3.90,150,213625
20211029,12:38,3.90,3.90,3.90,3.90,100,213625
20211029,12:40,3.95,3.95,3.95,3.95,50,213950
20211029,12:41,3.90,3.95,3.90,3.95,100,213950
20211029,12:42,3.90,3.95,3.90,3.95,675,214000
20211029,12:43,3.90,3.95,3.90,3.95,200,214000
20211029,12:44,3.90,3.90,3.90,3.90,350,214000
20211029,12:45,3.90,3.90,3.90,3.90,1700,214050
20211029,12:46,3.85,3.90,3.85,3.90,1800,214050
20211029,12:47,3.90,3.90,3.90,3.90,225,214050
20211029,12:49,3.95,3.95,3.85,3.90,5225,213850
20211029,12:51,3.95,3.95,3.95,3.95,275,213850
20211029,12:52,3.95,3.95,3.90,3.90,800,213850
20211029,12:53,3.95,3.95,3.90,3.95,2075,213850
20211029,12:54,3.90,3.95,3.90,3.95,1500,212800
20211029,12:55,3.95,3.95,3.95,3.95,250,212800
20211029,12:56,3.95,4.00,3.90,3.95,975,212800
20211029,12:57,4.00,4.00,3.95,4.00,1150,212275
20211029,12:58,3.95,3.95,3.95,3.95,1475,212275
20211029,12:59,3.90,3.95,3.90,3.95,775,212275
20211029,13:00,3.90,3.95,3.90,3.95,350,213800
20211029,13:01,3.90,3.95,3.90,3.95,1575,213800
20211029,13:02,3.95,3.95,3.90,3.90,575,213800
20211029,13:03,3.95,3.95,3.90,3.95,1500,214375
20211029,13:04,3.95,3.95,3.95,3.95,25,214375
20211029,13:05,3.90,3.95,3.90,3.95,75,214375
20211029,13:06,3.90,3.95,3.90,3.90,1000,214425
20211029,13:08,3.90,3.95,3.90,3.90,1425,214425
20211029,13:09,3.90,3.95,3.90,3.95,300,214125
20211029,13:10,3.90,3.90,3.90,3.90,475,214125
20211029,13:11,3.90,3.90,3.90,3.90,100,214125
20211029,13:12,3.90,3.90,3.90,3.90,1125,214425
20211029,13:13,3.90,3.90,3.90,3.90,550,214425
20211029,13:14,3.90,3.90,3.90,3.90,850,214425
20211029,13:15,3.90,3.95,3.90,3.90,4700,216850
20211029,13:16,3.90,3.95,3.90,3.90,500,216850
20211029,13:17,3.90,3.95,3.90,3.95,1000,216850
20211029,13:18,3.95,4.10,3.95,4.10,8825,218650
20211029,13:19,4.10,4.20,4.00,4.15,8175,218650
20211029,13:20,4.20,4.50,4.00,4.30,17825,218650
20211029,13:21,4.30,4.30,4.10,4.15,1575,225975
20211029,13:22,4.05,4.10,4.00,4.00,1050,225975
20211029,13:23,4.10,4.15,4.00,4.00,3650,225975
20211029,13:24,4.00,4.00,3.95,3.95,2250,230075
20211029,13:25,3.95,3.95,3.95,3.95,2875,230075
20211029,13:26,3.95,3.95,3.90,3.90,525,230075
20211029,13:27,3.90,4.00,3.90,4.00,2175,232875
20211029,13:28,3.95,4.00,3.95,4.00,475,232875
20211029,13:29,3.95,4.00,3.95,3.95,1375,232875
20211029,13:30,4.05,4.05,4.00,4.00,750,232875
20211029,13:31,4.10,4.10,4.10,4.10,1550,232875
20211029,13:32,4.00,4.00,4.00,4.00,1275,232875
20211029,13:33,4.00,4.00,4.00,4.00,925,232675
20211029,13:34,4.00,4.00,3.95,3.95,2700,232675
20211029,13:35,3.95,4.00,3.90,3.90,3425,232675
20211029,13:36,3.90,3.90,3.85,3.90,1650,232575
20211029,13:37,3.90,3.90,3.90,3.90,100,232575
20211029,13:38,3.95,3.95,3.90,3.95,200,232575
20211029,13:39,3.95,3.95,3.95,3.95,750,232575
20211029,13:40,3.90,3.95,3.90,3.95,100,231700
20211029,13:42,3.90,3.95,3.90,3.90,325,231650
20211029,13:43,3.95,3.95,3.85,3.90,4550,231650
20211029,13:44,3.90,3.95,3.90,3.90,2650,231650
20211029,13:45,3.85,3.85,3.85,3.85,650,230525
20211029,13:46,3.90,3.90,3.90,3.90,250,230525
20211029,13:47,3.85,3.90,3.85,3.90,200,230525
20211029,13:49,3.90,3.90,3.90,3.90,600,231000
20211029,13:50,3.90,3.90,3.85,3.85,1875,231000
20211029,13:51,3.85,3.90,3.80,3.80,7775,230175
20211029,13:52,3.80,3.80,3.70,3.75,12075,230175
20211029,13:53,3.75,3.85,3.75,3.80,4600,230175
20211029,13:54,3.80,3.80,3.80,3.80,50,228250
20211029,13:55,3.80,3.85,3.80,3.85,75,228250
20211029,13:56,3.85,3.85,3.80,3.80,1150,228250
20211029,13:57,3.85,3.85,3.85,3.85,1525,229175
20211029,13:58,3.85,3.85,3.80,3.80,475,229175
20211029,13:59,3.85,3.85,3.80,3.80,150,229175
20211029,14:00,3.85,3.85,3.85,3.85,1200,227700
20211029,14:01,3.85,3.85,3.85,3.85,2200,227700
20211029,14:02,3.85,3.85,3.85,3.85,25,227700
20211029,14:03,3.85,3.85,3.85,3.85,150,227700
20211029,14:04,3.85,3.85,3.80,3.80,50,226475
20211029,14:05,3.85,3.95,3.85,3.90,7875,226475
20211029,14:06,3.90,3.95,3.90,3.90,575,221450
20211029,14:07,3.90,3.90,3.85,3.85,875,221450
20211029,14:08,3.80,3.85,3.80,3.85,8150,221450
20211029,14:09,3.85,3.90,3.85,3.85,325,221450
20211029,14:10,3.90,3.90,3.90,3.90,3325,226150
20211029,14:11,3.90,3.90,3.85,3.90,3625,226150
20211029,14:12,3.90,3.90,3.80,3.90,4975,223150
20211029,14:13,3.90,3.90,3.80,3.85,9600,223150
20211029,14:14,3.90,3.90,3.90,3.90,3225,223150
20211029,14:15,3.85,3.90,3.85,3.90,1700,217875
20211029,14:16,3.90,3.90,3.85,3.85,3550,217875
20211029,14:17,3.90,4.20,3.85,4.00,16800,217875
20211029,14:18,4.00,4.05,3.95,4.00,5625,217125
20211029,14:19,4.05,4.15,4.00,4.10,4500,217125
20211029,14:20,4.10,4.15,4.00,4.10,5000,217125
20211029,14:21,4.10,4.10,3.85,3.95,12000,212925
20211029,14:22,3.90,3.90,3.85,3.85,7400,212925
20211029,14:23,3.90,3.90,3.85,3.85,1225,212925
20211029,14:24,3.90,3.90,3.85,3.85,1025,209925
20211029,14:25,3.85,3.90,3.85,3.85,3050,209925
20211029,14:26,3.85,3.85,3.85,3.85,175,209925
20211029,14:27,3.80,3.85,3.80,3.85,1100,209850
20211029,14:28,3.85,3.85,3.80,3.85,1325,209850
20211029,14:29,3.85,3.85,3.75,3.75,6775,209850
20211029,14:30,3.80,3.80,3.75,3.75,125,210300
20211029,14:31,3.80,3.80,3.70,3.75,3200,210300
20211029,14:32,3.75,3.75,3.70,3.70,1575,210300
20211029,14:33,3.70,3.70,3.55,3.60,9575,212650
20211029,14:34,3.60,3.65,3.60,3.60,1450,212650
20211029,14:35,3.65,3.70,3.60,3.70,1325,212650
20211029,14:36,3.70,3.70,3.65,3.65,5150,212025
20211029,14:37,3.65,3.70,3.65,3.65,2275,212025
20211029,14:38,3.70,3.70,3.65,3.70,3575,212025
20211029,14:39,3.70,3.70,3.65,3.70,625,210325
20211029,14:40,3.65,3.70,3.65,3.65,5175,210325
20211029,14:41,3.65,3.70,3.60,3.60,7250,210325
20211029,14:42,3.60,3.65,3.60,3.65,2400,213300
20211029,14:43,3.60,3.65,3.60,3.65,3000,213300
20211029,14:44,3.65,3.65,3.60,3.60,5525,213300
20211029,14:45,3.60,3.70,3.60,3.65,1725,213700
20211029,14:46,3.60,3.60,3.60,3.60,525,213700
20211029,14:47,3.65,3.65,3.60,3.60,1200,213700
20211029,14:48,3.65,3.65,3.60,3.60,1550,213650
20211029,14:49,3.65,3.65,3.55,3.55,7925,213650
20211029,14:50,3.60,3.65,3.60,3.60,5900,213650
20211029,14:51,3.60,3.65,3.55,3.60,10125,212500
20211029,14:52,3.55,3.60,3.55,3.60,1175,212500
20211029,14:54,3.55,3.60,3.55,3.60,650,212425
20211029,14:55,3.60,3.60,3.55,3.55,1150,212425
20211029,14:56,3.60,3.60,3.60,3.60,1700,212425
20211029,14:57,3.65,3.65,3.60,3.60,1550,212875
20211029,14:58,3.60,3.65,3.60,3.60,6350,212875
20211029,14:59,3.55,3.60,3.55,3.55,2925,212875
20211029,15:00,3.55,3.60,3.55,3.60,5275,211925
20211029,15:01,3.55,3.60,3.55,3.60,2475,211925
20211029,15:02,3.55,3.55,3.55,3.55,375,211925
20211029,15:03,3.60,3.60,3.60,3.60,3575,211925
20211029,15:04,3.60,3.60,3.55,3.55,2050,210325
20211029,15:05,3.60,3.60,3.55,3.55,1575,210325
20211029,15:06,3.60,3.65,3.55,3.65,3525,210325
20211029,15:07,3.65,3.65,3.65,3.65,1475,210000
20211029,15:08,3.65,3.65,3.65,3.65,475,210000
20211029,15:09,3.60,3.65,3.60,3.60,1625,209975
20211029,15:10,3.60,3.65,3.60,3.65,4075,209975
20211029,15:11,3.65,3.65,3.60,3.60,1200,209975
20211029,15:12,3.60,3.65,3.60,3.60,3075,209100
20211029,15:13,3.65,3.65,3.60,3.60,8500,209100
20211029,15:14,3.55,3.60,3.55,3.55,11425,209100
20211029,15:15,3.55,3.60,3.55,3.55,1325,213000
20211029,15:16,3.55,3.60,3.50,3.50,7250,213000
20211029,15:17,3.45,3.50,3.40,3.40,11025,213000
20211029,15:18,3.40,3.50,3.40,3.45,4775,217775
20211029,15:19,3.45,3.50,3.45,3.50,109725,217775
20211029,15:20,3.45,3.50,3.45,3.50,4075,217775
20211029,15:21,3.55,3.55,3.50,3.50,1050,319550
20211029,15:22,3.50,3.55,3.45,3.55,7225,319550
20211029,15:23,3.55,3.60,3.50,3.60,1750,319550
20211029,15:24,3.50,3.50,3.50,3.50,575,319550
20211029,15:25,3.55,3.55,3.40,3.40,18325,319550
20211029,15:26,3.40,3.45,3.25,3.40,47525,319550
20211029,15:27,3.40,3.40,3.35,3.35,2800,339775
20211029,15:28,3.35,3.45,3.35,3.45,7000,339775
20211029,15:29,3.30,3.50,3.30,3.40,6875,339775
20211101,09:15,3.40,3.65,3.40,3.55,6051,339650
20211101,09:16,3.55,3.60,3.50,3.60,6050,339650
20211101,09:17,3.60,3.60,3.40,3.55,6425,339700
20211101,09:18,3.50,3.55,3.40,3.45,3000,339700
20211101,09:19,3.45,3.45,3.10,3.25,3750,339700
20211101,09:20,3.25,3.40,3.15,3.40,5125,340025
20211101,09:21,3.40,3.45,3.35,3.35,2525,340025
20211101,09:22,3.35,3.40,3.30,3.40,5100,340025
20211101,09:23,3.35,3.40,3.30,3.40,2750,332550
20211101,09:24,3.35,3.40,3.35,3.40,925,332550
20211101,09:25,3.40,3.40,3.35,3.40,1575,332550
20211101,09:26,3.40,3.40,3.35,3.40,7325,329450
20211101,09:27,3.45,3.70,3.45,3.65,29025,329450
20211101,09:28,3.65,3.80,3.65,3.70,23900,329450
20211101,09:29,3.70,3.70,3.60,3.60,2225,287625
20211101,09:30,3.50,3.50,3.45,3.50,1000,287625
20211101,09:31,3.50,3.60,3.50,3.60,1550,287625
20211101,09:32,3.60,3.60,3.60,3.60,1050,286825
20211101,09:33,3.60,3.60,3.10,3.20,11700,286825
20211101,09:34,3.20,3.20,3.10,3.10,8100,286825
20211101,09:35,3.15,3.15,3.10,3.15,6650,301625
20211101,09:36,3.15,3.20,3.10,3.15,3125,301625
20211101,09:37,3.15,3.15,3.10,3.15,6075,301625
20211101,09:38,3.15,3.20,3.10,3.10,1850,303100
20211101,09:39,3.15,3.15,3.05,3.05,8825,303100
20211101,09:40,3.05,3.10,3.05,3.05,1450,303100
20211101,09:41,3.10,3.10,3.10,3.10,125,303100
20211101,09:42,3.10,3.10,3.05,3.05,1700,308700
20211101,09:43,3.10,3.10,3.00,3.00,1475,308700
20211101,09:44,3.05,3.05,3.00,3.00,975,309525
20211101,09:45,3.00,3.00,2.90,2.90,6875,309525
20211101,09:46,2.90,2.90,2.85,2.90,9825,309525
20211101,09:47,2.95,2.95,2.90,2.95,1250,317225
20211101,09:48,2.90,2.95,2.90,2.95,1875,317225
20211101,09:49,2.90,2.95,2.90,2.95,4750,317225
20211101,09:50,2.90,2.95,2.90,2.90,2200,319850
20211101,09:51,2.95,2.95,2.90,2.95,3275,319850
20211101,09:52,2.90,2.95,2.90,2.95,700,319850
20211101,09:53,2.95,2.95,2.95,2.95,625,319900
20211101,09:54,2.90,3.00,2.90,2.95,5625,319900
20211101,09:55,2.95,2.95,2.95,2.95,500,319900
20211101,09:56,2.90,2.95,2.90,2.95,575,319900
20211101,09:57,2.90,3.00,2.90,2.95,1475,323475
20211101,09:58,2.95,2.95,2.95,2.95,325,323475
20211101,09:59,2.95,3.00,2.95,3.00,1625,323825
20211101,10:00,3.00,3.00,3.00,3.00,550,323825
20211101,10:01,3.00,3.00,3.00,3.00,500,323825
20211101,10:02,3.00,3.00,2.95,3.00,29375,298675
20211101,10:03,3.05,3.05,3.00,3.00,1525,298675
20211101,10:04,3.00,3.00,3.00,3.00,50,298675
20211101,10:05,2.95,3.00,2.95,2.95,100,299000
20211101,10:06,2.95,3.00,2.95,3.00,525,299000
20211101,10:07,3.00,3.00,2.90,2.90,175,299000
20211101,10:08,3.00,3.00,2.90,3.00,101500,299250
20211101,10:09,3.00,3.00,2.90,2.90,1375,299250
20211101,10:10,2.90,2.90,2.90,2.90,575,299250
20211101,10:11,2.90,2.90,2.90,2.90,5050,198150
20211101,10:12,2.95,2.95,2.85,2.85,725,198150
20211101,10:13,2.95,2.95,2.90,2.90,1175,198150
20211101,10:14,2.90,2.90,2.90,2.90,850,198150
20211101,10:15,2.90,2.90,2.85,2.85,525,197425
20211101,10:16,2.85,2.85,2.85,2.85,3600,197425
20211101,10:17,2.85,2.85,2.85,2.85,550,197425
20211101,10:18,2.85,2.85,2.85,2.85,50,197425
20211101,10:19,2.85,2.85,2.85,2.85,2700,197425
20211101,10:20,2.90,2.90,2.90,2.90,675,197425
20211101,10:21,2.80,2.85,2.80,2.85,300,197450
20211101,10:22,2.80,2.85,2.80,2.80,3000,197450
20211101,10:23,2.80,2.80,2.80,2.80,1450,197350
20211101,10:24,2.80,2.80,2.75,2.80,1100,197350
20211101,10:25,2.75,2.80,2.75,2.75,875,197350
20211101,10:26,2.85,2.85,2.85,2.85,50,197350
20211101,10:27,2.80,2.80,2.80,2.80,150,197350
20211101,10:28,2.80,2.80,2.75,2.75,150,197350
20211101,10:29,2.80,2.85,2.75,2.85,1750,197350
20211101,10:31,2.80,2.80,2.80,2.80,950,197075
20211101,10:32,2.80,2.80,2.75,2.75,425,197075
20211101,10:33,2.80,2.80,2.80,2.80,50,195825
20211101,10:35,2.80,2.80,2.75,2.75,1050,195850
20211101,10:36,2.75,2.80,2.75,2.75,100,195850
20211101,10:37,2.80,2.80,2.75,2.75,2625,195850
20211101,10:38,2.75,2.75,2.75,2.75,150,195850
20211101,10:39,2.75,2.75,2.70,2.70,2550,195800
20211101,10:40,2.70,2.70,2.65,2.65,1400,195800
20211101,10:41,2.65,2.65,2.65,2.65,1600,195375
20211101,10:42,2.65,2.65,2.65,2.65,750,195375
20211101,10:44,2.60,2.60,2.60,2.60,125,195375
20211101,10:45,2.60,2.70,2.60,2.70,4625,195350
20211101,10:46,2.70,2.70,2.60,2.60,350,195350
20211101,10:47,2.60,2.70,2.60,2.70,3250,195375
20211101,10:49,2.65,2.65,2.65,2.65,175,195375
20211101,10:50,2.65,2.65,2.65,2.65,1225,195375
20211101,10:51,2.65,2.65,2.60,2.60,1125,195050
20211101,10:52,2.60,2.70,2.60,2.70,300,195050
20211101,10:53,2.70,2.70,2.60,2.65,400,195375
20211101,10:54,2.65,2.70,2.65,2.70,275,195375
20211101,10:55,2.65,2.65,2.65,2.65,475,195375
20211101,10:56,2.65,2.65,2.65,2.65,200,195375
20211101,10:57,2.65,2.75,2.65,2.75,6100,195025
20211101,10:58,2.75,2.80,2.65,2.80,9875,195025
20211101,10:59,2.75,2.85,2.70,2.80,8800,197925
20211101,11:00,2.75,2.75,2.70,2.70,1275,197925
20211101,11:01,2.75,2.75,2.70,2.70,125,197925
20211101,11:02,2.70,2.70,2.70,2.70,275,198375
20211101,11:03,2.75,2.75,2.70,2.70,650,198375
20211101,11:04,2.70,2.70,2.60,2.60,2625,198375
20211101,11:05,2.60,2.60,2.35,2.45,22625,197175
20211101,11:06,2.55,2.55,2.55,2.55,425,197175
20211101,11:07,2.55,2.60,2.55,2.60,275,197175
20211101,11:08,2.50,2.50,2.50,2.50,50,196650
20211101,11:09,2.50,2.50,2.50,2.50,875,196650
20211101,11:10,2.50,2.50,2.50,2.50,500,196650
20211101,11:11,2.50,2.50,2.50,2.50,1000,196650
20211101,11:12,2.50,2.50,2.50,2.50,150,196925
20211101,11:13,2.50,2.50,2.50,2.50,1250,196925
20211101,11:14,2.50,2.80,2.50,2.55,14525,197950
20211101,11:15,2.65,2.85,2.65,2.85,11625,197950
20211101,11:16,2.80,2.80,2.60,2.75,550,197950
20211101,11:17,2.75,2.80,2.70,2.70,2050,197950
20211101,11:18,2.65,2.75,2.65,2.75,300,198800
20211101,11:19,2.65,2.65,2.65,2.65,150,198800
20211101,11:20,2.75,2.75,2.65,2.70,275,198800
20211101,11:21,2.65,2.80,2.65,2.70,4300,199125
20211101,11:22,2.70,2.70,2.70,2.70,225,199125
20211101,11:23,2.75,2.80,2.70,2.80,7350,199675
20211101,11:24,2.80,2.80,2.75,2.80,5550,199675
20211101,11:25,2.80,2.80,2.70,2.70,2200,199675
20211101,11:26,2.75,2.75,2.65,2.65,5075,200650
20211101,11:27,2.65,2.80,2.65,2.75,3175,200650
20211101,11:28,2.75,2.95,2.75,2.80,11650,200650
20211101,11:29,2.75,2.75,2.75,2.75,1050,202775
20211101,11:30,2.75,2.80,2.75,2.75,1025,202775
20211101,11:31,2.70,2.70,2.70,2.70,125,202775
20211101,11:32,2.75,2.80,2.75,2.80,1600,202775
20211101,11:33,2.80,2.95,2.70,2.90,8925,200975
20211101,11:34,2.90,2.90,2.85,2.85,1400,200975
20211101,11:35,2.85,2.90,2.75,2.75,3025,200975
20211101,11:36,2.90,3.10,2.90,3.05,15950,201875
20211101,11:37,3.05,3.05,2.80,2.80,1225,201875
20211101,11:38,2.95,3.20,2.95,3.05,11225,212150
20211101,11:39,3.05,3.30,3.00,3.25,11725,212150
20211101,11:40,3.25,3.30,3.00,3.30,3475,212150
20211101,11:41,3.15,3.15,3.15,3.15,500,212150
20211101,11:42,3.15,3.40,3.15,3.30,14975,219650
20211101,11:43,3.30,3.50,3.30,3.30,9725,219650
20211101,11:44,3.30,3.30,3.25,3.25,550,236900
20211101,11:45,3.30,3.35,3.25,3.30,2000,236900
20211101,11:46,3.35,3.35,3.30,3.30,1875,236900
20211101,11:47,3.35,3.45,3.35,3.45,6475,236900
20211101,11:48,3.45,3.50,3.30,3.40,6000,241375
20211101,11:49,3.40,3.45,3.35,3.45,4200,241375
20211101,11:50,3.45,3.65,3.45,3.50,9750,256475
20211101,11:51,3.50,3.50,3.30,3.35,2100,256475
20211101,11:52,3.35,3.40,3.30,3.40,1100,256475
20211101,11:54,3.30,3.30,3.25,3.25,1350,257750
20211101,11:55,3.30,3.30,3.25,3.25,500,257750
20211101,11:56,3.25,3.30,3.25,3.30,1550,257750
20211101,11:57,3.20,3.30,3.20,3.25,450,259875
20211101,11:58,3.25,3.30,3.25,3.25,700,259875
20211101,11:59,3.30,3.35,3.30,3.35,925,259875
20211101,12:00,3.35,3.35,3.35,3.35,575,260625
20211101,12:01,3.35,3.40,3.25,3.25,4400,260625
20211101,12:02,3.25,3.25,3.10,3.10,1700,260625
20211101,12:03,3.10,3.20,3.05,3.15,1775,262450
20211101,12:04,3.15,3.20,3.15,3.20,100,262450
20211101,12:06,3.15,3.15,3.15,3.15,175,262750
20211101,12:07,3.15,3.15,3.15,3.15,25,262750
20211101,12:08,3.15,3.15,2.90,2.90,3275,262750
20211101,12:09,2.95,2.95,2.90,2.95,500,261325
20211101,12:10,3.05,3.05,3.05,3.05,700,261325
20211101,12:12,3.05,3.05,3.00,3.00,250,261650
20211101,12:13,3.00,3.00,3.00,3.00,25,261650
20211101,12:14,3.05,3.05,3.00,3.00,300,261650
20211101,12:15,3.05,3.05,2.95,3.05,1325,262100
20211101,12:16,3.05,3.05,3.05,3.05,1250,262100
20211101,12:17,2.95,3.05,2.95,3.05,1100,262100
20211101,12:18,2.95,2.95,2.90,2.90,225,265050
20211101,12:19,2.85,2.85,2.80,2.80,750,265050
20211101,12:20,2.85,2.85,2.85,2.85,525,265050
20211101,12:21,2.90,2.90,2.90,2.90,25,263875
20211101,12:22,2.90,2.90,2.90,2.90,550,263875
20211101,12:24,2.90,2.90,2.90,2.90,575,263600
20211101,12:25,2.90,3.00,2.90,3.00,550,263600
20211101,12:26,2.95,3.00,2.85,2.85,925,263600
20211101,12:27,2.85,3.00,2.85,2.90,850,263275
20211101,12:30,2.90,2.90,2.90,2.90,25,263250
20211101,12:31,2.90,2.95,2.90,2.95,450,263250
20211101,12:32,2.95,2.95,2.95,2.95,25,263250
20211101,12:33,2.95,2.95,2.95,2.95,100,263675
20211101,12:34,2.95,2.95,2.95,2.95,175,263675
20211101,12:35,2.95,3.00,2.90,2.90,975,263675
20211101,12:36,2.90,2.90,2.90,2.90,375,263800
20211101,12:37,2.95,2.95,2.90,2.95,250,263800
20211101,12:38,2.85,2.85,2.80,2.80,2100,263800
20211101,12:39,2.90,2.90,2.90,2.90,700,263275
20211101,12:40,2.90,3.00,2.80,3.00,1875,263275
20211101,12:41,2.95,2.95,2.80,2.85,925,263275
20211101,12:42,2.90,2.90,2.90,2.90,300,262625
20211101,12:43,2.90,2.90,2.90,2.90,500,262625
20211101,12:45,2.90,2.90,2.90,2.90,25,262475
20211101,12:46,2.90,2.90,2.85,2.85,400,262475
20211101,12:47,2.85,2.85,2.80,2.80,2950,262475
20211101,12:49,2.80,2.80,2.80,2.80,625,262475
20211101,12:50,2.80,2.80,2.80,2.80,650,260325
20211101,12:51,2.80,2.90,2.80,2.90,1250,259950
20211101,12:53,2.90,2.90,2.90,2.90,25,259950
20211101,12:54,2.90,2.90,2.90,2.90,50,260000
20211101,12:55,2.95,3.00,2.95,3.00,650,260000
20211101,12:56,2.95,2.95,2.95,2.95,25,260000
20211101,12:57,2.90,2.90,2.90,2.90,500,260000
20211101,12:58,2.90,2.95,2.90,2.95,475,260675
20211101,12:59,2.90,2.90,2.90,2.90,150,260675
20211101,13:02,2.85,2.90,2.80,2.80,875,260475
20211101,13:04,2.90,2.90,2.85,2.85,825,260300
20211101,13:05,2.90,2.90,2.90,2.90,25,260300
20211101,13:06,2.85,2.85,2.85,2.85,75,260300
20211101,13:07,2.85,2.85,2.85,2.85,125,259875
20211101,13:09,2.85,2.90,2.80,2.90,775,259875
20211101,13:10,2.80,2.80,2.80,2.80,300,260150
20211101,13:11,2.90,2.90,2.90,2.90,175,260150
20211101,13:14,2.90,2.90,2.90,2.90,150,260275
20211101,13:15,2.90,2.90,2.85,2.85,725,260275
20211101,13:16,2.85,2.90,2.85,2.90,800,260225
20211101,13:17,2.90,2.90,2.90,2.90,875,260225
20211101,13:18,2.95,2.95,2.90,2.95,1525,260700
20211101,13:19,2.95,2.95,2.95,2.95,275,260700
20211101,13:20,3.00,3.00,2.95,2.95,2900,260700
20211101,13:21,3.00,3.05,3.00,3.00,2100,262800
20211101,13:22,3.00,3.00,3.00,3.00,150,262800
20211101,13:23,3.00,3.00,3.00,3.00,375,262800
20211101,13:24,3.00,3.05,2.95,3.05,2250,263700
20211101,13:25,3.05,3.15,3.05,3.10,3575,263700
20211101,13:26,3.10,3.10,3.10,3.10,25,263700
20211101,13:27,3.10,3.10,3.05,3.10,100,267850
20211101,13:28,3.10,3.10,3.05,3.05,1000,267850
20211101,13:29,3.10,3.10,3.10,3.10,50,267850
20211101,13:30,3.05,3.05,3.00,3.00,300,268050
20211101,13:31,3.00,3.10,3.00,3.05,2475,268050
20211101,13:32,3.05,3.10,2.95,2.95,4450,268050
20211101,13:33,2.95,2.95,2.90,2.90,1450,271875
20211101,13:34,2.90,2.90,2.85,2.90,1925,271875
20211101,13:35,2.90,2.95,2.85,2.95,2600,271875
20211101,13:36,2.85,2.85,2.75,2.85,6175,268750
20211101,13:37,2.80,2.85,2.75,2.75,1425,268750
20211101,13:38,2.85,2.85,2.85,2.85,500,268750
20211101,13:39,2.80,2.85,2.80,2.85,1025,268250
20211101,13:40,2.85,2.85,2.85,2.85,25,268250
20211101,13:41,2.85,2.85,2.85,2.85,75,268250
20211101,13:42,2.85,2.90,2.85,2.90,1750,268350
20211101,13:43,2.90,2.90,2.90,2.90,50,268350
20211101,13:45,2.85,2.90,2.85,2.90,600,268375
20211101,13:46,2.85,2.95,2.85,2.90,1075,268375
20211101,13:48,2.90,2.95,2.90,2.90,1300,268125
20211101,13:49,2.95,2.95,2.90,2.90,475,268125
20211101,13:50,2.90,2.90,2.90,2.90,100,268125
20211101,13:51,2.95,2.95,2.95,2.95,2200,267925
20211101,13:52,2.95,2.95,2.95,2.95,500,267925
20211101,13:53,2.95,2.95,2.90,2.90,125,267925
20211101,13:55,2.90,2.90,2.80,2.80,3175,269950
20211101,13:56,2.85,2.85,2.85,2.85,400,269950
20211101,13:57,2.85,2.90,2.85,2.90,925,269950
20211101,13:58,2.90,2.90,2.85,2.85,2000,269950
20211101,13:59,2.90,2.90,2.90,2.90,25,269950
20211101,14:00,2.90,2.90,2.85,2.85,850,269725
20211101,14:03,2.90,2.90,2.90,2.90,525,269725
20211101,14:04,2.85,2.85,2.85,2.85,300,269975
20211101,14:05,2.85,2.90,2.85,2.85,2575,269975
20211101,14:06,2.90,2.90,2.85,2.85,1000,269450
20211101,14:08,2.90,2.90,2.90,2.90,600,269450
20211101,14:09,2.90,2.90,2.90,2.90,200,269450
20211101,14:10,3.00,3.00,2.85,2.85,950,269775
20211101,14:11,2.85,2.95,2.85,2.90,675,269775
20211101,14:12,3.00,3.00,3.00,3.00,1400,269650
20211101,14:13,2.90,2.90,2.90,2.90,975,269650
20211101,14:14,2.95,2.95,2.85,2.85,1100,269650
20211101,14:15,2.85,2.85,2.85,2.85,425,269650
20211101,14:16,2.90,2.90,2.90,2.90,100,267750
20211101,14:17,2.90,2.95,2.90,2.90,1600,267750
20211101,14:18,2.90,3.00,2.85,2.85,550,267875
20211101,14:19,2.90,2.90,2.90,2.90,50,267875
20211101,14:21,2.85,2.95,2.80,2.80,625,267700
20211101,14:22,2.90,2.90,2.85,2.85,150,267700
20211101,14:23,2.85,2.90,2.85,2.90,200,267700
20211101,14:24,2.85,2.85,2.85,2.85,75,267700
20211101,14:25,2.90,2.90,2.85,2.85,350,267900
20211101,14:26,2.90,2.90,2.85,2.85,250,267900
20211101,14:27,2.90,2.90,2.85,2.85,650,267800
20211101,14:29,2.95,2.95,2.95,2.95,450,267800
20211101,14:30,2.95,2.95,2.95,2.95,75,267725
20211101,14:31,2.95,2.95,2.95,2.95,125,267725
20211101,14:32,2.90,2.95,2.90,2.90,2150,267725
20211101,14:33,2.80,2.90,2.80,2.90,525,267725
20211101,14:34,2.90,2.90,2.90,2.90,325,268250
20211101,14:35,2.90,2.90,2.90,2.90,75,268250
20211101,14:36,2.90,2.90,2.85,2.85,550,268250
20211101,14:37,2.85,2.85,2.80,2.80,675,268100
20211101,14:38,2.80,2.90,2.80,2.90,100,268100
20211101,14:39,2.90,2.90,2.90,2.90,50,268100
20211101,14:40,2.95,2.95,2.80,2.80,1850,268050
20211101,14:41,2.80,2.80,2.80,2.80,950,268050
20211101,14:43,2.90,2.90,2.90,2.90,50,269200
20211101,14:44,2.95,2.95,2.90,2.90,325,269200
20211101,14:45,2.80,2.80,2.80,2.80,25,269200
20211101,14:47,2.85,2.85,2.80,2.80,325,268875
20211101,14:48,2.80,2.95,2.80,2.80,625,268875
20211101,14:50,2.90,2.90,2.90,2.90,1000,268350
20211101,14:51,2.85,2.85,2.80,2.80,200,268350
20211101,14:52,2.80,2.80,2.75,2.75,2650,267125
20211101,14:53,2.80,2.80,2.75,2.75,2375,267125
20211101,14:54,2.80,2.85,2.75,2.75,1125,267125
20211101,14:55,2.75,2.75,2.70,2.70,475,264300
20211101,14:56,2.70,2.70,2.70,2.70,2350,264300
20211101,14:57,2.70,2.75,2.65,2.75,1650,264300
20211101,14:58,2.75,2.75,2.70,2.70,1100,263500
20211101,14:59,2.70,2.70,2.70,2.70,300,263500
20211101,15:00,2.70,2.80,2.70,2.80,1200,262750
20211101,15:01,2.80,3.05,2.80,2.95,3850,262750
20211101,15:02,2.90,2.95,2.75,2.75,2175,262750
20211101,15:03,2.75,2.75,2.75,2.75,525,264275
20211101,15:04,2.75,2.75,2.75,2.75,225,264275
20211101,15:05,2.80,2.80,2.80,2.80,150,264275
20211101,15:06,2.75,2.80,2.75,2.80,200,264000
20211101,15:07,2.80,2.80,2.75,2.80,2125,264000
20211101,15:09,2.80,2.80,2.75,2.75,100,264450
20211101,15:10,2.75,2.75,2.20,2.35,87275,264450
20211101,15:11,2.30,2.40,2.30,2.40,1525,264450
20211101,15:12,2.35,2.35,2.00,2.05,79150,210100
20211101,15:13,2.05,2.20,2.05,2.20,3625,210100
20211101,15:14,2.20,2.30,2.15,2.30,7475,210100
20211101,15:15,2.20,2.25,2.20,2.25,2300,203000
20211101,15:16,2.20,2.25,2.20,2.25,2075,203000
20211101,15:17,2.25,2.25,2.20,2.25,2100,203000
20211101,15:18,2.25,2.25,2.25,2.25,125,203000
20211101,15:19,2.20,2.25,2.15,2.20,2525,201250
20211101,15:20,2.20,2.25,2.20,2.20,5225,201250
20211101,15:21,2.15,2.25,2.15,2.20,1700,201250
20211101,15:22,2.25,2.25,2.15,2.20,4375,198700
20211101,15:23,2.20,2.25,2.20,2.25,2500,198700
20211101,15:24,2.25,2.30,2.20,2.30,5075,191000
20211101,15:25,2.30,2.30,2.20,2.20,6750,191000
20211101,15:26,2.20,2.20,2.15,2.20,11000,191000
20211101,15:27,2.20,2.25,2.20,2.25,2200,191000
20211101,15:28,2.20,2.25,2.20,2.20,375,188475
20211101,15:29,2.25,2.30,2.20,2.25,7575,188475
20211102,09:15,2.30,2.30,1.70,2.10,4526,186625
20211102,09:16,2.10,2.15,2.10,2.15,4300,186625
20211102,09:17,2.15,2.15,2.05,2.05,1475,186600
20211102,09:18,2.10,2.10,1.90,1.90,5300,186600
20211102,09:19,1.90,1.95,1.90,1.90,700,186600
20211102,09:20,1.90,1.90,1.85,1.90,1050,185950
20211102,09:21,1.90,1.90,1.85,1.90,625,185950
20211102,09:22,1.90,1.90,1.80,1.80,2175,185950
20211102,09:23,1.80,1.80,1.70,1.70,7200,183775
20211102,09:24,1.70,1.70,1.65,1.65,2275,183775
20211102,09:25,1.65,1.75,1.65,1.75,2600,183775
20211102,09:26,1.75,1.75,1.70,1.70,1825,184400
20211102,09:27,1.80,1.80,1.70,1.70,1725,184400
20211102,09:28,1.80,1.80,1.75,1.75,200,184400
20211102,09:29,1.70,1.80,1.70,1.80,725,185375
20211102,09:30,1.70,1.80,1.70,1.75,625,185375
20211102,09:31,1.75,1.75,1.75,1.75,975,185375
20211102,09:32,1.70,1.75,1.70,1.75,1850,185050
20211102,09:33,1.70,1.70,1.65,1.65,75,185050
20211102,09:34,1.65,1.70,1.65,1.70,2050,185050
20211102,09:35,1.70,1.70,1.65,1.65,1275,184325
20211102,09:36,1.70,1.70,1.70,1.70,1075,184325
20211102,09:37,1.70,1.70,1.65,1.70,2125,184325
20211102,09:38,1.70,1.70,1.65,1.65,900,183500
20211102,09:39,1.65,1.70,1.65,1.65,450,183500
20211102,09:40,1.65,1.70,1.65,1.70,1075,183500
20211102,09:41,1.65,1.70,1.65,1.70,425,183475
20211102,09:42,1.70,1.70,1.65,1.65,2050,183475
20211102,09:43,1.65,1.65,1.65,1.65,1900,183475
20211102,09:44,1.65,1.65,1.65,1.65,200,185950
20211102,09:45,1.65,1.70,1.65,1.70,1175,185950
20211102,09:46,1.70,1.70,1.70,1.70,1450,185950
20211102,09:47,1.70,1.70,1.70,1.70,1425,186025
20211102,09:49,1.70,1.70,1.70,1.70,375,186025
20211102,09:50,1.70,1.70,1.65,1.65,3325,185925
20211102,09:51,1.65,1.70,1.60,1.60,6650,185925
20211102,09:52,1.60,1.65,1.60,1.65,3250,185925
20211102,09:53,1.60,1.65,1.55,1.65,3200,191050
20211102,09:54,1.65,1.65,1.60,1.60,925,191050
20211102,09:55,1.60,1.60,1.55,1.60,175,191050
20211102,09:56,1.60,1.60,1.60,1.60,3650,193475
20211102,09:57,1.55,1.55,1.55,1.55,25,193475
20211102,09:58,1.55,1.55,1.55,1.55,25,193475
20211102,09:59,1.60,1.60,1.60,1.60,1100,194475
20211102,10:00,1.60,1.60,1.55,1.55,1075,194475
20211102,10:01,1.55,1.55,1.55,1.55,1650,194475
20211102,10:02,1.60,1.60,1.60,1.60,25,194475
20211102,10:03,1.60,1.60,1.55,1.55,2350,194475
20211102,10:04,1.55,1.55,1.55,1.55,2950,194475
20211102,10:05,1.55,1.55,1.45,1.45,4300,194175
20211102,10:06,1.45,1.45,1.45,1.45,2450,194175
20211102,10:07,1.45,1.50,1.45,1.45,3475,194175
20211102,10:08,1.45,1.45,1.40,1.40,1400,193950
20211102,10:09,1.40,1.45,1.40,1.45,275,193950
20211102,10:10,1.40,1.40,1.40,1.40,2350,193950
20211102,10:11,1.45,1.45,1.45,1.45,125,193950
20211102,10:12,1.45,1.45,1.45,1.45,1200,194625
20211102,10:13,1.45,1.50,1.45,1.50,325,194625
20211102,10:14,1.45,1.45,1.45,1.45,1000,194625
20211102,10:15,1.45,1.50,1.45,1.50,900,196450
20211102,10:16,1.50,1.50,1.50,1.50,4675,196450
20211102,10:17,1.55,1.55,1.55,1.55,375,197900
20211102,10:18,1.55,1.55,1.55,1.55,150,197900
20211102,10:19,1.50,1.55,1.50,1.50,1575,197900
20211102,10:20,1.55,1.55,1.50,1.55,2625,197950
20211102,10:21,1.55,1.60,1.50,1.55,1900,197950
20211102,10:22,1.55,1.60,1.55,1.60,950,197950
20211102,10:23,1.60,1.60,1.55,1.60,350,197900
20211102,10:24,1.60,1.60,1.55,1.55,650,197900
20211102,10:25,1.55,1.55,1.55,1.55,475,197900
20211102,10:26,1.55,1.55,1.55,1.55,100,197900
20211102,10:27,1.50,1.50,1.50,1.50,25,197250
20211102,10:28,1.50,1.55,1.50,1.50,150,197250
20211102,10:29,1.55,1.55,1.50,1.55,325,197025
20211102,10:30,1.55,1.55,1.55,1.55,25,197025
20211102,10:31,1.55,1.55,1.55,1.55,25,197025
20211102,10:32,1.55,1.60,1.55,1.60,2650,196800
20211102,10:33,1.60,1.60,1.55,1.60,600,196800
20211102,10:34,1.60,1.60,1.55,1.55,125,196800
20211102,10:35,1.55,1.55,1.55,1.55,25,196800
20211102,10:36,1.60,1.60,1.55,1.60,1300,197900
20211102,10:37,1.55,1.60,1.55,1.55,2200,197900
20211102,10:38,1.60,1.60,1.60,1.60,450,197900
20211102,10:39,1.55,1.55,1.50,1.50,2200,197500
20211102,10:40,1.50,1.50,1.50,1.50,25,197500
20211102,10:41,1.55,1.55,1.50,1.50,2975,198250
20211102,10:42,1.55,1.55,1.50,1.55,1600,198250
20211102,10:43,1.55,1.55,1.50,1.50,725,198250
20211102,10:44,1.50,1.55,1.50,1.55,525,198250
20211102,10:45,1.55,1.55,1.55,1.55,150,198875
20211102,10:47,1.50,1.50,1.50,1.50,750,198875
20211102,10:48,1.50,1.50,1.50,1.50,575,198875
20211102,10:49,1.50,1.50,1.50,1.50,50,198875
20211102,10:50,1.45,1.45,1.45,1.45,50,198875
20211102,10:51,1.50,1.50,1.50,1.50,600,198875
20211102,10:52,1.50,1.50,1.45,1.45,225,198825
20211102,10:53,1.45,1.45,1.45,1.45,1525,198825
20211102,10:54,1.50,1.50,1.45,1.45,2575,198625
20211102,10:55,1.50,1.50,1.45,1.50,1550,198625
20211102,10:56,1.50,1.50,1.45,1.50,750,198625
20211102,10:57,1.45,1.50,1.45,1.50,825,199650
20211102,10:58,1.45,1.50,1.45,1.50,275,199650
20211102,10:59,1.50,1.50,1.50,1.50,475,199650
20211102,11:00,1.50,1.50,1.45,1.45,350,199650
20211102,11:01,1.45,1.50,1.45,1.50,900,199650
20211102,11:02,1.45,1.45,1.40,1.45,2450,199650
20211102,11:03,1.45,1.45,1.45,1.45,250,199650
20211102,11:04,1.50,1.50,1.50,1.50,1450,199650
20211102,11:05,1.50,1.50,1.50,1.50,250,199650
20211102,11:06,1.50,1.50,1.45,1.45,2500,199650
20211102,11:07,1.50,1.55,1.50,1.55,400,199650
20211102,11:08,1.55,1.55,1.50,1.50,1875,200000
20211102,11:09,1.45,1.50,1.45,1.45,2075,200000
20211102,11:10,1.45,1.50,1.40,1.50,3300,200000
20211102,11:12,1.50,1.50,1.40,1.40,550,199600
20211102,11:13,1.40,1.40,1.40,1.40,2475,199600
20211102,11:14,1.40,1.40,1.35,1.35,2075,199000
20211102,11:15,1.35,1.40,1.35,1.40,1725,199000
20211102,11:16,1.40,1.40,1.40,1.40,425,199000
20211102,11:17,1.40,1.40,1.40,1.40,500,199000
20211102,11:18,1.40,1.40,1.40,1.40,225,199400
20211102,11:19,1.40,1.40,1.40,1.40,275,199400
20211102,11:21,1.35,1.40,1.35,1.40,1975,199675
20211102,11:22,1.40,1.40,1.40,1.40,150,199675
20211102,11:25,1.45,1.45,1.40,1.40,525,201400
20211102,11:27,1.40,1.40,1.40,1.40,25,201400
20211102,11:29,1.45,1.45,1.40,1.45,1100,201775
20211102,11:30,1.40,1.45,1.40,1.45,1000,201775
20211102,11:31,1.40,1.45,1.35,1.35,1500,201775
20211102,11:32,1.40,1.40,1.40,1.40,500,201775
20211102,11:33,1.40,1.40,1.35,1.35,1275,201375
20211102,11:34,1.40,1.40,1.35,1.35,1200,201375
20211102,11:36,1.35,1.35,1.35,1.35,250,201375
20211102,11:37,1.40,1.40,1.40,1.40,25,201375
20211102,11:39,1.40,1.40,1.40,1.40,525,201350
20211102,11:40,1.40,1.40,1.35,1.35,2700,201350
20211102,11:41,1.40,1.40,1.35,1.40,700,201350
20211102,11:43,1.40,1.40,1.40,1.40,300,201875
20211102,11:44,1.40,1.40,1.40,1.40,25,201875
20211102,11:45,1.40,1.40,1.40,1.40,150,202175
20211102,11:46,1.40,1.40,1.40,1.40,400,202175
20211102,11:47,1.40,1.40,1.35,1.35,1425,202175
20211102,11:48,1.35,1.35,1.35,1.35,1200,202175
20211102,11:49,1.35,1.35,1.35,1.35,1450,202575
20211102,11:50,1.35,1.35,1.35,1.35,1300,202575
20211102,11:54,1.35,1.35,1.35,1.35,350,202575
20211102,11:55,1.40,1.40,1.35,1.35,4775,202575
20211102,11:56,1.35,1.35,1.35,1.35,1000,202575
20211102,11:57,1.30,1.35,1.30,1.35,575,203500
20211102,11:59,1.30,1.30,1.30,1.30,275,203500
20211102,12:00,1.35,1.35,1.25,1.25,3950,203775
20211102,12:01,1.25,1.25,1.25,1.25,750,203775
20211102,12:03,1.25,1.30,1.25,1.30,1250,203000
20211102,12:04,1.30,1.30,1.25,1.30,1625,203000
20211102,12:06,1.30,1.30,1.30,1.30,75,202000
20211102,12:07,1.30,1.30,1.30,1.30,100,202000
20211102,12:08,1.25,1.30,1.25,1.25,1750,202000
20211102,12:09,1.25,1.25,1.25,1.25,800,201300
20211102,12:10,1.25,1.25,1.25,1.25,850,201300
20211102,12:11,1.25,1.25,1.25,1.25,25,201300
20211102,12:12,1.25,1.25,1.25,1.25,125,200425
20211102,12:13,1.25,1.25,1.25,1.25,2675,200425
20211102,12:14,1.25,1.25,1.20,1.20,750,200425
20211102,12:15,1.20,1.20,1.20,1.20,25,200300
20211102,12:16,1.25,1.25,1.25,1.25,1750,200300
20211102,12:17,1.25,1.25,1.25,1.25,1625,200300
20211102,12:18,1.30,1.30,1.30,1.30,50,200300
20211102,12:20,1.25,1.25,1.25,1.25,225,200300
20211102,12:21,1.30,1.30,1.25,1.30,1150,200075
20211102,12:22,1.30,1.30,1.30,1.30,225,200075
20211102,12:23,1.30,1.30,1.25,1.25,275,200075
20211102,12:26,1.30,1.30,1.30,1.30,25,200075
20211102,12:27,1.25,1.25,1.25,1.25,25,200200
20211102,12:28,1.30,1.30,1.25,1.25,3500,200200
20211102,12:29,1.30,1.35,1.30,1.35,1675,200200
20211102,12:30,1.35,1.45,1.35,1.45,3925,200600
20211102,12:31,1.45,1.45,1.35,1.35,1250,200600
20211102,12:32,1.30,1.35,1.30,1.35,1025,200600
20211102,12:33,1.35,1.35,1.30,1.35,950,199375
20211102,12:34,1.30,1.35,1.30,1.35,750,199375
20211102,12:36,1.35,1.35,1.35,1.35,225,199325
20211102,12:38,1.35,1.35,1.35,1.35,375,199325
20211102,12:39,1.35,1.40,1.35,1.40,400,199325
20211102,12:42,1.35,1.35,1.35,1.35,275,199350
20211102,12:43,1.35,1.35,1.35,1.35,1225,199350
20211102,12:44,1.30,1.30,1.30,1.30,25,199350
20211102,12:45,1.40,1.45,1.40,1.45,6550,198850
20211102,12:46,1.45,1.45,1.40,1.40,1450,198850
20211102,12:47,1.40,1.45,1.40,1.40,1050,198850
20211102,12:52,1.30,1.30,1.30,1.30,325,190600
20211102,12:53,1.35,1.35,1.35,1.35,25,190600
20211102,12:56,1.30,1.30,1.30,1.30,50,190600
20211102,12:57,1.30,1.30,1.30,1.30,300,190600
20211102,12:59,1.30,1.30,1.30,1.30,1225,190600
20211102,13:01,1.30,1.30,1.30,1.30,25,190600
20211102,13:02,1.30,1.30,1.30,1.30,1225,190600
20211102,13:03,1.30,1.30,1.25,1.25,2150,190600
20211102,13:05,1.25,1.25,1.25,1.25,50,190600
20211102,13:06,1.30,1.30,1.30,1.30,1300,190400
20211102,13:07,1.25,1.30,1.25,1.30,1200,190400
20211102,13:08,1.30,1.35,1.30,1.35,1825,190400
20211102,13:09,1.35,1.35,1.30,1.30,1450,190400
20211102,13:10,1.35,1.35,1.35,1.35,25,190400
20211102,13:12,1.35,1.35,1.35,1.35,75,190400
20211102,13:13,1.35,1.35,1.35,1.35,1000,190400
20211102,13:14,1.35,1.35,1.35,1.35,275,190400
20211102,13:15,1.35,1.35,1.35,1.35,325,190400
20211102,13:16,1.30,1.30,1.30,1.30,25,190400
20211102,13:17,1.35,1.35,1.35,1.35,1175,190400
20211102,13:18,1.30,1.30,1.25,1.25,275,190400
20211102,13:20,1.35,1.35,1.30,1.35,1325,190300
20211102,13:21,1.25,1.25,1.25,1.25,1000,190300
20211102,13:22,1.30,1.30,1.30,1.30,25,190300
20211102,13:25,1.25,1.30,1.25,1.25,1575,190275
20211102,13:26,1.25,1.25,1.25,1.25,1000,190275
20211102,13:28,1.30,1.30,1.25,1.25,2025,190275
20211102,13:29,1.30,1.30,1.25,1.25,600,190275
20211102,13:30,1.25,1.25,1.25,1.25,50,190275
20211102,13:31,1.25,1.25,1.25,1.25,25,190275
20211102,13:33,1.30,1.30,1.30,1.30,250,190300
20211102,13:34,1.35,1.35,1.35,1.35,675,190300
20211102,13:36,1.25,1.25,1.25,1.25,225,190300
20211102,13:38,1.25,1.25,1.25,1.25,25,190300
20211102,13:39,1.30,1.30,1.25,1.25,50,190150
20211102,13:40,1.25,1.25,1.25,1.25,25,190150
20211102,13:41,1.30,1.30,1.25,1.25,2650,190150
20211102,13:42,1.25,1.25,1.25,1.25,150,190000
20211102,13:43,1.20,1.20,1.20,1.20,325,190000
20211102,13:44,1.25,1.25,1.25,1.25,75,190000
20211102,13:46,1.30,1.30,1.30,1.30,1300,189850
20211102,13:47,1.25,1.25,1.25,1.25,1000,189850
20211102,13:48,1.25,1.25,1.25,1.25,550,189850
20211102,13:50,1.20,1.20,1.20,1.20,50,189850
20211102,13:51,1.20,1.20,1.20,1.20,1200,189850
20211102,13:52,1.20,1.20,1.20,1.20,5525,189850
20211102,13:53,1.15,1.25,1.15,1.25,3375,189850
20211102,13:54,1.25,1.25,1.25,1.25,250,189850
20211102,13:56,1.20,1.25,1.20,1.25,2475,189250
20211102,13:57,1.25,1.25,1.25,1.25,2750,187450
20211102,13:58,1.25,1.35,1.20,1.20,5600,187450
20211102,13:59,1.30,1.30,1.30,1.30,425,187450
20211102,14:00,1.30,1.30,1.30,1.30,925,187325
20211102,14:01,1.30,1.30,1.20,1.20,1050,187325
20211102,14:02,1.20,1.20,1.20,1.20,1625,187325
20211102,14:03,1.20,1.25,1.20,1.20,2275,187400
20211102,14:04,1.20,1.20,1.15,1.15,800,187400
20211102,14:05,1.20,1.20,1.20,1.20,1275,187400
20211102,14:06,1.20,1.25,1.15,1.25,875,186600
20211102,14:07,1.25,1.25,1.25,1.25,150,186600
20211102,14:08,1.20,1.20,1.15,1.15,300,186600
20211102,14:09,1.15,1.15,1.15,1.15,650,186850
20211102,14:10,1.20,1.20,1.20,1.20,1475,186850
20211102,14:11,1.20,1.20,1.15,1.20,850,186850
20211102,14:12,1.20,1.20,1.20,1.20,900,187150
20211102,14:13,1.20,1.25,1.20,1.25,2375,187150
20211102,14:14,1.25,1.30,1.20,1.20,5725,187150
20211102,14:15,1.20,1.20,1.20,1.20,225,187150
20211102,14:17,1.20,1.20,1.20,1.20,300,188075
20211102,14:19,1.25,1.30,1.25,1.30,1400,187750
20211102,14:20,1.20,1.20,1.20,1.20,200,187750
20211102,14:21,1.20,1.30,1.20,1.30,350,187650
20211102,14:22,1.30,1.30,1.20,1.30,1375,187650
20211102,14:26,1.30,1.30,1.20,1.30,275,188125
20211102,14:27,1.30,1.30,1.20,1.20,75,188125
20211102,14:28,1.30,1.30,1.20,1.20,425,188400
20211102,14:29,1.30,1.30,1.30,1.30,150,188400
20211102,14:30,1.25,1.30,1.25,1.30,1775,188925
20211102,14:33,1.20,1.25,1.20,1.25,4375,188925
20211102,14:34,1.20,1.25,1.20,1.20,1775,189000
20211102,14:35,1.15,1.20,1.15,1.15,1475,189000
20211102,14:36,1.20,1.20,1.20,1.20,225,189350
20211102,14:37,1.25,1.25,1.20,1.25,2625,189350
20211102,14:38,1.20,1.25,1.20,1.25,2300,189350
20211102,14:39,1.25,1.25,1.20,1.25,4775,189350
20211102,14:40,1.30,1.30,1.25,1.25,4850,190825
20211102,14:41,1.20,1.20,1.20,1.20,375,190825
20211102,14:42,1.20,1.20,1.20,1.20,875,190825
20211102,14:43,1.15,1.20,1.15,1.20,2000,190850
20211102,14:44,1.20,1.20,1.15,1.15,50,190850
20211102,14:45,1.15,1.20,1.15,1.15,4425,190775
20211102,14:46,1.15,1.15,1.15,1.15,650,190775
20211102,14:47,1.15,1.15,1.15,1.15,550,190775
20211102,14:48,1.15,1.15,1.10,1.10,2050,190775
20211102,14:49,1.10,1.15,1.10,1.15,900,191025
20211102,14:50,1.15,1.20,1.10,1.10,2650,191025
20211102,14:51,1.10,1.10,1.10,1.10,7625,191025
20211102,14:52,1.15,1.15,1.10,1.10,4900,187675
20211102,14:53,1.10,1.15,1.10,1.10,3775,187675
20211102,14:54,1.10,1.10,1.10,1.10,125,184850
20211102,14:55,1.10,1.10,1.10,1.10,2675,184850
20211102,14:56,1.10,1.10,1.05,1.05,3625,184850
20211102,14:57,1.05,1.10,1.00,1.05,8725,183325
20211102,14:58,1.00,1.05,1.00,1.05,4475,183325
20211102,14:59,1.05,1.05,0.90,0.90,9650,183325
20211102,15:00,0.95,1.00,0.90,0.90,650,183325
20211102,15:01,1.00,1.05,1.00,1.05,1000,178025
20211102,15:02,1.05,1.10,1.05,1.05,850,178025
20211102,15:05,1.05,1.05,1.05,1.05,150,177975
20211102,15:06,1.00,1.00,1.00,1.00,1250,177975
20211102,15:07,1.00,1.00,1.00,1.00,1250,176725
20211102,15:08,0.95,0.95,0.90,0.90,1725,176725
20211102,15:09,0.95,0.95,0.90,0.95,1075,176725
20211102,15:10,0.90,0.90,0.90,0.90,150,175275
20211102,15:12,0.95,1.00,0.95,1.00,2900,175275
20211102,15:13,1.00,1.00,0.90,1.00,6450,175175
20211102,15:14,1.05,1.05,1.05,1.05,1225,175175
20211102,15:15,1.05,1.10,1.05,1.10,3750,175175
20211102,15:16,1.05,1.05,1.05,1.05,400,174300
20211102,15:17,1.05,1.05,1.00,1.00,2775,174300
20211102,15:18,1.00,1.00,1.00,1.00,600,174300
20211102,15:19,0.95,0.95,0.95,0.95,1000,174300
20211102,15:20,0.95,0.95,0.90,0.90,7700,172400
20211102,15:21,0.90,0.95,0.90,0.95,825,172400
20211102,15:22,0.90,0.90,0.90,0.90,125,172400
20211102,15:23,0.90,0.90,0.90,0.90,25,172400
20211102,15:24,0.90,0.90,0.90,0.90,300,172400
20211102,15:25,0.90,0.90,0.85,0.85,13000,172000
20211102,15:26,0.85,0.85,0.85,0.85,11350,172000
20211102,15:27,0.85,0.90,0.85,0.90,5800,172000
20211102,15:28,0.90,0.90,0.90,0.90,450,169575
20211102,15:29,0.90,0.90,0.85,0.90,8250,169575
20211103,09:15,1.10,1.25,0.95,1.05,7952,169575
20211103,09:16,1.05,1.10,0.95,1.00,3425,169575
20211103,09:17,1.00,1.10,0.90,1.10,11525,166925
20211103,09:18,1.10,1.25,1.05,1.05,7350,166925
20211103,09:19,1.05,1.20,1.05,1.10,8000,166925
20211103,09:20,1.10,1.10,0.95,0.95,5675,166650
20211103,09:21,0.95,0.95,0.90,0.90,6375,166650
20211103,09:22,0.95,1.00,0.85,0.85,9925,166650
20211103,09:23,0.85,1.05,0.85,0.85,13650,175375
20211103,09:24,1.00,1.05,0.85,1.00,6400,175375
20211103,09:25,1.00,1.10,0.90,1.10,5400,175375
20211103,09:26,0.95,1.15,0.95,1.15,7700,179425
20211103,09:27,1.15,1.20,0.95,1.10,10700,179425
20211103,09:28,1.10,1.25,1.05,1.10,15275,179425
20211103,09:29,1.25,1.30,1.10,1.25,20225,184925
20211103,09:30,1.25,1.25,1.10,1.25,8100,184925
20211103,09:31,1.25,1.30,1.15,1.25,11175,184925
20211103,09:32,1.25,1.30,1.15,1.15,8975,198350
20211103,09:33,1.25,1.30,1.20,1.25,8975,198350
20211103,09:34,1.25,1.40,1.15,1.20,9500,198350
20211103,09:35,1.30,1.40,1.30,1.35,12700,206575
20211103,09:36,1.35,1.35,1.25,1.35,4025,206575
20211103,09:37,1.25,1.35,1.25,1.30,3675,206575
20211103,09:38,1.25,1.30,1.25,1.30,600,211550
20211103,09:39,1.25,1.30,1.15,1.15,5875,211550
20211103,09:40,1.15,1.15,1.05,1.15,5575,211550
20211103,09:41,1.10,1.20,1.10,1.20,450,211550
20211103,09:42,1.15,1.15,1.00,1.05,2325,209675
20211103,09:43,1.05,1.20,1.05,1.20,4250,209675
20211103,09:44,1.10,1.10,1.00,1.10,7975,206600
20211103,09:45,1.00,1.10,1.00,1.10,1175,206600
20211103,09:46,1.10,1.10,1.05,1.05,1875,206600
20211103,09:47,1.10,1.10,1.05,1.10,375,208425
20211103,09:48,1.05,1.10,1.05,1.10,600,208425
20211103,09:49,1.10,1.20,1.10,1.20,4100,208425
20211103,09:50,1.20,1.20,1.05,1.05,2925,208250
20211103,09:51,1.05,1.05,1.05,1.05,25,208250
20211103,09:52,1.05,1.05,1.05,1.05,50,208250
20211103,09:53,1.10,1.15,1.10,1.15,375,208250
20211103,09:54,1.10,1.10,1.05,1.05,1900,208250
20211103,09:55,1.05,1.10,1.05,1.10,1275,208250
20211103,09:56,1.05,1.10,1.00,1.10,2425,207925
20211103,09:57,1.10,1.10,1.00,1.00,12475,207925
20211103,09:58,1.00,1.05,0.95,0.95,1775,207925
20211103,09:59,0.95,1.10,0.75,1.10,17150,206225
20211103,10:00,0.95,0.95,0.85,0.90,1325,206225
20211103,10:01,0.90,0.95,0.75,0.75,7550,206225
20211103,10:02,0.80,0.80,0.45,0.45,66825,198250
20211103,10:03,0.40,0.60,0.35,0.55,9825,198250
20211103,10:04,0.55,0.55,0.55,0.55,1625,198250
20211103,10:05,0.55,0.60,0.55,0.60,2650,198250
20211103,10:06,0.60,0.60,0.60,0.60,1475,184200
20211103,10:07,0.60,0.60,0.60,0.60,350,184200
20211103,10:08,0.60,0.60,0.55,0.60,350,184050
20211103,10:09,0.60,0.60,0.60,0.60,4925,184050
20211103,10:10,0.60,0.65,0.60,0.65,4275,184050
20211103,10:11,0.65,0.75,0.65,0.75,8325,184050
20211103,10:12,0.70,0.70,0.70,0.70,25,170125
20211103,10:13,0.70,0.75,0.65,0.75,6625,170125
20211103,10:14,0.75,0.75,0.70,0.75,7475,159050
20211103,10:15,0.70,0.75,0.65,0.70,2125,159050
20211103,10:16,0.70,0.70,0.70,0.70,25,159050
20211103,10:17,0.70,0.70,0.70,0.70,25,156250
20211103,10:18,0.70,0.70,0.65,0.70,500,156250
20211103,10:20,0.70,0.70,0.70,0.70,1750,156250
20211103,10:21,0.65,0.65,0.65,0.65,1000,156250
20211103,10:22,0.60,0.60,0.60,0.60,25,156250
20211103,10:23,0.65,0.65,0.65,0.65,1825,156225
20211103,10:24,0.65,0.65,0.65,0.65,250,156225
20211103,10:26,0.65,0.65,0.60,0.60,1250,156225
20211103,10:27,0.60,0.60,0.60,0.60,175,155875
20211103,10:31,0.60,0.60,0.60,0.60,750,155875
20211103,10:33,0.60,0.60,0.60,0.60,50,155575
20211103,10:34,0.60,0.60,0.60,0.60,325,155575
20211103,10:35,0.55,0.55,0.55,0.55,1700,155700
20211103,10:36,0.60,0.60,0.60,0.60,800,155700
20211103,10:37,0.55,0.55,0.55,0.55,75,155700
20211103,10:38,0.55,0.55,0.55,0.55,475,155600
20211103,10:39,0.60,0.60,0.60,0.60,200,155600
20211103,10:40,0.60,0.60,0.55,0.60,400,155600
20211103,10:41,0.55,0.60,0.55,0.60,275,155175
20211103,10:42,0.60,0.60,0.60,0.60,1175,155175
20211103,10:43,0.60,0.60,0.60,0.60,1250,155175
20211103,10:44,0.55,0.55,0.55,0.55,125,155175
20211103,10:46,0.55,0.55,0.55,0.55,450,155175
20211103,10:47,0.55,0.55,0.55,0.55,650,152575
20211103,10:50,0.55,0.55,0.55,0.55,75,152575
20211103,10:53,0.55,0.55,0.55,0.55,1200,152625
20211103,10:54,0.50,0.50,0.50,0.50,300,152625
20211103,10:55,0.55,0.60,0.55,0.60,575,152625
20211103,10:56,0.55,0.55,0.55,0.55,100,152625
20211103,10:59,0.60,0.60,0.60,0.60,25,152625
20211103,11:00,0.55,0.55,0.55,0.55,2200,151925
20211103,11:04,0.55,0.55,0.55,0.55,100,151900
20211103,11:05,0.55,0.55,0.55,0.55,1000,151900
20211103,11:07,0.55,0.55,0.55,0.55,225,151925
20211103,11:08,0.50,0.50,0.50,0.50,1375,151925
20211103,11:09,0.55,0.55,0.55,0.55,25,151925
20211103,11:10,0.50,0.50,0.50,0.50,75,151925
20211103,11:11,0.50,0.50,0.50,0.50,1950,151925
20211103,11:12,0.50,0.50,0.50,0.50,500,151850
20211103,11:14,0.55,0.55,0.45,0.45,775,151850
20211103,11:15,0.45,0.45,0.45,0.45,75,152100
20211103,11:16,0.50,0.50,0.50,0.50,375,152100
20211103,11:20,0.50,0.50,0.50,0.50,125,152100
20211103,11:21,0.45,0.45,0.45,0.45,250,152100
20211103,11:23,0.50,0.50,0.50,0.50,175,152100
20211103,11:27,0.50,0.50,0.45,0.45,1550,152100
20211103,11:28,0.45,0.45,0.40,0.40,3075,152100
20211103,11:29,0.40,0.45,0.40,0.45,1350,152100
20211103,11:30,0.45,0.45,0.45,0.45,200,152100
20211103,11:31,0.45,0.45,0.40,0.40,4400,150950
20211103,11:32,0.40,0.40,0.40,0.40,1500,150950
20211103,11:33,0.40,0.40,0.40,0.40,975,150950
20211103,11:34,0.40,0.40,0.40,0.40,700,150950
20211103,11:35,0.40,0.45,0.40,0.40,3650,150950
20211103,11:36,0.40,0.45,0.40,0.45,2300,150900
20211103,11:37,0.45,0.45,0.40,0.40,3400,150900
20211103,11:38,0.40,0.40,0.40,0.40,125,150900
20211103,11:39,0.40,0.40,0.40,0.40,3075,151975
20211103,11:40,0.40,0.40,0.40,0.40,6000,151975
20211103,11:41,0.40,0.40,0.35,0.35,2600,151975
20211103,11:42,0.30,0.30,0.30,0.30,5600,162550
20211103,11:43,0.25,0.25,0.25,0.25,450,162550
20211103,11:45,0.35,0.35,0.30,0.30,275,168550
20211103,11:47,0.30,0.35,0.30,0.30,3375,168550
20211103,11:48,0.35,0.35,0.30,0.35,2250,168475
20211103,11:50,0.40,0.40,0.40,0.40,800,168475
20211103,11:51,0.40,0.40,0.35,0.35,400,167675
20211103,11:52,0.35,0.35,0.35,0.35,25,167675
20211103,11:53,0.35,0.35,0.35,0.35,600,167675
20211103,11:56,0.30,0.35,0.30,0.35,275,167675
20211103,11:57,0.35,0.35,0.30,0.35,1275,167575
20211103,11:59,0.30,0.30,0.30,0.30,100,167575
20211103,12:00,0.35,0.35,0.35,0.35,3275,166325
20211103,12:01,0.30,0.35,0.30,0.35,1150,166325
20211103,12:02,0.35,0.35,0.30,0.30,900,166325
20211103,12:04,0.35,0.40,0.30,0.40,1350,163575
20211103,12:05,0.40,0.40,0.30,0.35,675,163575
20211103,12:06,0.35,0.35,0.35,0.35,25,163400
20211103,12:07,0.35,0.40,0.35,0.40,400,163400
20211103,12:08,0.40,0.40,0.40,0.40,275,163400
20211103,12:09,0.35,0.35,0.35,0.35,275,163400
20211103,12:11,0.40,0.40,0.30,0.40,1075,163400
20211103,12:12,0.30,0.40,0.30,0.35,75,163375
20211103,12:13,0.30,0.35,0.30,0.35,1850,163375
20211103,12:14,0.35,0.35,0.30,0.30,275,163375
20211103,12:15,0.30,0.30,0.30,0.30,575,163400
20211103,12:16,0.30,0.35,0.30,0.35,1275,163400
20211103,12:17,0.35,0.35,0.35,0.35,50,163400
20211103,12:18,0.30,0.35,0.30,0.30,225,163400
20211103,12:19,0.35,0.35,0.30,0.35,2900,163400
20211103,12:20,0.35,0.35,0.30,0.30,2375,163400
20211103,12:21,0.35,0.35,0.30,0.35,5275,161400
20211103,12:22,0.30,0.35,0.30,0.35,1250,161400
20211103,12:23,0.35,0.35,0.30,0.35,675,161400
20211103,12:24,0.30,0.35,0.30,0.35,875,156400
20211103,12:26,0.30,0.30,0.30,0.30,3700,156400
20211103,12:27,0.25,0.25,0.25,0.25,25,155550
20211103,12:28,0.25,0.25,0.25,0.25,225,155550
20211103,12:29,0.25,0.25,0.25,0.25,400,155550
20211103,12:30,0.25,0.30,0.25,0.25,400,155550
20211103,12:31,0.25,0.30,0.25,0.25,3325,155550
20211103,12:32,0.25,0.30,0.25,0.25,225,155550
20211103,12:33,0.25,0.25,0.25,0.25,350,155500
20211103,12:34,0.25,0.30,0.25,0.30,9825,155500
20211103,12:35,0.30,0.30,0.25,0.25,2850,155500
20211103,12:36,0.25,0.35,0.25,0.25,125,155175
20211103,12:37,0.25,0.25,0.25,0.25,725,155175
20211103,12:38,0.25,0.25,0.25,0.25,400,155175
20211103,12:39,0.25,0.30,0.25,0.30,525,155325
20211103,12:40,0.25,0.25,0.25,0.25,175,155325
20211103,12:41,0.30,0.30,0.30,0.30,700,155325
20211103,12:42,0.30,0.30,0.30,0.30,75,155325
20211103,12:43,0.25,0.25,0.25,0.25,400,155325
20211103,12:44,0.30,0.30,0.30,0.30,250,155325
20211103,12:45,0.30,0.30,0.30,0.30,250,155325
20211103,12:46,0.25,0.25,0.25,0.25,50,155325
20211103,12:49,0.30,0.30,0.25,0.25,1925,155325
20211103,12:50,0.30,0.30,0.30,0.30,500,155325
20211103,12:51,0.25,0.25,0.25,0.25,250,155325
20211103,12:52,0.30,0.30,0.30,0.30,175,155325
20211103,12:54,0.30,0.30,0.25,0.25,1175,154150
20211103,12:56,0.30,0.30,0.30,0.30,500,154150
20211103,12:57,0.30,0.30,0.30,0.30,50,154150
20211103,12:58,0.25,0.30,0.25,0.30,375,154150
20211103,12:59,0.30,0.30,0.30,0.30,500,154150
20211103,13:00,0.25,0.25,0.25,0.25,25,154150
20211103,13:01,0.30,0.30,0.30,0.30,250,154150
20211103,13:02,0.25,0.25,0.25,0.25,25,154150
20211103,13:03,0.25,0.30,0.25,0.30,2000,154150
20211103,13:04,0.30,0.30,0.30,0.30,950,154150
20211103,13:05,0.35,0.35,0.35,0.35,25,154150
20211103,13:06,0.30,0.35,0.30,0.35,200,154000
20211103,13:07,0.35,0.35,0.35,0.35,25,154000
20211103,13:08,0.35,0.35,0.35,0.35,225,154000
20211103,13:09,0.25,0.25,0.25,0.25,600,154000
20211103,13:10,0.25,0.25,0.25,0.25,525,153950
20211103,13:11,0.35,0.35,0.30,0.35,100,153950
20211103,13:12,0.35,0.35,0.30,0.35,800,154025
20211103,13:13,0.30,0.45,0.25,0.40,9250,154025
20211103,13:14,0.40,0.40,0.30,0.40,1575,154025
20211103,13:15,0.40,0.40,0.40,0.40,625,153600
20211103,13:16,0.40,0.40,0.40,0.40,2975,153600
20211103,13:17,0.30,0.30,0.30,0.30,2650,153600
20211103,13:18,0.40,0.40,0.40,0.40,1000,153600
20211103,13:19,0.35,0.40,0.35,0.40,1475,153050
20211103,13:20,0.30,0.30,0.30,0.30,200,153050
20211103,13:21,0.40,0.40,0.40,0.40,250,153050
20211103,13:22,0.40,0.40,0.25,0.30,7150,153050
20211103,13:23,0.25,0.30,0.25,0.30,4725,153050
20211103,13:24,0.30,0.35,0.30,0.35,275,153050
20211103,13:25,0.30,0.30,0.30,0.30,25,153000
20211103,13:26,0.30,0.40,0.30,0.40,1675,153000
20211103,13:27,0.40,0.40,0.35,0.35,900,153000
20211103,13:28,0.40,0.45,0.40,0.45,2350,153000
20211103,13:29,0.35,0.35,0.35,0.35,25,153000
20211103,13:30,0.40,0.40,0.30,0.30,1175,151000
20211103,13:31,0.30,0.40,0.30,0.40,500,151000
20211103,13:32,0.35,0.45,0.35,0.40,2325,151000
20211103,13:33,0.35,0.45,0.35,0.40,3025,151000
20211103,13:34,0.45,0.45,0.45,0.45,2000,148900
20211103,13:36,0.45,0.45,0.40,0.40,1650,146900
20211103,13:37,0.40,0.40,0.35,0.35,3925,146900
20211103,13:38,0.40,0.40,0.30,0.30,1975,146900
20211103,13:39,0.35,0.35,0.30,0.35,2700,146900
20211103,13:40,0.30,0.35,0.30,0.35,750,146725
20211103,13:41,0.30,0.35,0.30,0.35,550,146725
20211103,13:43,0.30,0.30,0.25,0.30,3550,145725
20211103,13:44,0.30,0.30,0.25,0.30,2800,145725
20211103,13:45,0.30,1.00,0.30,1.00,42200,146050
20211103,13:46,1.00,1.25,0.50,0.55,4875,146050
20211103,13:47,0.50,0.60,0.45,0.45,375,146050
20211103,13:48,0.45,0.60,0.45,0.50,325,150150
20211103,13:49,0.60,0.75,0.55,0.75,2100,150150
20211103,13:50,0.75,1.20,0.60,0.95,8250,150150
20211103,13:51,1.10,1.20,0.60,0.60,6725,154500
20211103,13:52,0.50,0.80,0.40,0.55,11450,154500
20211103,13:53,0.60,0.60,0.25,0.40,21725,154500
20211103,13:54,0.40,0.40,0.25,0.30,2875,148050
20211103,13:55,0.30,0.35,0.25,0.35,1375,148050
20211103,13:56,0.30,0.35,0.25,0.30,2675,148050
20211103,13:57,0.30,0.30,0.25,0.25,1025,146825
20211103,13:58,0.30,0.30,0.20,0.20,3750,146825
20211103,13:59,0.20,0.50,0.20,0.50,16100,146825
20211103,14:00,0.30,0.45,0.20,0.25,12725,148575
20211103,14:01,0.25,0.35,0.20,0.35,4500,148575
20211103,14:02,0.35,0.55,0.20,0.30,8700,148575
20211103,14:03,0.50,0.60,0.30,0.55,13450,150575
20211103,14:04,0.55,0.80,0.55,0.75,11775,150575
20211103,14:05,0.60,0.70,0.40,0.45,1700,150575
20211103,14:06,0.45,0.75,0.45,0.55,2750,161625
20211103,14:07,0.55,0.75,0.50,0.55,2750,161625
20211103,14:08,0.60,0.60,0.60,0.60,2500,161625
20211103,14:09,0.60,0.60,0.60,0.60,650,161625
20211103,14:10,0.60,0.65,0.55,0.60,3300,164450
20211103,14:11,0.55,0.65,0.45,0.45,6225,164450
20211103,14:12,0.50,0.50,0.50,0.50,425,164450
20211103,14:13,0.55,0.55,0.55,0.55,1450,167025
20211103,14:14,0.60,0.60,0.50,0.60,1425,167025
20211103,14:15,0.55,0.80,0.55,0.75,4125,167025
20211103,14:16,0.75,0.75,0.75,0.75,325,168850
20211103,14:17,0.60,0.75,0.50,0.55,5400,168850
20211103,14:18,0.70,0.85,0.55,0.75,7675,173100
20211103,14:19,0.35,0.65,0.35,0.65,3725,173100
20211103,14:20,0.40,0.80,0.40,0.80,12425,173100
20211103,14:21,0.80,0.95,0.70,0.90,17375,191200
20211103,14:22,0.95,1.00,0.75,0.85,15050,191200
20211103,14:23,0.90,0.95,0.80,0.85,3750,191200
20211103,14:24,0.80,0.90,0.80,0.90,4075,210000
20211103,14:25,0.90,0.95,0.75,0.75,3200,210000
20211103,14:26,0.75,0.90,0.75,0.75,5725,210000
20211103,14:27,0.75,1.10,0.75,0.85,10650,221475
20211103,14:28,0.85,1.10,0.85,1.00,7100,221475
20211103,14:29,0.90,0.95,0.90,0.95,1225,221475
20211103,14:30,0.90,1.00,0.90,0.90,7975,233775
20211103,14:31,0.90,1.10,0.90,0.95,6400,233775
20211103,14:32,0.95,0.95,0.85,0.95,3600,233775
20211103,14:33,0.95,0.95,0.85,0.90,5375,244300
20211103,14:34,0.90,0.90,0.70,0.70,3550,244300
20211103,14:35,0.75,0.95,0.75,0.90,3800,244300
20211103,14:36,0.75,0.85,0.75,0.80,1200,253550
20211103,14:37,0.80,0.90,0.55,0.90,3475,253550
20211103,14:38,0.85,0.85,0.80,0.80,300,253550
20211103,14:39,0.80,0.80,0.80,0.80,400,253550
20211103,14:40,0.70,0.80,0.70,0.80,1000,256350
20211103,14:41,0.55,0.75,0.50,0.50,3675,256350
20211103,14:42,0.70,0.75,0.35,0.60,3850,254475
20211103,14:43,0.60,0.60,0.60,0.60,150,254475
20211103,14:44,0.70,0.75,0.65,0.65,675,254475
20211103,14:45,0.70,0.70,0.70,0.70,2350,253575
20211103,14:46,0.70,0.70,0.70,0.70,650,253575
20211103,14:48,0.65,0.65,0.60,0.65,550,254325
20211103,14:49,0.60,0.60,0.55,0.60,2000,254325
20211103,14:50,0.60,0.60,0.60,0.60,1700,254325
20211103,14:51,0.75,0.80,0.65,0.80,5450,254325
20211103,14:52,0.90,0.95,0.70,0.85,2225,255475
20211103,14:53,0.85,0.85,0.60,0.75,1375,255475
20211103,14:54,0.70,0.75,0.40,0.40,4575,256825
20211103,14:55,0.70,0.70,0.70,0.70,425,256825
20211103,14:56,0.65,0.65,0.60,0.60,225,256825
20211103,14:57,0.70,0.70,0.60,0.60,350,256825
20211103,14:58,0.55,0.55,0.55,0.55,225,256825
20211103,14:59,0.50,0.50,0.50,0.50,1000,255400
20211103,15:00,0.50,0.50,0.35,0.40,2775,254725
20211103,15:01,0.60,0.60,0.50,0.50,225,254725
20211103,15:02,0.55,0.55,0.55,0.55,250,254725
20211103,15:04,0.50,0.55,0.50,0.50,800,253725
20211103,15:05,0.55,0.55,0.50,0.50,850,253725
20211103,15:06,0.45,0.45,0.35,0.35,2150,253725
20211103,15:07,0.35,0.35,0.30,0.35,5225,252300
20211103,15:08,0.35,0.35,0.30,0.30,850,252300
20211103,15:09,0.30,0.30,0.25,0.25,1150,252325
20211103,15:10,0.25,0.35,0.25,0.25,4175,252325
20211103,15:11,0.40,0.55,0.25,0.25,1775,252325
20211103,15:12,0.25,0.50,0.25,0.30,2150,252325
20211103,15:13,0.30,0.40,0.30,0.40,225,252700
20211103,15:14,0.35,0.40,0.20,0.30,2400,252700
20211103,15:15,0.20,0.30,0.20,0.30,1675,251100
20211103,15:16,0.20,0.20,0.20,0.20,1150,251100
20211103,15:17,0.20,0.20,0.20,0.20,25,251100
20211103,15:18,0.20,0.30,0.20,0.25,4175,248450
20211103,15:19,0.25,0.25,0.20,0.20,725,248450
20211103,15:20,0.25,0.25,0.10,0.10,10000,248450
20211103,15:21,0.10,0.20,0.10,0.20,5350,248450
20211103,15:22,0.15,0.20,0.15,0.15,4975,239050
20211103,15:23,0.15,0.20,0.15,0.15,4600,239050
20211103,15:24,0.15,0.15,0.15,0.15,2500,239050
20211103,15:25,0.20,0.20,0.15,0.15,1650,236950
20211103,15:26,0.10,0.25,0.10,0.25,7375,236950
20211103,15:27,0.20,0.30,0.10,0.10,3275,236950
20211103,15:28,0.10,0.25,0.10,0.15,2725,230400
20211103,15:29,0.15,0.20,0.10,0.10,5050,230400
