20211022,12:22,1407.95,1407.95,1407.95,1407.95,26,25
20211022,12:27,1390.05,1390.05,1390.05,1390.05,25,25
20211022,12:42,1390.05,1390.05,1390.05,1390.05,25,25
20211022,13:04,1460.65,1460.65,1460.65,1460.65,25,50
20211022,14:15,1460.65,1460.65,1460.65,1460.65,25,25
20211022,14:29,1346.05,1346.05,1346.05,1346.05,25,50
20211022,14:34,1422.25,1422.25,1422.25,1422.25,25,75
20211022,14:43,1422.15,1422.15,1422.15,1422.15,25,100
20211022,15:20,1383.60,1383.60,1383.60,1383.60,25,125
20211025,09:18,1219.00,1219.40,1219.00,1219.40,77,150
20211025,09:20,1222.00,1222.00,1197.05,1197.05,1000,150
20211025,09:21,1191.05,1191.05,1191.05,1191.05,75,700
20211025,09:22,1158.90,1158.90,1158.90,1158.90,450,700
20211025,09:23,1150.00,1150.00,1150.00,1150.00,125,700
20211025,09:26,1148.45,1148.45,1148.45,1148.45,200,875
20211025,09:27,1149.90,1149.90,1149.90,1149.90,75,875
20211025,09:29,1169.50,1169.50,1169.50,1169.50,125,900
20211025,09:33,1146.15,1146.15,1146.15,1146.15,125,975
20211025,09:34,1146.00,1146.00,1146.00,1146.00,175,900
20211025,09:37,1129.25,1129.25,1129.25,1129.25,25,1000
20211025,09:43,1129.25,1129.25,1129.25,1129.25,25,1025
20211025,09:44,1123.00,1123.00,1123.00,1123.00,175,1025
20211025,09:45,1129.25,1129.25,1129.25,1129.25,25,950
20211025,09:46,1127.05,1127.05,1127.05,1127.05,25,950
20211025,09:47,1133.55,1133.55,1133.55,1133.55,100,925
20211025,09:49,1144.25,1144.25,1144.25,1144.25,25,925
20211025,09:50,1143.65,1143.65,1143.65,1143.65,125,925
20211025,09:51,1143.65,1143.65,1143.65,1143.65,100,825
20211025,09:52,1123.10,1123.10,1123.10,1123.10,75,825
20211025,09:53,1129.05,1129.05,1129.05,1129.05,50,825
20211025,09:54,1123.75,1123.75,1123.75,1123.75,100,700
20211025,09:55,1106.35,1106.35,1106.35,1106.35,175,700
20211025,09:56,1087.85,1087.85,1087.85,1087.85,150,700
20211025,09:57,1087.85,1087.85,1087.85,1087.85,100,575
20211025,10:02,1119.55,1119.55,1119.55,1119.55,25,550
20211025,10:10,1111.85,1111.85,1111.85,1111.85,25,550
20211025,10:22,1033.35,1033.35,1033.35,1033.35,200,525
20211025,10:23,1061.70,1061.70,1061.70,1061.70,75,525
20211025,10:33,1056.20,1056.20,1056.20,1056.20,100,600
20211025,10:35,1037.85,1037.85,1037.85,1037.85,175,600
20211025,10:40,1003.85,1003.85,1003.85,1003.85,50,625
20211025,10:43,1003.85,1003.85,1003.85,1003.85,25,675
20211025,10:44,995.00,995.00,995.00,995.00,50,675
20211025,10:45,987.05,987.05,987.05,987.05,150,650
20211025,10:46,1009.05,1009.05,1007.00,1007.00,50,650
20211025,10:47,993.35,993.35,993.35,993.35,25,650
20211025,10:48,991.05,999.20,991.05,999.20,75,750
20211025,10:49,999.20,999.20,999.20,999.20,25,750
20211025,10:50,997.15,1009.95,997.15,1009.95,75,750
20211025,10:51,1009.95,1009.95,1009.95,1009.95,75,825
20211025,10:52,998.45,1001.55,998.45,1001.55,100,825
20211025,10:53,999.00,1001.75,999.00,1001.75,75,825
20211025,10:54,1001.65,1001.65,1001.65,1001.65,50,950
20211025,10:55,1007.65,1007.65,1007.00,1007.00,75,950
20211025,11:01,1002.30,1002.30,1002.30,1002.30,25,975
20211025,11:02,979.65,980.10,979.65,980.10,150,975
20211025,11:08,1005.60,1005.60,1005.60,1005.60,50,1050
20211025,11:09,985.00,985.00,985.00,985.00,75,1050
20211025,11:10,980.10,994.95,980.10,994.95,50,1050
20211025,11:14,980.10,980.10,980.10,980.10,25,1050
20211025,11:18,978.65,978.65,978.65,978.65,25,1050
20211025,11:19,978.65,978.65,978.65,978.65,25,1025
20211025,11:21,965.00,965.00,965.00,965.00,75,1050
20211025,11:22,960.00,960.00,960.00,960.00,25,1050
20211025,11:23,960.00,960.00,956.45,956.45,75,1050
20211025,11:24,951.75,951.75,941.00,941.00,175,1225
20211025,11:25,940.00,940.00,940.00,940.00,50,1225
20211025,11:26,945.00,947.25,945.00,945.60,75,1225
20211025,11:27,956.00,956.00,956.00,956.00,25,1325
20211025,11:29,950.00,950.00,945.00,945.00,50,1325
20211025,11:30,948.70,948.70,948.70,948.70,50,1325
20211025,11:31,940.00,940.00,940.00,940.00,50,1350
20211025,11:32,950.35,950.35,936.00,936.00,225,1350
20211025,11:33,936.00,948.90,936.00,948.90,100,1600
20211025,11:34,949.00,949.00,940.30,940.30,50,1600
20211025,11:35,955.95,956.00,950.15,956.00,175,1600
20211025,11:36,959.45,959.45,959.45,959.45,25,1800
20211025,11:37,952.00,952.00,952.00,952.00,50,1800
20211025,11:38,950.00,950.00,950.00,950.00,200,1800
20211025,11:39,955.85,955.85,955.85,955.85,100,1800
20211025,11:40,951.40,951.70,951.40,951.70,50,2100
20211025,11:41,943.65,952.25,943.65,948.00,100,2100
20211025,11:44,948.35,948.35,948.35,948.35,50,2175
20211025,11:46,935.65,935.65,935.65,935.65,50,2200
20211025,11:47,933.00,933.00,933.00,933.00,50,2200
20211025,11:48,933.00,933.00,933.00,933.00,125,2200
20211025,11:49,928.00,928.00,928.00,928.00,50,2300
20211025,11:50,925.00,925.00,925.00,925.00,625,2300
20211025,11:51,913.05,913.05,913.05,913.05,100,2950
20211025,11:52,881.45,881.45,881.45,881.45,150,2950
20211025,11:55,881.45,881.45,881.45,881.45,50,3075
20211025,11:56,899.40,899.40,899.40,899.40,100,3075
20211025,11:57,892.00,892.00,892.00,892.00,50,3075
20211025,11:58,892.00,892.00,892.00,892.00,25,3150
20211025,11:59,890.00,890.00,890.00,890.00,75,3150
20211025,12:00,872.95,872.95,872.95,872.95,675,3150
20211025,12:01,815.00,815.00,815.00,815.00,925,3625
20211025,12:02,780.00,803.90,780.00,802.75,275,3625
20211025,12:03,797.30,797.30,797.30,797.30,25,3625
20211025,12:04,809.75,809.75,809.75,809.75,75,4400
20211025,12:06,770.85,770.85,770.85,770.85,650,4400
20211025,12:07,770.85,811.15,770.85,809.35,1425,4300
20211025,12:08,807.45,807.45,798.20,799.50,75,4300
20211025,12:09,788.30,788.30,788.30,788.30,1075,5400
20211025,12:10,815.10,815.10,815.10,815.10,125,5400
20211025,12:12,827.50,827.50,827.50,827.50,450,5400
20211025,12:13,851.95,851.95,851.95,851.95,100,5525
20211025,12:14,829.50,829.50,829.50,829.50,75,5525
20211025,12:15,840.50,840.50,840.50,840.50,100,5525
20211025,12:16,840.75,840.75,840.75,840.75,25,5575
20211025,12:17,832.40,832.40,832.40,832.40,50,5575
20211025,12:18,806.25,806.25,793.35,793.35,75,5575
20211025,12:19,815.00,815.00,815.00,815.00,50,5650
20211025,12:20,801.30,801.30,801.30,801.30,425,5650
20211025,12:22,815.25,815.25,815.25,815.25,100,5825
20211025,12:23,828.70,828.70,828.70,828.70,25,5825
20211025,12:24,840.00,845.70,840.00,842.50,350,5950
20211025,12:25,848.05,848.05,840.00,840.00,125,5950
20211025,12:26,849.95,854.15,849.95,854.15,125,5950
20211025,12:28,832.25,835.00,832.25,835.00,50,6125
20211025,12:29,824.95,833.30,824.95,833.30,50,6125
20211025,12:30,833.35,840.00,833.35,840.00,125,6200
20211025,12:31,835.05,835.05,835.05,835.05,25,6200
20211025,12:32,841.30,841.30,831.05,831.05,150,6200
20211025,12:34,830.00,830.00,817.55,817.55,100,6325
20211025,12:35,818.80,830.35,818.80,830.35,175,6325
20211025,12:36,829.95,829.95,829.95,829.95,50,6325
20211025,12:39,822.65,822.65,822.65,822.65,50,6225
20211025,12:40,839.90,839.90,839.90,839.90,50,6250
20211025,12:41,842.20,842.20,842.20,842.20,150,6250
20211025,12:42,844.60,844.60,844.60,844.60,100,6250
20211025,12:43,825.20,828.70,824.75,824.75,475,6450
20211025,12:48,827.65,827.65,827.65,827.65,50,6825
20211025,12:49,830.30,830.30,830.30,830.30,250,6875
20211025,12:50,823.80,823.80,823.80,823.80,150,6875
20211025,12:51,825.00,825.00,825.00,825.00,25,6875
20211025,12:52,818.35,818.35,818.35,818.35,200,7250
20211025,12:53,830.10,831.25,830.10,831.25,50,7250
20211025,12:55,831.00,831.00,831.00,831.00,25,7375
20211025,12:57,825.00,825.00,825.00,825.00,50,7375
20211025,12:59,828.30,838.00,828.30,838.00,50,7450
20211025,13:01,829.05,829.05,829.05,829.05,25,7450
20211025,13:02,835.00,835.00,835.00,835.00,250,7450
20211025,13:03,822.50,822.50,822.50,822.50,25,7225
20211025,13:05,811.00,811.00,811.00,811.00,150,7225
20211025,13:06,810.35,810.35,810.35,810.35,25,7225
20211025,13:07,799.50,799.50,799.50,799.50,450,7775
20211025,13:08,812.45,812.45,812.45,812.45,25,7775
20211025,13:09,821.10,821.10,821.10,821.10,25,7775
20211025,13:11,810.00,810.00,810.00,810.00,25,7825
20211025,13:12,788.90,788.90,788.90,788.90,375,8050
20211025,13:13,807.20,807.20,807.20,807.20,50,8050
20211025,13:16,810.00,810.00,810.00,810.00,25,8175
20211025,13:17,805.10,805.10,805.10,805.10,25,8175
20211025,13:19,806.25,806.25,806.25,806.25,25,8200
20211025,13:21,802.40,802.40,802.40,802.40,175,8300
20211025,13:22,812.90,812.90,812.90,812.90,100,8300
20211025,13:26,808.80,808.80,808.80,808.80,25,8375
20211025,13:27,806.00,806.00,806.00,806.00,175,8375
20211025,13:29,792.00,792.00,792.00,792.00,100,8375
20211025,13:31,796.85,796.85,796.85,796.85,25,8525
20211025,13:32,809.10,820.00,809.10,820.00,50,8525
20211025,13:33,827.25,835.00,827.25,835.00,725,8525
20211025,13:35,860.00,860.00,860.00,860.00,100,8400
20211025,13:36,793.00,795.70,764.00,795.70,700,8500
20211025,13:37,795.00,805.60,795.00,798.70,300,8500
20211025,13:38,819.95,825.90,819.95,825.90,275,8500
20211025,13:40,830.00,830.00,830.00,830.00,200,8175
20211025,13:42,824.30,824.30,824.30,824.30,50,8175
20211025,13:44,845.15,845.15,845.15,845.15,125,8200
20211025,13:45,860.65,860.65,860.35,860.35,350,7950
20211025,13:46,864.90,875.00,864.90,875.00,50,7950
20211025,13:47,891.30,891.30,891.30,891.30,75,7950
20211025,13:48,874.70,874.70,874.70,874.70,75,7950
20211025,13:49,860.00,860.00,860.00,860.00,75,8050
20211025,13:54,880.00,880.00,880.00,880.00,25,8100
20211025,13:56,865.00,865.00,865.00,865.00,25,8075
20211025,14:00,856.90,856.90,856.90,856.90,50,7925
20211025,14:01,844.25,844.25,844.25,844.25,25,7925
20211025,14:02,870.00,870.00,870.00,870.00,25,7925
20211025,14:07,871.15,871.15,871.15,871.15,25,7925
20211025,14:10,877.75,877.75,877.75,877.75,25,7925
20211025,14:11,882.45,882.45,882.45,882.45,75,7900
20211025,14:12,894.60,899.95,894.60,899.95,525,7900
20211025,14:13,900.90,900.90,900.90,900.90,100,8175
20211025,14:14,920.00,920.00,920.00,920.00,225,8175
20211025,14:16,950.00,950.00,950.00,950.00,325,8175
20211025,14:17,921.35,927.60,921.35,927.60,150,8150
20211025,14:18,949.60,966.00,947.75,966.00,200,8150
20211025,14:19,941.90,941.90,930.00,936.00,325,8125
20211025,14:20,930.00,934.95,922.75,922.75,300,8125
20211025,14:23,932.60,932.60,932.60,932.60,50,8650
20211025,14:24,922.00,925.20,921.70,921.70,100,8600
20211025,14:25,918.20,918.20,918.20,918.20,25,8600
20211025,14:26,896.10,896.10,896.10,896.10,525,8600
20211025,14:27,897.00,897.00,897.00,897.00,725,8600
20211025,14:28,920.95,920.95,920.95,920.95,250,8600
20211025,14:29,934.65,934.65,934.65,934.65,900,9450
20211025,14:30,951.15,951.15,951.15,951.15,75,9450
20211025,14:31,948.75,948.75,948.75,948.75,125,9450
20211025,14:32,957.85,957.85,946.30,946.30,125,9125
20211025,14:34,950.00,950.00,949.65,950.00,1075,9125
20211025,14:35,970.00,970.00,970.00,970.00,350,9125
20211025,14:36,951.30,951.30,951.30,951.30,25,9125
20211025,14:38,948.95,948.95,948.95,948.95,100,8650
20211025,14:39,951.85,951.85,951.85,951.85,25,8650
20211025,14:40,951.85,951.85,951.85,951.85,25,8650
20211025,14:41,925.00,925.00,925.00,925.00,375,9075
20211025,14:44,935.00,935.00,935.00,935.00,100,9075
20211025,14:45,943.90,943.90,943.90,943.90,25,9025
20211025,14:46,932.50,932.50,932.50,932.50,50,9025
20211025,14:47,936.80,936.80,936.80,936.80,25,8275
20211025,14:48,920.00,920.00,920.00,920.00,100,8275
20211025,14:49,935.15,935.15,935.15,935.15,100,8275
20211025,14:50,930.80,930.80,930.80,930.80,75,8275
20211025,14:51,935.75,935.75,927.20,927.20,150,8275
20211025,14:52,935.75,935.75,935.75,935.75,25,8225
20211025,14:53,925.55,925.55,925.55,925.55,25,8225
20211025,14:54,917.95,917.95,917.95,917.95,50,8225
20211025,14:55,912.10,922.55,912.10,922.55,200,8300
20211025,14:56,922.45,922.45,922.45,922.45,25,8300
20211025,14:57,911.45,911.45,911.45,911.45,25,8300
20211025,14:58,907.00,907.00,907.00,907.00,50,8275
20211025,15:02,920.00,920.00,920.00,920.00,50,8200
20211025,15:03,920.00,920.00,920.00,920.00,25,8200
20211025,15:04,931.40,931.40,931.40,931.40,50,8200
20211025,15:06,931.40,931.40,918.45,918.45,50,8225
20211025,15:07,916.80,916.80,916.80,916.80,50,8250
20211025,15:09,915.80,915.80,915.80,915.80,100,8250
20211025,15:11,913.60,913.60,913.60,913.60,25,8325
20211025,15:12,924.70,929.35,924.70,929.35,150,8325
20211025,15:13,927.50,927.50,927.50,927.50,300,8025
20211025,15:14,926.80,926.80,926.80,926.80,300,8025
20211025,15:15,926.60,926.60,924.00,924.00,125,8025
20211025,15:16,920.00,920.00,920.00,920.00,25,8100
20211025,15:17,915.75,915.75,915.75,915.75,25,8100
20211025,15:18,903.05,903.05,903.05,903.05,100,8100
20211025,15:19,901.80,901.80,901.80,901.80,225,8100
20211025,15:20,886.30,886.30,886.30,886.30,50,8225
20211025,15:21,876.50,876.50,876.50,876.50,75,8225
20211025,15:22,875.00,885.15,875.00,885.15,1350,8575
20211025,15:23,879.00,879.00,879.00,879.00,75,8575
20211025,15:24,873.55,873.55,873.55,873.55,100,8575
20211025,15:25,868.30,868.30,868.30,868.30,50,8575
20211025,15:26,865.65,865.65,865.65,865.65,75,8225
20211025,15:27,867.80,867.80,860.75,860.75,50,8225
20211025,15:29,868.40,868.40,868.40,868.40,400,8200
20211025,15:30,820.00,820.00,820.00,820.00,300,8200
20211026,09:15,899.95,903.05,880.50,895.60,178,8725
20211026,09:16,934.10,934.10,934.10,934.10,950,8725
20211026,09:18,876.00,876.00,869.45,869.45,250,8700
20211026,09:20,882.90,882.90,871.75,879.15,350,8700
20211026,09:21,897.00,909.60,897.00,909.60,150,8950
20211026,09:22,911.50,911.50,903.05,903.05,175,8950
20211026,09:23,900.00,900.00,891.00,891.00,100,9025
20211026,09:24,891.00,891.00,891.00,891.00,75,9025
20211026,09:25,894.25,894.25,886.05,890.40,125,9025
20211026,09:26,898.00,898.00,888.30,888.30,50,9075
20211026,09:27,890.80,894.20,890.80,894.20,50,9075
20211026,09:28,899.50,899.50,876.00,889.50,350,9075
20211026,09:29,878.20,880.90,878.20,880.90,50,9075
20211026,09:31,872.40,872.40,870.00,870.00,50,8925
20211026,09:32,877.45,877.45,853.60,853.60,850,8925
20211026,09:33,853.60,878.60,853.60,878.60,225,8925
20211026,09:35,879.65,879.65,879.65,879.65,50,8925
20211026,09:36,873.40,873.40,873.00,873.00,175,8850
20211026,09:37,873.00,873.00,873.00,873.00,75,8850
20211026,09:38,886.65,886.65,886.65,886.65,50,8850
20211026,09:39,888.95,888.95,888.95,888.95,125,8850
20211026,09:41,870.00,870.00,870.00,870.00,200,8875
20211026,09:43,852.85,852.85,852.85,852.85,50,8950
20211026,09:44,852.50,852.50,852.50,852.50,25,8950
20211026,09:45,852.50,852.50,852.50,852.50,125,9025
20211026,09:46,855.00,855.00,855.00,855.00,25,9025
20211026,09:50,850.00,850.00,850.00,850.00,25,8900
20211026,09:51,850.00,850.00,850.00,850.00,25,8900
20211026,09:55,865.00,865.00,865.00,865.00,25,8875
20211026,09:58,869.40,869.40,869.40,869.40,25,8825
20211026,09:59,870.00,870.00,870.00,870.00,125,8850
20211026,10:01,885.00,885.00,885.00,885.00,125,8850
20211026,10:02,878.90,878.90,878.90,878.90,25,8850
20211026,10:03,876.25,876.25,876.25,876.25,25,8900
20211026,10:04,866.00,866.00,866.00,866.00,25,8900
20211026,10:08,869.25,869.25,869.25,869.25,75,8900
20211026,10:10,865.80,865.80,865.80,865.80,75,8875
20211026,10:12,865.00,865.00,865.00,865.00,100,8850
20211026,10:15,873.05,873.05,873.05,873.05,350,8850
20211026,10:17,885.55,885.55,885.55,885.55,325,9000
20211026,10:19,900.00,914.90,900.00,914.90,125,8800
20211026,10:20,920.00,972.40,920.00,965.60,1375,8800
20211026,10:21,988.15,988.15,970.55,970.55,1025,9550
20211026,10:22,977.95,983.05,976.10,976.10,100,9550
20211026,10:24,949.75,949.75,949.75,949.75,150,9800
20211026,10:25,972.60,972.60,972.60,972.60,75,9800
20211026,10:26,964.50,964.50,964.50,964.50,75,9800
20211026,10:28,956.50,956.50,956.50,956.50,25,9800
20211026,10:29,939.05,939.05,939.05,939.05,300,9800
20211026,10:30,925.00,925.00,925.00,925.00,175,9700
20211026,10:31,924.20,924.20,924.20,924.20,300,9700
20211026,10:33,940.00,940.00,940.00,940.00,25,9700
20211026,10:34,948.30,948.30,948.30,948.30,100,9725
20211026,10:35,953.70,953.70,953.70,953.70,200,9725
20211026,10:38,971.00,971.00,971.00,971.00,25,9675
20211026,10:39,969.25,969.25,969.25,969.25,25,9675
20211026,10:41,959.90,959.90,959.90,959.90,125,9650
20211026,10:43,975.00,975.00,975.00,975.00,25,9600
20211026,10:44,980.00,980.00,980.00,980.00,25,9600
20211026,10:45,1060.00,1060.00,1038.45,1048.30,1000,9550
20211026,10:46,1045.65,1045.65,1044.75,1044.75,125,9550
20211026,10:48,1053.25,1053.25,1053.25,1053.25,225,9550
20211026,10:49,1069.30,1069.30,1069.30,1069.30,500,9875
20211026,10:50,1049.70,1049.70,1049.70,1049.70,900,9875
20211026,10:53,1046.70,1046.70,1046.70,1046.70,75,9725
20211026,10:54,1062.00,1062.00,1057.00,1057.00,275,9725
20211026,10:55,1049.15,1049.15,1049.15,1049.15,25,9725
20211026,10:56,1046.95,1046.95,1035.90,1040.10,150,9725
20211026,10:57,1049.40,1049.40,1049.40,1049.40,25,9700
20211026,10:58,1049.00,1049.00,1049.00,1049.00,25,9700
20211026,11:00,1051.45,1051.45,1051.45,1051.45,25,9700
20211026,11:01,1042.90,1042.90,1042.90,1042.90,50,8650
20211026,11:02,1042.40,1042.40,1042.40,1042.40,50,8650
20211026,11:03,1052.20,1052.20,1052.20,1052.20,25,8650
20211026,11:04,1040.95,1040.95,1040.95,1040.95,50,8650
20211026,11:06,1037.80,1037.80,1037.80,1037.80,50,8650
20211026,11:07,1006.20,1006.20,1006.20,1006.20,50,8450
20211026,11:08,1016.55,1016.55,1016.55,1016.55,50,8450
20211026,11:09,1028.60,1028.60,1028.60,1028.60,25,8450
20211026,11:10,1056.25,1056.25,1056.25,1056.25,25,8350
20211026,11:14,1035.00,1035.00,1035.00,1035.00,25,8375
20211026,11:15,1018.05,1018.05,1018.05,1018.05,25,8275
20211026,11:16,1029.00,1029.00,1029.00,1029.00,100,8275
20211026,11:22,1045.00,1045.00,1045.00,1045.00,75,8175
20211026,11:23,1040.15,1040.15,1040.15,1040.15,25,8175
20211026,11:24,1085.65,1085.65,1085.65,1085.65,100,8175
20211026,11:25,1098.45,1098.45,1098.45,1098.45,75,8175
20211026,11:33,1044.90,1044.90,1044.90,1044.90,25,8200
20211026,11:34,1046.05,1046.05,1046.05,1046.05,25,8200
20211026,11:36,1066.80,1066.80,1066.80,1066.80,25,8200
20211026,11:41,1054.15,1054.15,1054.15,1054.15,25,8200
20211026,11:42,1046.85,1046.85,1046.85,1046.85,25,8200
20211026,11:44,1055.85,1055.85,1055.85,1055.85,300,8175
20211026,11:49,1059.25,1059.25,1059.25,1059.25,100,8225
20211026,11:56,1047.45,1047.45,1047.45,1047.45,50,7925
20211026,11:58,1049.10,1049.10,1042.85,1042.85,75,7825
20211026,11:59,1050.25,1050.25,1050.25,1050.25,25,7825
20211026,12:00,1052.60,1052.60,1052.60,1052.60,25,7825
20211026,12:01,1057.25,1057.25,1057.25,1057.25,100,7825
20211026,12:02,981.75,981.75,981.75,981.75,300,7825
20211026,12:03,975.00,975.00,928.45,928.45,100,7825
20211026,12:04,914.35,914.35,901.65,902.30,100,7825
20211026,12:05,900.00,900.00,900.00,900.00,25,7825
20211026,12:06,889.70,904.40,889.70,904.40,100,7850
20211026,12:07,900.00,900.00,900.00,900.00,50,7850
20211026,12:08,924.15,924.15,924.15,924.15,25,7850
20211026,12:09,912.10,912.10,912.10,912.10,25,7850
20211026,12:10,910.00,910.00,910.00,910.00,25,7800
20211026,12:11,908.65,908.65,908.00,908.00,125,7800
20211026,12:12,905.55,905.55,905.55,905.55,50,7800
20211026,12:17,932.75,932.75,932.75,932.75,25,7775
20211026,12:18,937.30,937.30,937.30,937.30,25,7775
20211026,12:19,943.35,943.35,943.10,943.10,175,7775
20211026,12:20,937.30,937.30,937.30,937.30,25,7775
20211026,12:22,928.10,928.10,928.10,928.10,125,7825
20211026,12:23,928.10,928.10,928.10,928.10,100,7825
20211026,12:25,920.50,920.50,906.00,906.00,175,7700
20211026,12:26,923.20,923.20,923.20,923.20,25,7700
20211026,12:28,935.00,935.00,935.00,935.00,50,7700
20211026,12:30,925.50,925.50,925.50,925.50,25,7675
20211026,12:31,925.50,925.50,925.50,925.50,25,7675
20211026,12:32,919.40,919.40,919.40,919.40,25,7675
20211026,12:38,1002.45,1019.60,1002.45,1013.20,175,7650
20211026,12:39,1035.20,1060.00,1035.20,1060.00,200,7675
20211026,12:40,1045.60,1066.80,1045.60,1066.80,75,7675
20211026,12:41,1069.85,1069.85,1059.15,1062.80,100,7675
20211026,12:42,1044.40,1044.40,1044.40,1044.40,25,7625
20211026,12:44,1052.65,1052.65,1052.65,1052.65,25,7625
20211026,12:46,1050.00,1050.00,1050.00,1050.00,25,7625
20211026,12:48,1048.65,1048.65,1048.65,1048.65,75,7625
20211026,12:49,1051.50,1051.50,1051.50,1051.50,25,7625
20211026,12:54,1024.95,1024.95,1024.95,1024.95,25,7650
20211026,12:56,950.00,950.00,950.00,950.00,75,7650
20211026,12:58,950.00,972.00,950.00,964.35,550,7675
20211026,13:00,934.70,934.70,934.70,934.70,50,7675
20211026,13:01,941.30,941.30,941.30,941.30,25,7675
20211026,13:03,941.80,941.80,941.80,941.80,50,7825
20211026,13:04,950.00,950.00,950.00,950.00,150,7875
20211026,13:06,952.75,952.75,952.75,952.75,25,7875
20211026,13:07,938.10,938.10,938.10,938.10,25,7975
20211026,13:09,938.00,938.00,938.00,938.00,100,7975
20211026,13:12,929.60,929.60,929.60,929.60,25,8050
20211026,13:13,927.05,927.05,927.05,927.05,75,8000
20211026,13:16,945.55,945.55,945.55,945.55,50,8025
20211026,13:20,932.35,932.35,932.35,932.35,100,8075
20211026,13:21,932.35,932.35,932.35,932.35,25,8075
20211026,13:23,942.60,942.60,942.60,942.60,50,8150
20211026,13:26,960.85,960.85,940.00,940.00,250,8150
20211026,13:27,930.00,930.00,912.10,912.10,75,8150
20211026,13:30,928.25,928.25,928.25,928.25,25,8200
20211026,13:35,933.00,933.00,933.00,933.00,375,8250
20211026,13:36,935.90,935.90,935.90,935.90,25,8250
20211026,13:38,912.10,912.10,912.10,912.10,25,8400
20211026,13:39,911.80,911.80,911.80,911.80,75,8400
20211026,13:41,912.05,912.05,912.05,912.05,125,8475
20211026,13:42,914.75,914.75,914.75,914.75,50,8450
20211026,13:43,913.00,913.00,906.05,906.05,50,8450
20211026,13:44,905.00,905.00,905.00,905.00,250,8450
20211026,13:45,903.70,903.70,898.20,898.20,50,8725
20211026,13:46,902.95,902.95,902.95,902.95,25,8725
20211026,13:47,912.30,912.30,912.30,912.30,25,8725
20211026,13:48,908.00,908.00,908.00,908.00,50,8725
20211026,13:50,906.00,906.00,906.00,906.00,250,8775
20211026,13:51,904.00,904.00,904.00,904.00,25,8775
20211026,13:52,909.30,909.30,909.30,909.30,25,8775
20211026,13:53,932.20,932.20,932.20,932.20,25,9025
20211026,13:55,926.00,926.00,926.00,926.00,350,9025
20211026,13:56,909.30,909.30,909.30,909.30,125,9400
20211026,13:57,920.00,920.00,920.00,920.00,25,9400
20211026,13:59,910.75,910.75,910.75,910.75,475,9350
20211026,14:01,910.45,910.45,910.45,910.45,300,9675
20211026,14:04,919.80,919.80,919.80,919.80,150,9675
20211026,14:08,930.00,930.00,930.00,930.00,100,9675
20211026,14:09,905.25,905.25,905.25,905.25,150,9675
20211026,14:12,909.80,909.80,909.80,909.80,100,9650
20211026,14:13,915.60,915.60,900.00,903.35,175,9550
20211026,14:16,880.60,880.60,880.60,880.60,325,9550
20211026,14:17,896.55,896.55,896.55,896.55,50,9525
20211026,14:19,898.85,898.85,898.85,898.85,25,9525
20211026,14:20,905.95,905.95,905.95,905.95,25,9525
20211026,14:21,899.25,899.25,899.25,899.25,25,9525
20211026,14:22,907.90,907.90,907.90,907.90,125,9625
20211026,14:23,903.95,903.95,903.95,903.95,100,9625
20211026,14:24,909.95,909.95,909.95,909.95,700,9625
20211026,14:26,902.00,902.00,902.00,902.00,50,10050
20211026,14:27,895.40,895.40,895.40,895.40,75,10050
20211026,14:28,886.60,886.60,886.60,886.60,600,9700
20211026,14:29,880.00,880.00,880.00,880.00,350,9700
20211026,14:31,884.05,884.05,884.05,884.05,175,9650
20211026,14:34,875.05,875.05,875.05,875.05,50,9550
20211026,14:36,860.00,860.00,860.00,860.00,250,9550
20211026,14:37,871.65,871.65,871.65,871.65,50,9550
20211026,14:39,889.15,889.15,889.15,889.15,250,9925
20211026,14:40,893.05,893.05,893.05,893.05,375,9950
20211026,14:41,932.00,934.60,923.20,923.20,350,9950
20211026,14:43,909.80,909.80,909.80,909.80,50,10025
20211026,14:44,913.80,913.80,913.80,913.80,25,10025
20211026,14:46,910.05,910.05,910.05,910.05,50,10025
20211026,14:55,905.00,905.00,905.00,905.00,75,10025
20211026,14:57,904.40,904.40,904.40,904.40,100,10050
20211026,14:58,895.40,895.40,895.40,895.40,125,10075
20211026,14:59,903.00,903.00,903.00,903.00,350,10075
20211026,15:00,905.15,905.15,905.15,905.15,50,10075
20211026,15:02,912.00,912.00,912.00,912.00,25,10025
20211026,15:03,914.85,914.85,914.85,914.85,75,10025
20211026,15:06,912.80,912.80,912.80,912.80,200,9975
20211026,15:08,885.30,885.30,885.30,885.30,450,10000
20211026,15:09,872.75,872.75,872.75,872.75,475,10000
20211026,15:10,850.55,856.55,850.55,856.55,250,9950
20211026,15:11,857.75,857.75,852.85,856.25,150,9950
20211026,15:12,858.55,860.00,858.55,860.00,50,9950
20211026,15:14,864.30,864.30,858.95,858.95,50,9900
20211026,15:15,864.65,864.65,861.50,861.50,150,9900
20211026,15:16,858.05,860.10,858.05,860.10,50,9850
20211026,15:17,852.20,852.20,852.20,852.20,75,9850
20211026,15:19,855.35,855.35,851.95,851.95,50,9875
20211026,15:20,844.95,844.95,836.65,836.65,150,9875
20211026,15:21,836.65,836.65,836.65,836.65,25,9875
20211026,15:22,846.90,846.90,846.90,846.90,75,9900
20211026,15:23,846.35,846.35,846.35,846.35,150,9900
20211026,15:26,845.35,845.35,845.35,845.35,400,9950
20211026,15:27,847.40,847.40,842.80,842.80,50,9950
20211026,15:28,843.25,843.25,843.25,843.25,25,9900
20211026,15:29,842.50,842.50,842.50,842.50,25,9900
20211027,09:15,884.20,908.00,884.20,908.00,227,9875
20211027,09:17,945.00,945.00,924.95,924.95,450,9875
20211027,09:18,940.00,940.00,929.85,929.85,150,9975
20211027,09:19,932.20,932.20,927.00,932.00,75,9975
20211027,09:20,933.95,933.95,911.15,923.90,200,10100
20211027,09:21,926.55,926.55,919.10,919.10,100,10100
20211027,09:22,922.70,928.30,920.90,920.90,225,10100
20211027,09:23,922.95,928.00,922.95,923.00,125,10100
20211027,09:24,923.00,944.00,923.00,944.00,300,10150
20211027,09:25,927.40,943.25,927.40,943.25,175,10150
20211027,09:26,935.40,935.40,932.00,932.55,475,10150
20211027,09:27,929.50,929.50,929.50,929.50,25,10175
20211027,09:28,934.95,934.95,934.95,934.95,25,10175
20211027,09:30,927.10,927.10,917.00,917.00,75,10175
20211027,09:31,909.50,910.00,902.90,902.90,100,10175
20211027,09:32,900.05,910.00,900.05,906.65,200,10075
20211027,09:34,914.05,914.05,914.05,914.05,25,10075
20211027,09:35,925.10,925.10,923.95,923.95,50,10075
20211027,09:37,907.00,913.65,907.00,913.65,275,10075
20211027,09:39,908.00,908.00,907.95,908.00,350,10250
20211027,09:40,915.45,924.65,914.90,917.00,150,10250
20211027,09:42,910.00,913.00,910.00,913.00,75,10625
20211027,09:44,909.60,909.60,909.60,909.60,25,10625
20211027,09:45,910.05,910.05,864.45,864.45,225,10600
20211027,09:46,864.45,882.20,864.45,880.45,400,10600
20211027,09:47,879.95,879.95,870.00,870.00,100,10600
20211027,09:50,875.85,875.85,875.85,875.85,25,10800
20211027,09:51,873.20,873.20,865.20,865.20,550,10825
20211027,09:52,872.30,872.30,865.20,867.40,150,10825
20211027,09:53,871.20,871.20,869.35,869.35,50,10650
20211027,09:56,879.35,879.35,869.35,869.35,125,10650
20211027,09:59,867.40,867.40,867.40,867.40,125,10625
20211027,10:00,869.45,869.45,865.85,865.85,50,10600
20211027,10:01,849.80,849.80,849.80,849.80,100,10600
20211027,10:03,849.80,849.80,849.80,849.80,25,10550
20211027,10:04,864.35,864.35,864.35,864.35,25,10550
20211027,10:05,875.00,875.00,875.00,875.00,50,10550
20211027,10:08,879.80,879.80,879.80,879.80,50,10550
20211027,10:10,897.60,897.60,897.60,897.60,75,10575
20211027,10:11,894.00,894.00,894.00,894.00,350,10575
20211027,10:12,902.70,902.70,902.70,902.70,75,10550
20211027,10:13,897.45,897.45,897.45,897.45,100,10550
20211027,10:15,897.00,897.00,897.00,897.00,150,10525
20211027,10:18,894.10,894.10,894.10,894.10,25,10475
20211027,10:19,899.00,899.50,899.00,899.50,100,10475
20211027,10:20,910.00,910.00,910.00,910.00,25,10475
20211027,10:21,909.75,909.75,909.75,909.75,25,10525
20211027,10:24,884.95,893.65,884.95,893.65,50,10550
20211027,10:27,902.60,906.95,902.60,906.10,75,10500
20211027,10:28,901.95,903.45,901.95,903.00,75,10500
20211027,10:29,900.00,900.00,900.00,900.00,175,10500
20211027,10:30,900.50,908.20,900.50,905.50,225,10525
20211027,10:32,910.00,910.00,910.00,910.00,100,10525
20211027,10:33,904.55,904.55,904.55,904.55,300,10525
20211027,10:34,906.00,906.00,906.00,906.00,75,10550
20211027,10:37,906.00,906.00,906.00,906.00,100,10600
20211027,10:39,915.10,915.10,915.10,915.10,50,10600
20211027,10:41,922.00,922.00,922.00,922.00,250,10600
20211027,10:42,892.40,892.40,892.40,892.40,25,10600
20211027,10:46,891.55,891.55,890.05,890.05,50,10350
20211027,10:48,892.05,892.05,892.05,892.05,25,10375
20211027,10:49,884.95,884.95,884.95,884.95,25,10375
20211027,10:54,894.00,894.00,894.00,894.00,50,10150
20211027,10:55,893.95,893.95,893.95,893.95,75,10150
20211027,10:59,882.85,882.85,882.85,882.85,25,10150
20211027,11:01,883.60,883.60,883.60,883.60,25,10150
20211027,11:02,883.05,883.05,883.05,883.05,25,10150
20211027,11:05,883.05,883.05,883.05,883.05,25,10175
20211027,11:06,884.55,884.55,884.55,884.55,75,10175
20211027,11:07,885.45,885.45,885.45,885.45,25,10175
20211027,11:10,888.65,888.65,888.65,888.65,25,10200
20211027,11:11,884.55,884.55,866.65,866.65,200,10200
20211027,11:14,869.20,869.20,869.20,869.20,75,10325
20211027,11:15,870.60,870.60,870.60,870.60,25,10325
20211027,11:16,874.80,874.80,874.80,874.80,150,10350
20211027,11:19,874.40,874.40,874.40,874.40,25,10400
20211027,11:25,870.00,870.00,870.00,870.00,50,10400
20211027,11:29,860.00,863.20,860.00,863.20,100,10450
20211027,11:30,861.05,861.05,861.05,861.05,25,10450
20211027,11:32,860.00,861.05,860.00,861.05,125,10450
20211027,11:33,861.35,861.35,861.35,861.35,25,10375
20211027,11:34,861.05,861.05,861.05,861.05,25,10375
20211027,11:36,866.30,866.30,866.30,866.30,25,10375
20211027,11:37,866.30,866.30,866.30,866.30,25,10375
20211027,11:38,850.00,852.75,845.00,849.55,950,10375
20211027,11:44,855.00,855.00,855.00,855.00,25,10125
20211027,11:45,855.00,855.00,855.00,855.00,75,10175
20211027,11:51,861.05,861.05,861.05,861.05,50,9950
20211027,11:52,855.00,858.00,855.00,858.00,100,9975
20211027,11:57,862.95,862.95,862.95,862.95,25,9975
20211027,11:59,874.05,874.05,874.05,874.05,50,9975
20211027,12:01,882.10,882.10,882.10,882.10,100,9950
20211027,12:02,882.00,882.00,882.00,882.00,25,9950
20211027,12:05,883.00,883.00,883.00,883.00,175,9950
20211027,12:06,883.00,883.00,883.00,883.00,100,9950
20211027,12:10,878.50,878.50,878.50,878.50,25,9950
20211027,12:11,883.00,883.00,883.00,883.00,50,9950
20211027,12:12,885.80,885.80,885.80,885.80,25,10000
20211027,12:13,883.60,883.60,883.60,883.60,25,10000
20211027,12:15,886.70,887.45,886.70,887.45,50,10050
20211027,12:17,876.95,876.95,875.00,875.00,75,10050
20211027,12:21,875.00,875.00,875.00,875.00,100,10050
20211027,12:23,866.25,866.25,866.25,866.25,25,10050
20211027,12:25,869.35,869.35,866.75,866.75,50,10150
20211027,12:28,874.85,874.85,874.85,874.85,100,10150
20211027,12:31,868.25,868.25,868.25,868.25,25,10225
20211027,12:32,875.00,875.00,875.00,875.00,25,10225
20211027,12:37,875.00,881.30,875.00,881.30,75,10175
20211027,12:40,891.00,891.00,891.00,891.00,250,10200
20211027,12:41,884.75,884.75,884.75,884.75,25,10200
20211027,12:43,894.00,894.00,894.00,894.00,25,10275
20211027,12:45,895.00,895.00,895.00,895.00,25,10275
20211027,12:47,899.00,899.00,899.00,899.00,500,10275
20211027,12:48,880.00,880.00,880.00,880.00,75,10575
20211027,12:49,880.00,880.00,880.00,880.00,50,10575
20211027,12:51,882.75,882.75,882.75,882.75,25,10575
20211027,12:52,882.75,882.75,882.75,882.75,50,10650
20211027,12:53,882.85,882.85,882.85,882.85,25,10650
20211027,12:54,880.05,880.05,880.05,880.05,25,10650
20211027,12:55,883.80,883.80,883.80,883.80,25,10700
20211027,12:56,893.20,893.20,893.20,893.20,25,10700
20211027,12:57,888.00,893.20,888.00,893.20,200,10700
20211027,12:58,898.00,910.20,898.00,910.20,75,10700
20211027,12:59,906.40,906.40,905.35,905.35,175,10700
20211027,13:03,860.00,860.00,860.00,860.00,175,10600
20211027,13:05,862.40,862.40,861.10,861.10,450,10725
20211027,13:06,860.00,862.40,857.65,862.40,150,10725
20211027,13:07,858.20,870.00,858.20,870.00,575,10950
20211027,13:08,865.60,866.30,865.20,866.30,125,10950
20211027,13:09,867.35,871.05,866.30,871.05,300,11525
20211027,13:10,871.45,881.00,871.45,877.50,225,11525
20211027,13:11,880.50,880.50,880.50,880.50,275,11525
20211027,13:12,882.85,882.85,882.85,882.85,75,11525
20211027,13:15,865.30,865.30,865.30,865.30,50,11550
20211027,13:17,865.15,865.15,864.60,864.60,100,11575
20211027,13:18,864.15,865.90,864.00,865.90,150,11350
20211027,13:20,863.15,863.15,863.15,863.15,550,11350
20211027,13:21,863.20,863.20,863.20,863.20,200,11350
20211027,13:26,866.80,866.80,866.80,866.80,125,11925
20211027,13:27,867.00,867.00,867.00,867.00,50,11925
20211027,13:32,877.20,877.20,877.20,877.20,75,11500
20211027,13:33,855.00,863.10,855.00,863.10,225,11475
20211027,13:34,848.05,851.70,848.05,850.10,250,11475
20211027,13:35,863.75,863.75,863.75,863.75,200,11475
20211027,13:38,867.25,872.10,867.25,872.10,225,11625
20211027,13:39,874.75,874.75,874.75,874.75,25,11625
20211027,13:41,873.15,873.15,873.15,873.15,25,11600
20211027,13:42,874.00,874.00,874.00,874.00,25,11600
20211027,13:45,876.30,876.30,876.30,876.30,50,11525
20211027,13:46,874.35,874.35,874.35,874.35,75,11550
20211027,13:52,879.00,879.00,879.00,879.00,50,11425
20211027,13:57,867.85,867.85,867.85,867.85,25,11375
20211027,13:59,865.15,865.15,865.15,865.15,50,11400
20211027,14:01,873.70,874.45,873.70,874.45,75,11450
20211027,14:02,861.95,861.95,861.95,861.95,25,11450
20211027,14:09,873.85,873.85,873.85,873.85,50,11500
20211027,14:12,868.95,868.95,868.95,868.95,25,11550
20211027,14:16,885.00,926.15,885.00,915.20,875,11550
20211027,14:17,915.35,964.25,915.35,944.75,825,11550
20211027,14:18,939.35,939.35,922.85,926.55,250,12250
20211027,14:19,945.00,945.00,945.00,945.00,25,12250
20211027,14:20,948.75,1001.40,948.45,977.25,950,12250
20211027,14:21,989.45,995.85,980.10,991.10,225,12250
20211027,14:22,975.80,980.60,969.35,969.35,150,12175
20211027,14:23,950.00,950.00,950.00,950.00,100,12175
20211027,14:24,948.95,966.00,948.95,966.00,250,12175
20211027,14:25,962.30,967.15,951.65,951.65,300,12075
20211027,14:26,948.00,954.05,948.00,954.05,200,12075
20211027,14:27,941.80,951.95,941.80,950.00,600,12075
20211027,14:28,948.35,950.00,948.35,950.00,150,12200
20211027,14:29,967.30,975.50,965.20,968.85,450,12200
20211027,14:30,969.00,1000.00,969.00,997.70,300,12200
20211027,14:31,1006.60,1009.55,996.00,996.00,175,12375
20211027,14:32,988.80,1011.45,987.35,1003.60,175,12375
20211027,14:33,1003.30,1003.30,995.85,995.85,75,12375
20211027,14:34,996.30,996.30,982.10,982.10,125,12500
20211027,14:35,981.25,991.75,981.05,991.75,100,12500
20211027,14:36,998.10,998.10,988.50,989.45,175,12500
20211027,14:37,979.70,982.25,979.70,981.45,100,12275
20211027,14:38,1000.00,1000.25,998.35,998.35,75,12275
20211027,14:39,998.30,1020.00,990.00,1020.00,350,12275
20211027,14:40,1020.35,1020.35,986.95,986.95,500,12525
20211027,14:41,995.55,995.55,976.95,979.90,475,12525
20211027,14:42,979.80,987.35,979.80,987.35,125,12525
20211027,14:43,982.65,984.65,976.25,976.25,275,12700
20211027,14:44,973.55,980.00,972.05,980.00,200,12700
20211027,14:45,980.00,980.00,951.50,953.10,375,12700
20211027,14:46,954.60,960.45,948.55,952.60,200,13125
20211027,14:47,950.40,967.75,950.40,967.75,125,13125
20211027,14:48,960.45,960.45,960.45,960.45,25,13125
20211027,14:49,954.75,964.55,954.75,964.55,75,13125
20211027,14:50,967.90,967.90,966.50,966.50,50,13150
20211027,14:52,966.50,973.40,966.50,970.85,100,13075
20211027,14:53,963.55,963.55,963.55,963.55,50,13075
20211027,14:54,966.50,966.50,966.50,966.50,25,13075
20211027,14:56,942.25,950.00,942.25,950.00,75,12825
20211027,14:58,946.90,946.90,946.90,946.90,25,12825
20211027,15:00,946.90,954.80,946.90,953.05,150,12875
20211027,15:01,962.80,970.00,962.80,970.00,125,12925
20211027,15:02,977.95,985.45,977.95,985.45,150,12925
20211027,15:03,977.95,988.25,973.10,988.25,175,12925
20211027,15:04,986.45,1007.00,986.45,994.50,275,13125
20211027,15:05,991.65,998.15,985.35,985.70,175,13125
20211027,15:06,979.15,979.15,963.20,963.20,50,13125
20211027,15:07,966.20,966.20,965.95,965.95,100,13125
20211027,15:08,974.50,974.50,965.00,967.40,175,13125
20211027,15:09,967.05,972.55,967.05,968.40,100,13125
20211027,15:10,962.90,966.50,961.55,966.50,100,13250
20211027,15:11,967.90,969.65,966.30,966.30,125,13250
20211027,15:12,970.85,970.85,970.85,970.85,100,13250
20211027,15:13,976.75,976.75,972.20,972.20,75,13300
20211027,15:14,970.20,970.20,970.20,970.20,25,13300
20211027,15:15,973.35,974.15,973.35,974.15,150,13300
20211027,15:16,987.15,987.15,987.15,987.15,25,13300
20211027,15:18,993.45,993.45,991.25,991.25,125,13350
20211027,15:20,997.60,997.60,997.60,997.60,25,13150
20211027,15:21,1012.85,1012.85,1012.85,1012.85,25,13150
20211027,15:22,1025.30,1025.30,1025.30,1025.30,50,13150
20211027,15:23,1025.20,1036.60,1025.20,1030.70,250,13150
20211027,15:24,1030.85,1043.55,1030.85,1043.55,150,13150
20211027,15:25,1044.45,1046.00,1044.45,1046.00,125,13275
20211027,15:26,1047.55,1047.55,1047.55,1047.55,300,13275
20211027,15:27,1065.15,1070.10,1065.15,1070.10,175,13275
20211027,15:28,1083.65,1084.95,1082.00,1082.00,175,13225
20211027,15:29,1084.65,1084.65,1075.40,1075.40,100,13225
20211027,15:30,1082.05,1082.05,1082.05,1082.05,25,13225
20211028,09:15,1106.05,1145.00,1106.00,1145.00,252,13000
20211028,09:18,1118.95,1118.95,1118.95,1118.95,550,13000
20211028,09:19,1118.95,1118.95,1118.95,1118.95,75,13000
20211028,09:20,1130.00,1130.00,1130.00,1130.00,25,13000
20211028,09:21,1138.05,1150.00,1138.05,1150.00,150,13025
20211028,09:22,1151.60,1158.75,1151.60,1158.75,150,13025
20211028,09:23,1158.75,1158.75,1145.80,1145.80,325,13025
20211028,09:24,1154.45,1154.45,1154.45,1154.45,50,12775
20211028,09:26,1146.75,1146.75,1146.75,1146.75,100,12775
20211028,09:27,1146.00,1146.00,1146.00,1146.00,50,12725
20211028,09:28,1159.80,1159.80,1159.80,1159.80,75,12725
20211028,09:29,1163.60,1163.60,1163.60,1163.60,75,12725
20211028,09:30,1152.50,1154.00,1150.65,1152.55,300,12650
20211028,09:33,1175.00,1193.15,1175.00,1193.15,175,12675
20211028,09:34,1200.30,1200.30,1200.30,1200.30,175,12675
20211028,09:35,1200.30,1200.30,1200.30,1200.30,25,12675
20211028,09:36,1195.00,1197.45,1194.85,1197.45,450,12600
20211028,09:37,1185.00,1185.00,1185.00,1185.00,25,12600
20211028,09:38,1170.65,1170.65,1169.95,1170.65,200,12600
20211028,09:39,1174.80,1188.35,1174.80,1188.35,75,12250
20211028,09:40,1176.85,1179.55,1176.85,1179.55,50,12250
20211028,09:42,1169.20,1169.20,1169.20,1169.20,75,12250
20211028,09:43,1176.00,1176.00,1176.00,1176.00,50,12250
20211028,09:45,1189.80,1189.80,1187.05,1187.05,250,12175
20211028,09:47,1185.00,1185.00,1185.00,1185.00,100,12175
20211028,09:49,1165.00,1165.00,1165.00,1165.00,25,12175
20211028,09:50,1163.80,1163.80,1163.80,1163.80,25,12000
20211028,09:51,1165.05,1167.10,1165.05,1167.10,300,11950
20211028,09:53,1172.00,1172.00,1172.00,1172.00,25,11950
20211028,09:56,1215.05,1215.05,1215.05,1215.05,75,12050
20211028,09:57,1235.05,1235.05,1235.05,1235.05,225,12000
20211028,09:58,1269.60,1269.60,1261.65,1261.65,175,12000
20211028,09:59,1259.25,1259.25,1259.25,1259.25,25,12000
20211028,10:00,1283.15,1283.15,1273.25,1275.80,800,11950
20211028,10:01,1266.30,1266.30,1264.90,1264.90,50,11950
20211028,10:03,1269.25,1269.25,1269.25,1269.25,225,12000
20211028,10:04,1277.90,1277.90,1277.90,1277.90,225,12000
20211028,10:06,1288.75,1288.75,1288.75,1288.75,25,12000
20211028,10:07,1288.75,1288.75,1288.75,1288.75,175,11725
20211028,10:09,1300.80,1300.80,1300.80,1300.80,75,11700
20211028,10:10,1300.80,1300.80,1300.80,1300.80,75,11700
20211028,10:12,1253.50,1253.50,1253.50,1253.50,100,11650
20211028,10:13,1259.40,1259.40,1259.40,1259.40,50,11650
20211028,10:14,1266.55,1266.55,1266.55,1266.55,50,11650
20211028,10:17,1298.85,1298.85,1298.85,1298.85,75,11500
20211028,10:21,1273.20,1273.20,1273.20,1273.20,75,11350
20211028,10:22,1266.55,1267.45,1264.80,1264.80,375,11350
20211028,10:28,1236.45,1247.35,1236.45,1247.35,175,11250
20211028,10:30,1276.50,1276.50,1276.50,1276.50,25,11225
20211028,10:32,1258.90,1258.90,1258.90,1258.90,25,11225
20211028,10:33,1265.30,1265.30,1265.30,1265.30,125,11225
20211028,10:36,1300.00,1300.00,1300.00,1300.00,50,11225
20211028,10:39,1294.70,1294.70,1294.70,1294.70,75,10975
20211028,10:40,1295.70,1295.70,1295.70,1295.70,25,10975
20211028,10:41,1285.55,1285.55,1285.55,1285.55,25,10975
20211028,10:43,1299.95,1299.95,1299.95,1299.95,25,10975
20211028,10:44,1299.95,1299.95,1299.95,1299.95,25,10950
20211028,10:46,1325.00,1325.00,1325.00,1325.00,150,10925
20211028,10:47,1309.30,1309.30,1309.30,1309.30,125,10925
20211028,10:48,1325.25,1325.25,1325.25,1325.25,50,10750
20211028,10:54,1392.90,1392.90,1392.90,1392.90,525,10650
20211028,10:56,1399.25,1399.25,1399.25,1399.25,150,10650
20211028,10:58,1378.75,1378.75,1378.75,1378.75,125,10625
20211028,10:59,1407.25,1407.25,1407.25,1407.25,25,10625
20211028,11:01,1417.60,1417.60,1417.60,1417.60,25,10625
20211028,11:04,1441.40,1441.40,1441.40,1441.40,125,10575
20211028,11:06,1540.00,1540.00,1540.00,1540.00,325,10575
20211028,11:08,1493.05,1493.05,1493.05,1493.05,25,10600
20211028,11:09,1470.00,1470.00,1470.00,1470.00,125,10600
20211028,11:12,1418.35,1418.35,1418.35,1418.35,100,10500
20211028,11:14,1393.75,1393.75,1393.75,1393.75,25,10500
20211028,11:16,1372.95,1372.95,1372.95,1372.95,25,10500
20211028,11:17,1386.70,1386.70,1386.70,1386.70,25,10500
20211028,11:19,1390.90,1390.90,1390.90,1390.90,25,10500
20211028,11:36,1362.80,1362.80,1362.80,1362.80,75,10500
20211028,11:37,1368.30,1368.30,1368.30,1368.30,50,10475
20211028,11:39,1377.05,1377.05,1377.05,1377.05,50,10475
20211028,11:45,1397.85,1397.85,1397.85,1397.85,25,10425
20211028,11:50,1282.65,1282.65,1282.65,1282.65,100,10425
20211028,12:00,1248.20,1248.20,1248.20,1248.20,25,10325
20211028,12:05,1272.75,1272.75,1272.75,1272.75,25,10325
20211028,12:07,1276.80,1276.80,1276.80,1276.80,25,10325
20211028,12:10,1300.00,1300.00,1300.00,1300.00,50,10325
20211028,12:11,1321.30,1321.30,1321.30,1321.30,50,10350
20211028,12:14,1364.70,1364.70,1364.70,1364.70,25,10300
20211028,12:16,1385.65,1385.65,1385.65,1385.65,25,10300
20211028,12:28,1398.70,1398.70,1398.70,1398.70,25,10325
20211028,12:46,1400.00,1400.00,1400.00,1400.00,50,10300
20211028,13:08,1292.55,1292.55,1292.55,1292.55,50,10300
20211028,13:11,1291.85,1291.85,1291.85,1291.85,825,10250
20211028,13:14,1328.50,1328.50,1328.50,1328.50,25,9975
20211028,13:15,1365.40,1365.40,1365.40,1365.40,75,9975
20211028,13:26,1371.40,1371.40,1371.40,1371.40,25,10050
20211028,13:28,1357.45,1357.45,1357.45,1357.45,25,10050
20211028,13:37,1432.30,1432.30,1432.30,1432.30,25,10075
20211028,13:42,1500.00,1500.00,1500.00,1500.00,50,10050
20211028,13:53,1498.30,1498.30,1498.30,1498.30,50,10075
20211028,13:55,1590.00,1590.00,1590.00,1590.00,50,10100
20211028,13:57,1603.10,1603.10,1603.10,1603.10,125,10100
20211028,14:00,1603.10,1603.10,1603.10,1603.10,100,10150
20211028,14:03,1630.95,1630.95,1630.95,1630.95,25,10150
20211028,14:08,1651.15,1651.15,1651.15,1651.15,25,10125
20211028,14:13,1651.15,1651.15,1651.15,1651.15,400,10150
20211028,14:15,1662.00,1662.00,1662.00,1662.00,25,10150
20211028,14:21,1662.00,1662.00,1662.00,1662.00,25,10150
20211028,14:25,1621.70,1621.70,1621.70,1621.70,75,10125
20211028,14:29,1641.70,1641.70,1641.70,1641.70,25,10050
20211028,14:39,1622.15,1622.15,1622.15,1622.15,25,10050
20211028,14:49,1792.45,1792.45,1792.45,1792.45,25,10050
20211028,14:55,1892.20,1892.20,1892.20,1892.20,100,10025
20211028,14:59,1892.20,1892.20,1892.20,1892.20,200,9975
20211028,15:03,1823.50,1823.50,1823.50,1823.50,25,9775
20211028,15:07,1812.95,1812.95,1812.95,1812.95,25,9750
20211028,15:10,1864.95,1864.95,1864.95,1864.95,25,9750
20211028,15:13,1876.45,1876.45,1876.45,1876.45,100,9725
20211028,15:15,1836.90,1836.90,1836.90,1836.90,50,9775
20211028,15:19,1900.05,1900.05,1900.05,1900.05,50,9750
20211028,15:21,1900.50,1900.50,1900.50,1900.50,75,9775
20211028,15:24,1958.75,1958.75,1958.75,1958.75,25,9800
20211028,15:30,1958.75,1958.75,1958.75,1958.75,25,9800
20211029,09:16,2332.05,2332.05,2317.05,2317.05,51,9800
20211029,09:17,2314.25,2314.25,2203.55,2203.55,50,9800
20211029,09:18,2203.55,2403.60,2203.55,2403.60,225,9800
20211029,09:21,2593.70,2593.70,2593.70,2593.70,50,9725
20211029,09:23,2633.20,2633.20,2633.20,2633.20,50,9725
20211029,09:25,2633.20,2633.20,2633.20,2633.20,75,9750
20211029,09:26,2470.00,2470.00,2470.00,2470.00,25,9675
20211029,09:27,2470.00,2470.00,2470.00,2470.00,75,9675
20211029,09:30,2470.00,2472.65,2470.00,2472.65,150,9725
20211029,09:33,2369.85,2369.85,2369.85,2369.85,25,9725
20211029,09:34,2377.80,2377.80,2377.80,2377.80,50,9575
20211029,09:35,2420.00,2420.00,2420.00,2420.00,25,9575
20211029,09:37,2420.00,2420.00,2420.00,2420.00,25,9575
20211029,09:41,2261.15,2261.15,2261.15,2261.15,50,9550
20211029,09:43,2060.20,2060.20,2060.20,2060.20,25,9525
20211029,09:44,2060.20,2060.20,2060.20,2060.20,50,9525
20211029,09:50,2030.00,2030.00,2030.00,2030.00,200,9575
20211029,09:55,1990.00,1990.00,1990.00,1990.00,75,9550
20211029,09:59,1838.45,1838.45,1838.45,1838.45,75,9525
20211029,10:01,2033.50,2033.50,2033.50,2033.50,100,9525
20211029,10:07,1995.25,1995.25,1995.25,1995.25,75,9450
20211029,10:14,1874.55,1874.55,1874.55,1874.55,50,9475
20211029,10:22,1805.00,1805.00,1805.00,1805.00,25,9475
20211029,10:36,1805.00,1805.00,1805.00,1805.00,25,9450
20211029,11:12,1860.45,1860.45,1860.45,1860.45,50,9425
20211029,11:15,1897.90,1897.90,1897.90,1897.90,75,9450
20211029,11:21,1990.00,1990.00,1990.00,1990.00,50,9375
20211029,11:27,1890.00,1890.00,1890.00,1890.00,50,9350
20211029,11:40,2001.00,2001.00,2001.00,2001.00,50,9400
20211029,11:42,2001.00,2001.00,2001.00,2001.00,50,9400
20211029,11:45,1913.75,1913.75,1913.75,1913.75,25,9325
20211029,12:03,1924.45,1924.45,1924.45,1924.45,25,9350
20211029,13:24,2191.50,2191.50,2191.50,2191.50,50,9350
20211029,13:25,2191.50,2191.50,2191.50,2191.50,25,9350
20211029,13:31,2140.15,2140.15,2140.15,2140.15,100,9350
20211029,13:42,2128.25,2128.25,2128.25,2128.25,25,9250
20211029,13:43,2056.10,2056.10,2056.10,2056.10,50,9250
20211029,14:08,2300.70,2300.70,2300.70,2300.70,25,9250
20211029,14:18,2440.00,2440.00,2440.00,2440.00,50,9225
20211029,14:21,2413.75,2413.75,2413.75,2413.75,50,9225
20211029,14:25,2240.55,2240.55,2240.55,2240.55,25,9225
20211029,14:32,2068.55,2068.55,2068.55,2068.55,75,9225
20211029,14:48,2148.75,2148.75,2148.75,2148.75,100,9200
20211029,15:04,2194.10,2194.10,2194.10,2194.10,50,9100
20211029,15:11,2055.35,2055.35,2055.35,2055.35,50,9125
20211029,15:21,2068.55,2068.55,2068.55,2068.55,75,9050
20211029,15:23,2055.00,2055.00,2055.00,2055.00,50,9100
20211029,15:27,2007.00,2007.00,2007.00,2007.00,25,9100
20211101,09:15,1946.75,1946.80,1946.75,1946.80,127,9000
20211101,09:16,1946.50,1946.50,1857.50,1857.50,250,9000
20211101,09:17,1845.90,1845.90,1845.90,1845.90,150,9000
20211101,09:19,2006.45,2006.45,2006.45,2006.45,125,9000
20211101,09:21,2006.45,2006.45,2006.45,2006.45,25,8900
20211101,09:22,1907.25,1907.25,1907.25,1907.25,75,8900
20211101,09:23,1958.15,1958.15,1958.15,1958.15,25,8900
20211101,09:25,2123.65,2123.65,2123.65,2123.65,50,8900
20211101,09:27,2074.55,2074.55,2011.05,2011.05,100,8925
20211101,10:09,2015.60,2015.60,2015.60,2015.60,25,8975
20211101,10:41,2038.25,2038.25,2038.25,2038.25,25,8975
20211101,10:53,2020.00,2020.00,2020.00,2020.00,50,9000
20211101,10:57,1990.45,1990.45,1990.45,1990.45,25,8950
20211101,13:32,1745.55,1745.55,1745.55,1745.55,50,8950
20211101,13:35,1701.60,1701.60,1701.60,1701.60,25,8900
20211101,13:41,1641.25,1641.25,1641.25,1641.25,25,8925
20211101,13:43,1641.25,1641.25,1641.25,1641.25,25,8925
20211101,14:31,1589.05,1589.05,1589.05,1589.05,25,8950
20211101,14:48,1589.05,1589.05,1589.05,1589.05,25,8950
20211101,14:51,1600.50,1600.50,1600.50,1600.50,25,8925
20211101,15:06,1615.50,1615.50,1615.50,1615.50,25,8925
20211101,15:08,1560.00,1560.00,1560.00,1560.00,75,8900
20211101,15:10,1560.00,1560.00,1560.00,1560.00,25,8900
20211101,15:17,1540.80,1540.80,1540.80,1540.80,50,8875
20211101,15:20,1541.00,1541.00,1541.00,1541.00,25,8875
20211101,15:25,1441.30,1441.30,1441.30,1441.30,25,8850
20211101,15:28,1441.30,1441.30,1441.30,1441.30,375,8850
20211101,15:29,1465.40,1465.40,1465.40,1465.40,275,9200
20211102,09:16,1635.70,1635.70,1635.70,1635.70,26,9450
20211102,09:18,1395.00,1395.00,1395.00,1395.00,25,9475
20211102,09:20,1395.00,1395.00,1395.00,1395.00,25,9475
20211102,09:24,1457.25,1457.25,1457.25,1457.25,50,9450
20211102,09:30,1478.60,1478.60,1478.60,1478.60,50,9450
20211102,09:45,1557.95,1557.95,1557.95,1557.95,25,9500
20211102,09:52,1593.20,1593.20,1593.20,1593.20,25,9525
20211102,10:06,1550.45,1550.45,1550.45,1550.45,25,9550
20211102,10:12,1585.40,1585.40,1585.40,1585.40,25,9550
20211102,10:31,1655.00,1655.00,1655.00,1655.00,50,9575
20211102,10:53,1672.95,1672.95,1672.95,1672.95,25,9600
20211102,11:29,1672.95,1672.95,1672.95,1672.95,25,9625
20211102,11:55,1465.70,1465.70,1465.70,1465.70,25,9625
20211102,12:00,1364.70,1364.70,1364.70,1364.70,175,9600
20211102,12:02,1363.90,1363.90,1363.90,1363.90,250,9600
20211102,12:07,1360.55,1360.55,1360.55,1360.55,25,9600
20211102,12:09,1360.55,1360.55,1360.55,1360.55,550,9325
20211102,12:10,1360.00,1360.00,1360.00,1360.00,275,9325
20211102,12:11,1370.00,1370.00,1370.00,1370.00,25,9325
20211102,12:21,1365.05,1365.05,1365.05,1365.05,25,8800
20211102,12:30,1455.35,1455.35,1455.35,1455.35,25,8775
20211102,13:02,1464.90,1464.90,1464.90,1464.90,50,8775
20211102,13:03,1423.15,1423.15,1423.15,1423.15,25,8775
20211102,13:52,1378.50,1378.50,1378.50,1378.50,25,8725
20211102,14:02,1563.85,1563.85,1563.85,1563.85,25,8725
20211102,14:04,1545.05,1545.05,1545.05,1545.05,25,8725
20211102,15:15,1399.55,1399.55,1399.55,1399.55,25,8750
20211102,15:17,1419.45,1419.45,1419.45,1419.45,25,8750
20211102,15:24,1422.85,1422.85,1422.85,1422.85,25,8750
20211102,15:25,1417.25,1417.25,1417.25,1417.25,25,8750
20211103,09:23,1423.10,1423.10,1423.10,1423.10,26,8775
20211103,09:35,1340.00,1340.00,1340.00,1340.00,25,8800
20211103,09:36,1316.10,1316.10,1316.10,1316.10,50,8775
20211103,09:38,1304.40,1304.40,1304.40,1304.40,25,8775
20211103,09:40,1304.40,1304.40,1304.40,1304.40,25,8700
20211103,09:41,1300.75,1300.75,1300.75,1300.75,50,8700
20211103,09:42,1316.35,1316.35,1316.35,1316.35,75,8625
20211103,09:43,1321.00,1321.00,1321.00,1321.00,25,8625
20211103,09:44,1304.80,1304.80,1304.80,1304.80,25,8625
20211103,09:48,1314.00,1314.00,1314.00,1314.00,25,8500
20211103,09:49,1329.50,1329.50,1329.50,1329.50,25,8475
20211103,09:50,1310.65,1310.65,1310.65,1310.65,50,8475
20211103,09:51,1307.55,1307.55,1307.55,1307.55,50,8400
20211103,09:55,1319.40,1319.40,1319.40,1319.40,50,8350
20211103,09:56,1317.50,1317.50,1317.50,1317.50,75,8350
20211103,11:37,1449.25,1449.25,1449.25,1449.25,100,8225
20211103,12:53,1635.15,1635.15,1635.15,1635.15,25,8225
20211103,12:55,1635.15,1635.15,1635.15,1635.15,25,8225
20211103,13:10,1795.65,1795.65,1795.65,1795.65,25,8225
20211103,13:14,1885.05,1885.05,1885.05,1885.05,50,8225
20211103,13:24,1910.00,1910.00,1910.00,1910.00,25,8225
20211103,13:25,1910.00,1910.00,1910.00,1910.00,50,8200
20211103,13:57,1422.70,1422.70,1422.70,1422.70,25,8150
20211103,13:59,1470.85,1470.85,1470.85,1470.85,50,8125
20211103,14:01,1488.00,1488.00,1488.00,1488.00,50,8125
20211103,14:08,1504.40,1504.40,1504.40,1504.40,400,8125
20211103,14:27,1800.00,1800.00,1800.00,1800.00,25,8125
20211103,14:28,1780.00,1780.00,1780.00,1780.00,25,8125
20211103,14:30,1853.10,1853.10,1853.10,1853.10,400,8075
20211103,14:33,1854.75,1854.75,1854.75,1854.75,200,7875
20211103,14:44,1793.55,1793.55,1793.55,1793.55,200,7875
20211103,14:48,1880.80,1880.80,1880.80,1880.80,200,8075
20211103,15:04,1880.00,1880.00,1880.00,1880.00,125,7875
20211103,15:10,1865.00,1865.00,1865.00,1865.00,100,7800
20211103,15:15,1913.45,1913.45,1913.45,1913.45,50,7800
20211103,15:16,1913.80,1913.80,1913.80,1913.80,75,7800
20211103,15:20,1879.25,1879.25,1879.25,1879.25,200,7800
20211103,15:21,1912.50,1912.50,1912.50,1912.50,200,7800
20211103,15:28,1912.50,1912.50,1912.50,1912.50,25,7800
20211103,15:30,1909.45,1909.45,1909.45,1909.45,100,7825
20211108,09:22,1999.20,2000.00,1999.20,2000.00,527,7725
20211108,09:23,2026.10,2026.10,2026.10,2026.10,25,7725
20211108,09:25,2050.00,2050.00,2050.00,2050.00,500,7725
20211108,09:31,2050.00,2050.00,2050.00,2050.00,25,7725
20211108,09:35,1900.00,1900.00,1900.00,1900.00,25,7700
20211108,09:41,1938.25,1938.25,1938.25,1938.25,25,7725
20211108,09:44,1960.00,1960.00,1960.00,1960.00,50,7725
20211108,09:45,1960.00,1960.00,1960.00,1960.00,200,7725
20211108,09:48,1960.00,1960.00,1960.00,1960.00,250,7575
20211108,09:53,1960.00,1960.00,1960.00,1960.00,150,7475
20211108,09:56,1993.55,1993.55,1993.55,1993.55,25,7475
20211108,10:11,2110.15,2110.15,2110.15,2110.15,25,7450
20211108,10:24,2110.15,2110.15,2110.15,2110.15,25,7450
20211108,10:27,2089.50,2089.50,2089.50,2089.50,25,7425
20211108,10:44,2000.00,2000.00,2000.00,2000.00,25,7425
20211108,10:48,2026.15,2026.15,2026.15,2026.15,25,7400
20211108,10:59,2057.60,2057.60,2057.60,2057.60,50,7375
20211108,11:12,2010.00,2010.00,2010.00,2010.00,250,7425
20211108,11:15,2020.00,2020.00,2020.00,2020.00,250,7300
20211108,11:16,2023.75,2023.75,2023.75,2023.75,25,7300
20211108,11:17,2049.90,2049.90,2049.90,2049.90,50,7300
20211108,11:30,2210.35,2210.35,2210.35,2210.35,50,7300
20211108,12:50,2210.35,2210.35,2210.35,2210.35,75,7350
20211108,13:12,1935.70,1935.70,1935.70,1935.70,25,7400
20211108,13:53,1850.50,1850.50,1850.50,1850.50,25,7400
20211108,15:07,1791.75,1791.75,1791.75,1791.75,50,7375
20211108,15:16,1767.65,1767.65,1767.65,1767.65,50,7325
20211108,15:20,1737.65,1737.65,1737.65,1737.65,50,7275
20211109,12:05,1731.70,1731.70,1731.70,1731.70,51,7225
20211110,09:47,2280.00,2280.00,2280.00,2280.00,26,7175
20211110,11:27,2184.40,2184.40,2184.40,2184.40,25,7150
20211110,11:32,2184.40,2184.40,2184.40,2184.40,25,7125
20211110,12:14,2184.40,2184.40,2184.40,2184.40,25,7100
20211110,14:15,2042.35,2042.35,2042.35,2042.35,25,7075
20211110,15:01,2042.35,2042.35,2042.35,2042.35,25,7050
20211111,10:04,2447.50,2447.50,2447.50,2447.50,26,7075
20211111,10:05,2450.00,2450.00,2450.00,2450.00,175,7075
20211111,12:49,2600.00,2600.00,2600.00,2600.00,25,7025
20211111,12:59,2600.00,2600.00,2600.00,2600.00,25,7025
20211111,13:19,2543.40,2543.40,2543.40,2543.40,25,7025
20211111,14:11,2669.55,2669.55,2669.55,2669.55,150,7025
20211111,14:27,2660.00,2660.00,2660.00,2660.00,50,7175
20211111,14:29,2660.00,2660.00,2660.00,2660.00,25,7175
20211111,14:30,2650.00,2650.00,2650.00,2650.00,25,7175
20211111,14:33,2620.00,2620.00,2620.00,2620.00,25,7175
20211111,14:35,2600.00,2600.00,2600.00,2600.00,50,7200
20211111,14:39,2620.00,2620.00,2620.00,2620.00,50,7250
20211111,14:44,2592.45,2592.45,2592.45,2592.45,50,7300
20211111,14:45,2620.00,2620.00,2620.00,2620.00,50,7300
20211111,14:53,2620.00,2620.00,2620.00,2620.00,25,7400
20211111,15:10,2550.00,2550.00,2550.00,2550.00,25,7400
20211112,10:33,2550.00,2550.00,2550.00,2550.00,26,7400
20211112,11:21,2550.00,2550.00,2550.00,2550.00,25,7400
20211112,11:31,2550.00,2550.00,2550.00,2550.00,50,7425
20211112,12:29,2520.00,2520.00,2520.00,2520.00,25,7375
20211112,15:05,2353.45,2353.45,2353.45,2353.45,50,7375
20211115,10:19,2332.85,2332.90,2332.85,2332.90,52,7300
20211115,10:25,2298.00,2298.00,2298.00,2298.00,250,7275
20211115,11:50,2298.00,2298.00,2298.00,2298.00,25,7275
20211115,13:08,2403.70,2403.70,2403.70,2403.70,25,7250
20211115,15:19,2366.65,2366.65,2366.65,2366.65,25,7250
20211116,09:57,2661.40,2661.40,2661.40,2661.40,26,7250
20211116,09:59,2659.80,2659.80,2659.80,2659.80,25,7250
20211116,10:14,2539.20,2539.20,2539.20,2539.20,25,7225
20211116,10:41,2539.20,2539.20,2539.20,2539.20,50,7200
20211116,11:37,2676.65,2676.65,2676.65,2676.65,25,7150
20211116,12:58,2676.65,2676.65,2676.65,2676.65,75,7125
20211116,14:24,2800.00,2800.00,2800.00,2800.00,100,7125
20211116,15:28,2881.80,2881.80,2881.80,2881.80,25,7225
20211117,10:03,2830.40,2830.40,2830.40,2830.40,26,7200
20211117,10:04,2776.00,2776.00,2776.00,2776.00,175,7200
20211117,10:05,2757.65,2757.65,2757.65,2757.65,75,7200
20211117,10:06,2757.65,2757.65,2750.35,2750.35,200,7200
20211117,11:36,2750.35,2750.35,2750.35,2750.35,25,7200
20211117,13:52,2842.05,2842.05,2842.05,2842.05,25,7200
20211117,15:19,3067.00,3067.00,3067.00,3067.00,250,7200
20211118,09:52,3040.10,3040.10,3040.10,3040.10,26,6975
20211118,11:06,3197.10,3197.10,3197.10,3197.10,125,6950
20211118,13:07,3198.95,3198.95,3198.95,3198.95,25,6950
20211118,13:49,3198.95,3198.95,3198.95,3198.95,25,6950
20211118,14:17,3172.85,3172.85,3172.85,3172.85,75,6950
20211118,15:06,3162.40,3162.40,3162.40,3162.40,25,6950
20211122,10:06,3481.55,3481.75,3481.55,3481.75,127,6950
20211122,10:13,3423.85,3423.85,3423.85,3423.85,25,6825
20211122,10:45,3423.85,3423.85,3423.85,3423.85,25,6825
20211122,11:18,3786.10,3786.10,3786.10,3786.10,25,6825
20211122,11:24,3786.10,3786.10,3786.10,3786.10,25,6825
20211122,11:30,3769.30,3769.30,3769.30,3769.30,25,6800
20211122,13:16,3989.80,4004.15,3989.80,3997.10,175,6800
20211122,13:29,4113.15,4113.15,4113.15,4113.15,25,6875
20211122,13:30,4119.10,4119.10,4119.10,4119.10,25,6875
20211122,13:59,4187.05,4187.05,4187.05,4187.05,75,6825
20211122,14:16,4205.35,4205.35,4205.35,4205.35,100,6850
20211122,15:00,4205.35,4205.35,4205.35,4205.35,25,6925
20211122,15:12,4018.90,4018.90,4018.90,4018.90,50,6900
20211123,09:16,4323.65,4323.65,4285.05,4285.05,151,6900
20211123,09:18,4405.75,4405.75,4405.75,4405.75,100,6850
20211123,09:19,4405.75,4405.75,4405.75,4405.75,50,6850
20211123,09:20,4400.40,4400.40,4400.40,4400.40,50,6775
20211123,09:28,4208.45,4208.45,4208.45,4208.45,50,6725
20211123,12:07,3900.00,3900.00,3900.00,3900.00,100,6725
20211124,09:31,3720.00,3720.00,3720.00,3720.00,26,6725
20211124,10:33,3501.00,3501.00,3501.00,3501.00,25,6625
20211124,11:11,3473.40,3473.40,3473.40,3473.40,25,6575
20211124,13:14,3380.00,3380.00,3365.00,3365.00,75,6575
20211124,14:21,3365.00,3365.00,3365.00,3365.00,25,6500
20211125,10:06,4000.00,4000.00,4000.00,4000.00,26,6475
20211125,10:23,4040.00,4040.00,4040.00,4040.00,25,6475
20211125,11:31,4040.00,4040.00,4040.00,4040.00,25,6450
20211125,11:32,3775.00,3775.00,3775.00,3775.00,25,6450
20211125,11:45,3775.00,3775.00,3775.00,3775.00,25,6400
20211125,12:48,3920.00,3920.00,3920.00,3920.00,100,6375
20211125,13:37,3927.65,3927.65,3927.65,3927.65,50,6375
20211125,13:50,3880.00,3880.00,3880.00,3880.00,75,6250
20211125,13:56,3890.00,3890.00,3890.00,3890.00,75,6200
20211125,14:03,3890.00,3890.00,3890.00,3890.00,75,6200
20211125,14:06,3900.00,3900.00,3900.00,3900.00,75,6150
20211125,14:22,3858.70,3858.70,3858.70,3858.70,25,6000
20211125,14:23,3775.00,3775.00,3761.40,3761.40,50,6000
20211125,14:25,3761.40,3761.40,3761.40,3761.40,25,5975
20211125,14:26,3700.00,3700.00,3700.00,3700.00,25,5975
20211125,14:41,3700.00,3700.00,3700.00,3700.00,25,5975
20211125,14:47,3741.00,3741.00,3741.00,3741.00,25,5975
20211125,15:18,3893.45,3893.45,3893.45,3893.45,250,5950
20211125,15:19,3884.80,3884.80,3884.80,3884.80,25,5950
20211125,15:25,3854.25,3854.25,3854.25,3854.25,50,5675
20211125,15:28,3866.15,3866.15,3866.15,3866.15,25,5625
