20221027,09:18,2.75,2.75,2.75,2.75,26,375
20221027,09:19,2.75,2.75,2.75,2.75,275,375
20221027,09:20,2.75,2.75,2.75,2.75,150,375
20221027,09:21,2.70,2.70,2.70,2.70,25,375
20221027,09:22,2.70,2.70,2.65,2.65,125,375
20221027,09:26,2.65,2.65,2.65,2.65,875,600
20221027,09:27,2.70,2.70,2.70,2.70,25,600
20221027,09:32,2.55,2.55,2.55,2.55,100,1500
20221027,09:35,2.55,2.55,2.55,2.55,700,1600
20221027,09:36,2.70,2.70,2.70,2.70,25,1600
20221027,09:41,2.65,2.65,2.65,2.65,25,2325
20221027,09:42,2.50,2.50,2.50,2.50,25,2350
20221027,09:48,2.50,2.50,2.40,2.40,300,2350
20221027,09:58,2.25,2.25,2.25,2.25,100,2650
20221027,10:07,2.25,2.25,2.25,2.25,100,2650
20221027,10:17,2.20,2.20,2.20,2.20,50,2750
20221027,10:18,2.20,2.20,2.20,2.20,150,2750
20221027,10:40,2.20,2.20,2.20,2.20,100,2875
20221027,10:41,2.35,2.35,2.35,2.35,25,2875
20221027,10:42,2.35,2.35,2.35,2.35,225,2925
20221027,10:43,2.35,2.35,2.30,2.30,175,2925
20221027,10:45,2.30,2.30,2.30,2.30,25,3075
20221027,10:47,2.30,2.30,2.30,2.30,50,3075
20221027,10:53,2.20,2.20,2.20,2.20,25,3150
20221027,11:09,2.15,2.15,2.15,2.15,25,3150
20221027,11:12,2.15,2.15,2.15,2.15,25,3125
20221027,11:24,2.25,2.25,2.25,2.25,300,3125
20221027,11:27,2.20,2.20,2.20,2.20,100,3425
20221027,11:31,2.20,2.20,2.20,2.20,150,3475
20221027,11:49,2.20,2.20,2.20,2.20,150,3625
20221027,11:55,2.20,2.20,2.20,2.20,25,3625
20221027,11:57,2.20,2.20,2.20,2.20,325,3625
20221027,12:05,2.20,2.20,2.20,2.20,200,3625
20221027,12:06,2.30,2.30,2.30,2.30,875,3825
20221027,12:08,2.30,2.30,2.30,2.30,25,3825
20221027,12:12,2.30,2.30,2.30,2.30,1000,4625
20221027,12:20,2.25,2.25,2.25,2.25,25,4875
20221027,12:21,2.15,2.15,2.10,2.10,825,4900
20221027,12:22,2.10,2.10,2.00,2.00,800,4900
20221027,12:25,2.00,2.00,2.00,2.00,225,6450
20221027,12:45,2.00,2.00,2.00,2.00,150,6450
20221027,12:55,2.10,2.10,2.10,2.10,25,6600
20221027,13:00,2.10,2.10,2.10,2.10,25,6625
20221027,13:05,2.10,2.10,2.10,2.10,25,6650
20221027,13:09,2.10,2.10,2.10,2.10,25,6675
20221027,13:21,2.15,2.15,2.15,2.15,25,6675
20221027,13:22,2.15,2.15,2.15,2.15,50,6675
20221027,13:30,2.15,2.15,2.15,2.15,25,6650
20221027,13:35,2.15,2.15,2.15,2.15,25,6675
20221027,13:40,2.15,2.15,2.15,2.15,50,6700
20221027,13:43,2.15,2.15,2.15,2.15,275,6700
20221027,13:44,2.15,2.15,2.15,2.15,25,6700
20221027,13:47,2.15,2.15,2.15,2.15,1125,7000
20221027,13:51,2.15,2.15,2.15,2.15,25,8125
20221027,13:58,2.10,2.10,2.10,2.10,50,8150
20221027,14:03,2.10,2.10,2.10,2.10,100,8150
20221027,14:05,2.10,2.10,2.10,2.10,50,8150
20221027,14:08,2.15,2.15,2.15,2.15,25,8050
20221027,14:13,2.15,2.15,2.15,2.15,25,8075
20221027,14:21,2.10,2.10,2.00,2.00,250,8100
20221027,14:30,2.15,2.15,2.15,2.15,50,8050
20221027,14:33,2.00,2.00,2.00,2.00,700,8100
20221027,14:40,2.10,2.10,2.10,2.10,50,8800
20221027,14:42,2.10,2.10,2.10,2.10,25,8800
20221027,14:48,2.10,2.10,2.10,2.10,625,8825
20221027,14:49,2.10,2.10,2.10,2.10,400,8825
20221027,14:50,2.10,2.10,2.10,2.10,1400,8825
20221027,14:51,2.10,2.15,2.10,2.10,1600,11650
20221027,14:52,2.10,2.10,2.10,2.10,2275,11650
20221027,14:53,2.00,2.00,1.90,1.90,13000,11650
20221027,14:55,1.90,1.90,1.90,1.90,100,28125
20221027,14:56,2.00,2.00,2.00,2.00,2400,28125
20221027,14:57,1.95,2.00,1.95,1.95,600,31200
20221027,14:58,1.95,1.95,1.95,1.95,9000,31200
20221027,14:59,1.95,1.95,1.95,1.95,2325,31200
20221027,15:03,1.95,1.95,1.95,1.95,1200,42525
20221027,15:07,2.00,2.00,1.95,1.95,2475,43725
20221027,15:08,1.95,1.95,1.95,1.95,1200,43725
20221027,15:09,1.95,1.95,1.95,1.95,1500,47650
20221027,15:11,1.95,2.05,1.95,2.05,4525,47650
20221027,15:12,2.00,2.05,2.00,2.05,1450,51475
20221027,15:13,2.00,2.00,1.95,1.95,2400,51475
20221027,15:14,1.95,1.95,1.95,1.95,1350,51475
20221027,15:15,1.95,2.00,1.90,2.00,13000,62975
20221027,15:16,2.00,2.00,2.00,2.00,1000,62975
20221027,15:18,1.95,1.95,1.95,1.95,1200,62975
20221027,15:19,2.00,2.00,1.95,1.95,1275,64275
20221027,15:20,1.95,2.00,1.95,2.00,625,64275
20221027,15:21,2.00,2.00,2.00,2.00,1925,65525
20221027,15:22,2.10,2.10,2.00,2.00,1750,65525
20221027,15:23,1.95,2.00,1.95,2.00,2025,65525
20221027,15:24,2.00,2.05,2.00,2.05,975,69900
20221027,15:25,2.05,2.05,1.95,2.00,1650,69900
20221027,15:26,2.00,2.00,1.95,2.00,1750,69900
20221027,15:27,2.05,2.05,2.00,2.00,2850,73825
20221027,15:28,1.95,2.00,1.95,1.95,2725,73825
20221027,15:29,1.95,2.00,1.95,2.00,10250,73825
20221028,09:15,2.00,2.00,1.90,1.90,34177,85075
20221028,09:16,1.90,1.95,1.90,1.95,19150,85075
20221028,09:17,1.90,1.95,1.90,1.95,5500,131800
20221028,09:18,1.95,2.00,1.95,2.00,20025,131800
20221028,09:19,2.00,2.00,1.95,1.95,6900,131800
20221028,09:20,1.95,2.00,1.95,1.95,7650,148675
20221028,09:21,1.95,2.00,1.95,1.95,8100,148675
20221028,09:22,1.95,1.95,1.90,1.90,13375,148675
20221028,09:23,1.95,1.95,1.90,1.90,1700,163875
20221028,09:24,1.95,1.95,1.90,1.95,275,163875
20221028,09:25,1.95,1.95,1.90,1.90,6750,163875
20221028,09:26,1.90,2.00,1.90,2.00,44225,164450
20221028,09:27,2.00,2.05,1.95,2.05,141200,164450
20221028,09:28,2.05,2.15,2.00,2.10,145200,164450
20221028,09:29,2.10,2.25,2.10,2.15,205875,343150
20221028,09:30,2.15,2.15,2.10,2.10,73900,343150
20221028,09:31,2.10,2.15,2.05,2.15,42650,343150
20221028,09:32,2.15,2.20,2.10,2.15,97400,527525
20221028,09:33,2.15,2.15,2.10,2.10,30500,527525
20221028,09:34,2.10,2.10,2.00,2.00,17350,527525
20221028,09:35,2.00,2.00,2.00,2.00,2925,588125
20221028,09:36,2.05,2.05,2.00,2.00,1650,588125
20221028,09:37,2.00,2.05,2.00,2.00,41650,588125
20221028,09:38,2.00,2.05,1.85,1.85,171675,612300
20221028,09:39,1.85,1.90,1.85,1.85,151925,612300
20221028,09:40,1.90,1.95,1.85,1.95,43825,612300
20221028,09:41,1.95,1.95,1.90,1.90,20025,570650
20221028,09:42,1.90,1.95,1.90,1.90,11000,570650
20221028,09:43,1.90,1.90,1.85,1.90,24900,570650
20221028,09:44,1.90,1.95,1.85,1.90,59750,577625
20221028,09:45,1.90,1.90,1.90,1.90,14100,577625
20221028,09:46,1.90,1.90,1.90,1.90,2550,577625
20221028,09:47,1.90,1.90,1.85,1.85,20575,574475
20221028,09:48,1.85,1.85,1.80,1.80,91100,574475
20221028,09:49,1.80,1.85,1.80,1.80,84375,574475
20221028,09:50,1.80,1.85,1.80,1.85,15950,547100
20221028,09:51,1.85,1.85,1.80,1.80,59575,547100
20221028,09:52,1.80,1.85,1.80,1.85,8700,547100
20221028,09:53,1.85,1.85,1.80,1.80,7025,537575
20221028,09:54,1.80,1.85,1.80,1.85,2825,537575
20221028,09:55,1.85,1.85,1.85,1.85,1550,537575
20221028,09:56,1.85,1.85,1.85,1.85,25,537575
20221028,09:57,1.85,1.85,1.80,1.85,350,535075
20221028,09:58,1.85,1.90,1.85,1.90,49625,535075
20221028,09:59,1.85,1.90,1.85,1.85,3800,536525
20221028,10:01,1.90,1.90,1.85,1.85,1225,536525
20221028,10:02,1.90,1.90,1.90,1.90,25,536525
20221028,10:03,1.85,1.90,1.85,1.85,1300,536525
20221028,10:04,1.85,1.85,1.80,1.80,20800,536525
20221028,10:05,1.85,1.85,1.85,1.85,275,534300
20221028,10:06,1.85,1.85,1.85,1.85,2800,534300
20221028,10:07,1.80,1.85,1.80,1.85,1500,534300
20221028,10:08,1.85,1.85,1.80,1.85,3525,534300
20221028,10:09,1.85,1.85,1.80,1.85,7250,534300
20221028,10:10,1.85,1.90,1.80,1.85,83400,534300
20221028,10:11,1.85,1.90,1.80,1.80,16425,533100
20221028,10:12,1.85,1.85,1.85,1.85,650,533100
20221028,10:13,1.80,1.85,1.80,1.85,20575,533100
20221028,10:14,1.85,1.85,1.80,1.80,4375,540225
20221028,10:15,1.80,1.85,1.80,1.85,7950,540225
20221028,10:16,1.85,1.85,1.85,1.85,1575,540225
20221028,10:17,1.85,1.90,1.80,1.90,61050,538425
20221028,10:18,1.90,1.90,1.85,1.85,50400,538425
20221028,10:19,1.85,1.85,1.85,1.85,25550,538425
20221028,10:20,1.85,1.95,1.85,1.85,150525,534925
20221028,10:21,1.85,1.95,1.85,1.95,131600,534925
20221028,10:22,1.95,2.00,1.95,2.00,125725,534925
20221028,10:23,2.00,2.00,1.95,1.95,59025,571050
20221028,10:25,1.90,1.95,1.90,1.95,500,571050
20221028,10:27,1.95,1.95,1.95,1.95,150,570925
20221028,10:28,1.90,1.90,1.85,1.85,12425,570925
20221028,10:29,1.90,1.90,1.90,1.90,25,570925
20221028,10:30,1.90,2.00,1.90,1.95,78550,574275
20221028,10:31,1.95,1.95,1.90,1.95,20725,574275
20221028,10:32,1.90,1.95,1.85,1.85,144750,602500
20221028,10:33,1.85,1.85,1.80,1.80,104375,602500
20221028,10:34,1.80,1.80,1.80,1.80,88375,602500
20221028,10:35,1.75,1.85,1.75,1.75,69500,579425
20221028,10:36,1.75,1.80,1.75,1.75,25825,579425
20221028,10:37,1.80,1.80,1.80,1.80,24075,579425
20221028,10:38,1.80,1.85,1.80,1.85,5175,572725
20221028,10:39,1.85,1.85,1.80,1.80,6025,572725
20221028,10:40,1.85,1.85,1.85,1.85,18350,572725
20221028,10:41,1.85,1.85,1.80,1.85,5850,569125
20221028,10:42,1.85,1.90,1.80,1.90,106575,569125
20221028,10:43,1.90,1.90,1.85,1.90,84375,569125
20221028,10:44,1.90,1.90,1.85,1.90,97750,575100
20221028,10:45,1.85,1.85,1.85,1.85,4775,575100
20221028,10:47,1.90,1.90,1.85,1.85,50,573300
20221028,10:48,1.90,1.90,1.90,1.90,500,573300
20221028,10:49,1.90,1.90,1.90,1.90,100,573300
20221028,10:50,1.90,1.90,1.90,1.90,575,573300
20221028,10:51,1.90,1.90,1.90,1.90,25,573300
20221028,10:52,1.90,1.90,1.85,1.85,150,573300
20221028,10:53,1.90,1.90,1.85,1.85,18975,573175
20221028,10:54,1.85,1.85,1.80,1.80,14775,573175
20221028,10:55,1.80,1.80,1.80,1.80,43075,573175
20221028,10:56,1.80,1.80,1.80,1.80,52125,572875
20221028,10:57,1.80,1.80,1.80,1.80,7650,572875
20221028,10:58,1.80,1.80,1.75,1.75,45125,572875
20221028,10:59,1.75,1.75,1.75,1.75,25075,569700
20221028,11:00,1.75,1.80,1.75,1.80,3300,569700
20221028,11:01,1.80,1.80,1.80,1.80,21500,569700
20221028,11:02,1.80,1.80,1.80,1.80,21300,570900
20221028,11:04,1.80,1.80,1.80,1.80,10325,570900
20221028,11:06,1.80,1.80,1.80,1.80,25,573875
20221028,11:07,1.80,1.85,1.80,1.80,20800,573875
20221028,11:08,1.80,1.85,1.80,1.80,27000,595475
20221028,11:09,1.85,1.85,1.80,1.80,2475,595475
20221028,11:10,1.80,1.80,1.75,1.80,6775,595475
20221028,11:11,1.80,1.80,1.75,1.80,17475,614725
20221028,11:12,1.75,1.80,1.75,1.80,3525,614725
20221028,11:13,1.80,1.80,1.80,1.80,7050,614725
20221028,11:14,1.80,1.80,1.75,1.80,4725,627375
20221028,11:15,1.80,1.85,1.75,1.85,33800,627375
20221028,11:16,1.85,1.85,1.85,1.85,12000,627375
20221028,11:17,1.85,1.85,1.85,1.85,21150,651175
20221028,11:18,1.80,1.80,1.80,1.80,2150,651175
20221028,11:19,1.85,1.85,1.80,1.80,3425,651175
20221028,11:20,1.80,1.85,1.80,1.85,5875,651975
20221028,11:21,1.80,1.85,1.80,1.80,2700,651975
20221028,11:22,1.80,1.80,1.75,1.75,36150,651975
20221028,11:23,1.75,1.75,1.75,1.75,32300,652400
20221028,11:24,1.80,1.80,1.75,1.80,20200,652400
20221028,11:25,1.80,1.80,1.75,1.80,2425,652400
20221028,11:26,1.80,1.80,1.80,1.80,31525,646600
20221028,11:27,1.80,1.85,1.80,1.85,57000,646600
20221028,11:28,1.85,1.85,1.80,1.85,15775,646600
20221028,11:29,1.80,1.85,1.80,1.85,36000,548325
20221028,11:30,1.85,1.85,1.80,1.85,19700,548325
20221028,11:31,1.85,1.85,1.85,1.85,8925,548325
20221028,11:32,1.85,1.85,1.80,1.80,4250,548325
20221028,11:33,1.85,1.85,1.85,1.85,25,518850
20221028,11:34,1.80,1.80,1.80,1.80,1200,518850
20221028,11:35,1.80,1.80,1.80,1.80,25,518850
20221028,11:37,1.85,1.85,1.85,1.85,1525,518600
20221028,11:38,1.80,1.85,1.80,1.80,1500,518600
20221028,11:39,1.85,1.85,1.80,1.80,1325,518600
20221028,11:40,1.80,1.85,1.80,1.85,700,518600
20221028,11:41,1.80,1.80,1.80,1.80,2200,519250
20221028,11:42,1.80,1.85,1.80,1.85,1275,519250
20221028,11:44,1.85,1.85,1.80,1.80,5850,519250
20221028,11:45,1.85,1.85,1.85,1.85,1125,521650
20221028,11:46,1.80,1.80,1.80,1.80,12000,521650
20221028,11:47,1.80,1.80,1.75,1.75,5050,525175
20221028,11:48,1.75,1.75,1.75,1.75,25,525175
20221028,11:49,1.75,1.80,1.75,1.80,3225,525175
20221028,11:50,1.80,1.80,1.80,1.80,1325,525825
20221028,11:51,1.75,1.80,1.75,1.80,125,525825
20221028,11:52,1.80,1.85,1.80,1.85,17150,525825
20221028,11:54,1.85,1.85,1.85,1.85,200,519975
20221028,11:55,1.80,1.85,1.80,1.85,4625,519975
20221028,11:56,1.85,1.85,1.85,1.85,1025,521925
20221028,11:57,1.80,1.80,1.80,1.80,125,521925
20221028,11:59,1.80,1.80,1.80,1.80,25,521925
20221028,12:00,1.80,1.80,1.80,1.80,1200,521925
20221028,12:01,1.80,1.85,1.80,1.80,27275,521925
20221028,12:02,1.80,1.85,1.80,1.80,41675,545875
20221028,12:03,1.80,1.85,1.80,1.80,25150,545875
20221028,12:04,1.80,1.85,1.80,1.80,20075,545875
20221028,12:05,1.80,1.80,1.75,1.75,4250,545875
20221028,12:06,1.80,1.80,1.80,1.80,425,582725
20221028,12:07,1.75,1.80,1.75,1.80,5525,582725
20221028,12:08,1.80,1.85,1.80,1.85,4150,584350
20221028,12:09,1.80,1.85,1.80,1.80,4800,584350
20221028,12:10,1.85,1.85,1.80,1.80,5725,584350
20221028,12:11,1.80,1.80,1.80,1.80,100,584350
20221028,12:12,1.80,1.80,1.80,1.80,4100,578350
20221028,12:13,1.85,1.85,1.85,1.85,25,578350
20221028,12:14,1.80,1.80,1.80,1.80,1225,583250
20221028,12:16,1.75,1.80,1.75,1.80,3175,583250
20221028,12:17,1.85,1.85,1.80,1.80,3450,582825
20221028,12:18,1.80,1.80,1.80,1.80,2400,582825
20221028,12:19,1.80,1.80,1.80,1.80,1400,582825
20221028,12:21,1.80,1.85,1.80,1.85,2450,582625
20221028,12:22,1.80,1.80,1.80,1.80,1200,582625
20221028,12:23,1.80,1.80,1.80,1.80,3475,582500
20221028,12:24,1.80,1.85,1.80,1.80,11750,582500
20221028,12:25,1.85,1.85,1.80,1.80,5750,582500
20221028,12:26,1.80,1.80,1.80,1.80,1200,582500
20221028,12:27,1.80,1.80,1.75,1.75,75,584900
20221028,12:28,1.80,1.80,1.80,1.80,375,584900
20221028,12:29,1.75,1.80,1.75,1.80,75,584875
20221028,12:32,1.80,1.80,1.80,1.80,3600,584875
20221028,12:33,1.80,1.80,1.80,1.80,2425,584875
20221028,12:34,1.75,1.80,1.75,1.80,50,584875
20221028,12:35,1.80,1.80,1.80,1.80,150,584875
20221028,12:37,1.80,1.80,1.75,1.80,200,581250
20221028,12:38,1.75,1.80,1.75,1.80,300,581250
20221028,12:39,1.75,1.80,1.75,1.80,400,581250
20221028,12:40,1.75,1.80,1.75,1.75,175,581250
20221028,12:41,1.80,1.80,1.75,1.75,150,581250
20221028,12:42,1.75,1.75,1.75,1.75,50,581250
20221028,12:44,1.75,1.75,1.75,1.75,275,581250
20221028,12:45,1.75,1.75,1.75,1.75,500,581550
20221028,12:46,1.75,1.75,1.75,1.75,300,581550
20221028,12:47,1.75,1.75,1.75,1.75,25,582350
20221028,12:48,1.80,1.80,1.80,1.80,300,582350
20221028,12:49,1.80,1.80,1.80,1.80,500,582350
20221028,12:51,1.80,1.80,1.80,1.80,25,582375
20221028,12:52,1.80,1.80,1.80,1.80,25,582375
20221028,12:53,1.80,1.80,1.80,1.80,25,582375
20221028,12:54,1.80,1.80,1.80,1.80,25,582375
20221028,12:55,1.75,1.75,1.75,1.75,75,582375
20221028,12:56,1.75,1.75,1.75,1.75,2400,583575
20221028,12:58,1.80,1.80,1.80,1.80,25,583575
20221028,12:59,1.80,1.80,1.75,1.80,4200,580975
20221028,13:00,1.75,1.80,1.75,1.80,2700,580975
20221028,13:01,1.80,1.80,1.75,1.80,21500,580975
20221028,13:02,1.75,1.85,1.75,1.85,27050,552175
20221028,13:03,1.85,1.85,1.85,1.85,7175,552175
20221028,13:04,1.85,1.85,1.80,1.80,4475,552175
20221028,13:05,1.85,1.85,1.80,1.85,3575,544300
20221028,13:06,1.80,1.85,1.80,1.85,350,544300
20221028,13:07,1.80,1.85,1.80,1.85,300,544300
20221028,13:08,1.80,1.80,1.80,1.80,3375,544300
20221028,13:09,1.75,1.75,1.75,1.75,25,541050
20221028,13:10,1.80,1.80,1.80,1.80,50,541050
20221028,13:11,1.75,1.75,1.75,1.75,25,541050
20221028,13:12,1.75,1.80,1.75,1.75,275,541000
20221028,13:13,1.80,1.80,1.75,1.75,50,541000
20221028,13:14,1.80,1.80,1.80,1.80,1200,541000
20221028,13:16,1.80,1.80,1.75,1.80,750,541000
20221028,13:17,1.75,1.80,1.75,1.80,4025,538700
20221028,13:18,1.75,1.80,1.75,1.80,250,538700
20221028,13:19,1.75,1.80,1.75,1.80,300,538700
20221028,13:20,1.75,1.80,1.75,1.75,325,537500
20221028,13:21,1.80,1.80,1.75,1.80,350,537500
20221028,13:22,1.75,1.80,1.75,1.80,250,537500
20221028,13:23,1.75,1.80,1.75,1.75,375,537500
20221028,13:25,1.80,1.80,1.80,1.80,800,537500
20221028,13:27,1.80,1.80,1.75,1.80,1250,536700
20221028,13:29,1.80,1.80,1.75,1.75,250,536700
20221028,13:30,1.80,1.80,1.75,1.80,475,535500
20221028,13:31,1.80,1.80,1.75,1.75,425,535500
20221028,13:32,1.80,1.80,1.75,1.80,175,535500
20221028,13:33,1.75,1.80,1.75,1.80,200,535500
20221028,13:34,1.75,1.80,1.75,1.75,175,535500
20221028,13:35,1.80,1.80,1.75,1.80,175,535500
20221028,13:36,1.75,1.80,1.75,1.75,325,535500
20221028,13:37,1.80,1.80,1.75,1.75,100,535500
20221028,13:38,1.80,1.80,1.75,1.80,200,535500
20221028,13:39,1.80,1.80,1.75,1.80,325,535700
20221028,13:40,1.75,1.80,1.75,1.80,100,535700
20221028,13:41,1.75,1.80,1.75,1.75,175,535700
20221028,13:42,1.80,1.80,1.80,1.80,25,535700
20221028,13:44,1.80,1.80,1.80,1.80,50,535700
20221028,13:45,1.80,1.80,1.75,1.80,125,535625
20221028,13:46,1.75,1.80,1.75,1.80,50,535625
20221028,13:47,1.75,1.80,1.75,1.80,375,535625
20221028,13:48,1.75,1.80,1.75,1.80,250,535625
20221028,13:49,1.75,1.80,1.75,1.75,175,535625
20221028,13:50,1.80,1.80,1.75,1.80,5775,535625
20221028,13:51,1.80,1.80,1.75,1.75,75,537425
20221028,13:52,1.75,1.80,1.75,1.80,200,537425
20221028,13:53,1.75,1.80,1.75,1.75,175,537425
20221028,13:54,1.80,1.80,1.75,1.80,175,537650
20221028,13:55,1.80,1.80,1.75,1.75,4775,537650
20221028,13:56,1.80,1.80,1.75,1.75,1050,537650
20221028,13:57,1.75,1.80,1.75,1.75,75,538900
20221028,13:58,1.75,1.80,1.75,1.80,250,538900
20221028,13:59,1.75,1.80,1.75,1.80,250,538900
20221028,14:00,1.75,1.75,1.75,1.75,25,538900
20221028,14:03,1.80,1.80,1.80,1.80,50,539175
20221028,14:04,1.75,1.75,1.75,1.75,50,539175
20221028,14:05,1.75,1.75,1.75,1.75,25,539175
20221028,14:06,1.75,1.75,1.75,1.75,50,539225
20221028,14:11,1.80,1.80,1.80,1.80,25,539275
20221028,14:12,1.80,1.80,1.80,1.80,50,539300
20221028,14:15,1.75,1.75,1.75,1.75,25,539350
20221028,14:20,1.75,1.75,1.75,1.75,25,539350
20221028,14:23,1.75,1.75,1.75,1.75,1100,539350
20221028,14:24,1.80,1.80,1.75,1.75,6775,539450
20221028,14:25,1.75,1.80,1.75,1.75,2025,539450
20221028,14:27,1.80,1.80,1.80,1.80,1475,540250
20221028,14:28,1.80,1.80,1.75,1.75,6175,540250
20221028,14:29,1.75,1.80,1.75,1.80,175,540250
20221028,14:31,1.80,1.80,1.80,1.80,75,548000
20221028,14:35,1.80,1.80,1.80,1.80,4800,548075
20221028,14:36,1.80,1.80,1.80,1.80,1200,548075
20221028,14:37,1.80,1.80,1.80,1.80,950,548375
20221028,14:38,1.80,1.80,1.80,1.80,3300,548375
20221028,14:39,1.80,1.80,1.80,1.80,25,548600
20221028,14:40,1.75,1.75,1.75,1.75,50,548600
20221028,14:42,1.75,1.75,1.75,1.75,25,548600
20221028,14:43,1.75,1.75,1.75,1.75,25,548600
20221028,14:46,1.75,1.75,1.75,1.75,36725,548600
20221028,14:47,1.70,1.80,1.70,1.80,64950,548600
20221028,14:48,1.75,1.80,1.75,1.75,8325,557500
20221028,14:49,1.80,1.80,1.75,1.75,3975,557500
20221028,14:50,1.75,1.75,1.75,1.75,2400,557500
20221028,14:51,1.75,1.80,1.75,1.80,1225,553100
20221028,14:52,1.75,1.80,1.75,1.80,9775,553100
20221028,14:53,1.80,1.80,1.75,1.80,25650,553100
20221028,14:54,1.80,1.85,1.80,1.85,77750,537975
20221028,14:55,1.85,1.90,1.80,1.85,64025,537975
20221028,14:56,1.80,1.85,1.80,1.80,7850,537975
20221028,14:57,1.80,1.80,1.80,1.80,13525,552675
20221028,14:58,1.75,1.75,1.75,1.75,1100,552675
20221028,15:00,1.75,1.80,1.75,1.80,4825,555550
20221028,15:01,1.80,1.80,1.80,1.80,1200,555550
20221028,15:02,1.80,1.80,1.75,1.75,1425,555550
20221028,15:03,1.75,1.75,1.75,1.75,25,548350
20221028,15:04,1.75,1.75,1.75,1.75,75,548350
20221028,15:05,1.80,1.80,1.75,1.80,1250,548350
20221028,15:06,1.80,1.80,1.80,1.80,75,547125
20221028,15:07,1.75,1.75,1.75,1.75,25,547125
20221028,15:08,1.75,1.80,1.75,1.80,14400,547125
20221028,15:09,1.75,1.80,1.75,1.80,11425,543125
20221028,15:10,1.80,1.80,1.70,1.70,77500,543125
20221028,15:11,1.70,1.70,1.70,1.70,19075,543125
20221028,15:12,1.70,1.70,1.70,1.70,1200,543125
20221028,15:13,1.75,1.75,1.70,1.75,4450,548275
20221028,15:14,1.70,1.70,1.70,1.70,25,548275
20221028,15:15,1.75,1.75,1.70,1.75,8875,548275
20221028,15:16,1.75,1.75,1.75,1.75,675,548275
20221028,15:17,1.75,1.75,1.70,1.75,34400,548275
20221028,15:18,1.75,1.80,1.70,1.75,31200,548275
20221028,15:19,1.75,1.75,1.70,1.70,1800,548275
20221028,15:20,1.75,1.75,1.70,1.70,750,548275
20221028,15:21,1.70,1.70,1.70,1.70,3200,547825
20221028,15:22,1.70,1.75,1.70,1.70,11050,547825
20221028,15:23,1.70,1.75,1.70,1.75,1400,547825
20221028,15:24,1.70,1.70,1.70,1.70,4325,546625
20221028,15:25,1.75,1.75,1.65,1.65,28050,546625
20221028,15:26,1.65,1.70,1.65,1.70,6750,546625
20221028,15:27,1.75,1.75,1.70,1.70,3825,573850
20221028,15:28,1.70,1.75,1.70,1.75,4350,573850
20221028,15:29,1.70,1.75,1.70,1.70,9200,573850
20221031,09:15,1.70,1.80,1.70,1.80,10452,578850
20221031,09:16,1.75,1.80,1.75,1.75,31925,578850
20221031,09:17,1.75,1.80,1.75,1.80,18000,599250
20221031,09:18,1.80,1.80,1.80,1.80,1575,599250
20221031,09:19,1.75,1.80,1.75,1.75,6625,599250
20221031,09:20,1.75,1.75,1.75,1.75,1300,607400
20221031,09:21,1.75,1.75,1.70,1.70,15800,607400
20221031,09:22,1.75,1.85,1.70,1.85,49250,607400
20221031,09:23,1.85,1.90,1.85,1.85,102375,637175
20221031,09:24,1.85,1.85,1.80,1.80,4900,637175
20221031,09:25,1.85,1.85,1.80,1.80,2075,637175
20221031,09:26,1.80,1.85,1.80,1.80,4550,651950
20221031,09:27,1.80,1.80,1.80,1.80,32725,651950
20221031,09:28,1.80,1.80,1.80,1.80,3600,651950
20221031,09:29,1.85,1.85,1.80,1.80,20950,666350
20221031,09:30,1.75,1.80,1.70,1.70,131125,666350
20221031,09:31,1.70,1.75,1.70,1.75,75,666350
20221031,09:32,1.75,1.75,1.70,1.75,27375,669300
20221031,09:33,1.75,1.80,1.70,1.80,36475,669300
20221031,09:34,1.80,1.80,1.75,1.80,49450,669300
20221031,09:35,1.80,1.80,1.80,1.80,50950,686925
20221031,09:36,1.80,1.80,1.75,1.80,19050,686925
20221031,09:37,1.80,1.80,1.70,1.70,59475,686925
20221031,09:38,1.75,1.75,1.70,1.75,26900,698250
20221031,09:39,1.75,1.80,1.70,1.80,66500,698250
20221031,09:40,1.80,1.80,1.75,1.75,25550,698250
20221031,09:41,1.75,1.80,1.75,1.80,129800,721675
20221031,09:42,1.80,1.85,1.80,1.80,156375,721675
20221031,09:43,1.80,1.80,1.75,1.80,10650,721675
20221031,09:44,1.75,1.80,1.75,1.80,350,760600
20221031,09:45,1.75,1.80,1.75,1.80,975,760600
20221031,09:46,1.75,1.75,1.75,1.75,32175,760600
20221031,09:47,1.75,1.75,1.75,1.75,1450,792450
20221031,09:48,1.75,1.75,1.75,1.75,1700,792450
20221031,09:49,1.75,1.80,1.75,1.80,1575,792450
20221031,09:50,1.75,1.85,1.75,1.80,84100,797250
20221031,09:51,1.80,1.90,1.80,1.85,183625,797250
20221031,09:52,1.85,1.85,1.85,1.85,24625,797250
20221031,09:53,1.85,1.90,1.80,1.90,94300,855650
20221031,09:54,1.90,1.95,1.85,1.90,178800,855650
20221031,09:55,1.90,1.90,1.80,1.85,16600,855650
20221031,09:56,1.85,1.85,1.85,1.85,1450,855650
20221031,09:57,1.85,1.85,1.80,1.80,175,939175
20221031,09:58,1.85,1.85,1.85,1.85,25,939175
20221031,09:59,1.85,1.85,1.80,1.80,2300,939175
20221031,10:00,1.80,1.85,1.80,1.80,1325,941250
20221031,10:02,1.85,1.85,1.85,1.85,2000,942500
20221031,10:03,1.85,1.85,1.80,1.80,2675,942500
20221031,10:04,1.80,1.85,1.80,1.80,27175,942500
20221031,10:05,1.80,1.85,1.75,1.80,78275,949050
20221031,10:06,1.75,1.80,1.75,1.75,104925,949050
20221031,10:07,1.75,1.80,1.75,1.75,47425,949050
20221031,10:08,1.75,1.80,1.70,1.70,34350,936625
20221031,10:09,1.70,1.75,1.70,1.70,21575,936625
20221031,10:10,1.70,1.75,1.70,1.70,70225,936625
20221031,10:11,1.70,1.75,1.70,1.70,93650,915050
20221031,10:12,1.70,1.70,1.60,1.65,161800,915050
20221031,10:13,1.65,1.65,1.65,1.65,90625,915050
20221031,10:14,1.65,1.65,1.65,1.65,4425,876650
20221031,10:15,1.70,1.70,1.70,1.70,100,876650
20221031,10:16,1.65,1.70,1.65,1.65,1075,876650
20221031,10:17,1.65,1.65,1.65,1.65,600,880850
20221031,10:18,1.70,1.70,1.65,1.65,625,880850
20221031,10:19,1.65,1.70,1.65,1.70,5925,880850
20221031,10:20,1.70,1.70,1.65,1.70,11975,881575
20221031,10:21,1.65,1.70,1.65,1.70,13250,881575
20221031,10:22,1.65,1.70,1.65,1.70,21475,881575
20221031,10:23,1.70,1.70,1.65,1.70,37175,872400
20221031,10:24,1.70,1.70,1.65,1.65,21000,872400
20221031,10:25,1.65,1.70,1.65,1.70,42625,872400
20221031,10:26,1.70,1.70,1.70,1.70,9950,859950
20221031,10:27,1.70,1.70,1.70,1.70,4500,859950
20221031,10:28,1.70,1.70,1.70,1.70,1825,859950
20221031,10:29,1.70,1.70,1.65,1.70,6350,859850
20221031,10:30,1.65,1.65,1.65,1.65,5525,859850
20221031,10:31,1.70,1.70,1.65,1.65,9325,859850
20221031,10:32,1.65,1.65,1.65,1.65,7600,858350
20221031,10:33,1.65,1.65,1.65,1.65,14600,858350
20221031,10:34,1.65,1.65,1.60,1.65,26450,858350
20221031,10:35,1.60,1.65,1.60,1.60,3875,850525
20221031,10:36,1.65,1.65,1.65,1.65,4225,850525
20221031,10:37,1.60,1.65,1.60,1.65,2400,850525
20221031,10:38,1.60,1.65,1.60,1.65,2875,850475
20221031,10:39,1.60,1.65,1.60,1.60,2150,850475
20221031,10:40,1.65,1.65,1.60,1.60,3400,850475
20221031,10:41,1.60,1.65,1.60,1.60,7050,850525
20221031,10:42,1.65,1.65,1.65,1.65,25,850525
20221031,10:43,1.65,1.65,1.65,1.65,50,850525
20221031,10:44,1.65,1.70,1.60,1.70,74575,850125
20221031,10:45,1.70,1.70,1.65,1.65,18450,850125
20221031,10:46,1.65,1.65,1.65,1.65,7375,850125
20221031,10:47,1.70,1.70,1.65,1.65,1500,850125
20221031,10:48,1.70,1.70,1.65,1.65,6500,849650
20221031,10:49,1.70,1.70,1.65,1.70,64825,849650
20221031,10:50,1.70,1.75,1.70,1.70,67525,870600
20221031,10:51,1.75,1.75,1.70,1.75,33650,870600
20221031,10:52,1.75,1.75,1.65,1.65,21650,870600
20221031,10:53,1.65,1.65,1.65,1.65,3575,870600
20221031,10:54,1.65,1.65,1.65,1.65,15000,876900
20221031,10:55,1.65,1.70,1.60,1.60,23350,876900
20221031,10:56,1.60,1.65,1.60,1.60,4475,868025
20221031,10:57,1.60,1.65,1.60,1.60,34500,868025
20221031,10:58,1.60,1.65,1.60,1.60,6575,868025
20221031,10:59,1.60,1.65,1.60,1.60,14600,874750
20221031,11:00,1.65,1.65,1.60,1.60,8775,874750
20221031,11:01,1.60,1.60,1.60,1.60,3800,874750
20221031,11:02,1.60,1.65,1.60,1.60,25050,876200
20221031,11:03,1.60,1.60,1.60,1.60,1550,876200
20221031,11:04,1.60,1.65,1.60,1.60,33775,876200
20221031,11:05,1.60,1.60,1.55,1.55,37075,875350
20221031,11:06,1.55,1.55,1.55,1.55,2050,875350
20221031,11:08,1.60,1.60,1.55,1.55,275,871350
20221031,11:09,1.60,1.60,1.60,1.60,5800,871350
20221031,11:10,1.60,1.60,1.55,1.55,6075,871350
20221031,11:11,1.55,1.55,1.55,1.55,25,865400
20221031,11:12,1.55,1.55,1.55,1.55,50,865400
20221031,11:14,1.55,1.55,1.55,1.55,1200,865400
20221031,11:15,1.55,1.55,1.55,1.55,500,866600
20221031,11:17,1.60,1.60,1.60,1.60,25,866600
20221031,11:18,1.55,1.55,1.55,1.55,25,867100
20221031,11:20,1.55,1.60,1.55,1.60,1400,868300
20221031,11:22,1.55,1.60,1.55,1.60,1225,868300
20221031,11:23,1.60,1.60,1.55,1.55,75,869500
20221031,11:24,1.55,1.55,1.55,1.55,100,869500
20221031,11:27,1.55,1.60,1.55,1.60,1600,869500
20221031,11:29,1.55,1.55,1.55,1.55,1200,869500
20221031,11:30,1.60,1.60,1.55,1.55,1375,869500
20221031,11:31,1.60,1.60,1.60,1.60,3275,869500
20221031,11:32,1.60,1.60,1.60,1.60,6875,869500
20221031,11:33,1.60,1.60,1.55,1.60,40375,869500
20221031,11:34,1.60,1.65,1.55,1.65,95925,869500
20221031,11:35,1.60,1.70,1.60,1.70,158550,882050
20221031,11:36,1.70,1.70,1.65,1.70,79850,882050
20221031,11:37,1.65,1.70,1.65,1.70,54800,882050
20221031,11:38,1.70,1.70,1.65,1.65,30075,901400
20221031,11:39,1.65,1.65,1.65,1.65,4800,901400
20221031,11:40,1.65,1.70,1.60,1.60,46625,901400
20221031,11:41,1.60,1.65,1.60,1.60,8750,901400
20221031,11:43,1.60,1.60,1.60,1.60,25,901400
20221031,11:45,1.60,1.60,1.60,1.60,150,904725
20221031,11:46,1.65,1.65,1.65,1.65,37750,904725
20221031,11:47,1.65,1.70,1.65,1.70,40900,910975
20221031,11:48,1.65,1.65,1.65,1.65,8550,910975
20221031,11:50,1.65,1.70,1.65,1.70,73225,907275
20221031,11:51,1.70,1.70,1.65,1.65,3125,907275
20221031,11:52,1.65,1.65,1.65,1.65,2525,907275
20221031,11:53,1.65,1.65,1.65,1.65,1500,907275
20221031,11:54,1.65,1.70,1.65,1.70,1900,911050
20221031,11:55,1.65,1.70,1.60,1.60,18300,911050
20221031,11:56,1.60,1.65,1.55,1.55,105475,910325
20221031,11:57,1.55,1.60,1.55,1.55,25275,910325
20221031,11:58,1.60,1.60,1.60,1.60,900,910325
20221031,11:59,1.60,1.65,1.60,1.65,26150,905975
20221031,12:00,1.65,1.65,1.60,1.65,47150,905975
20221031,12:01,1.65,1.65,1.60,1.65,91975,905975
20221031,12:02,1.65,1.70,1.60,1.70,123925,907225
20221031,12:03,1.70,1.75,1.70,1.70,80125,907225
20221031,12:05,1.65,1.65,1.65,1.65,2450,917950
20221031,12:06,1.70,1.80,1.70,1.75,129300,917950
20221031,12:07,1.70,1.75,1.70,1.75,24600,917950
20221031,12:08,1.75,1.80,1.75,1.75,39025,917950
20221031,12:09,1.70,1.70,1.70,1.70,11100,971600
20221031,12:10,1.75,1.80,1.70,1.70,48725,971600
20221031,12:11,1.70,1.75,1.70,1.75,2350,1003700
20221031,12:12,1.75,1.75,1.70,1.75,625,1003700
20221031,12:13,1.70,1.70,1.70,1.70,4800,1003700
20221031,12:14,1.70,1.70,1.70,1.70,14650,1003700
20221031,12:15,1.70,1.75,1.70,1.75,64925,1012400
20221031,12:16,1.75,1.80,1.75,1.80,70925,1012400
20221031,12:17,1.75,1.75,1.75,1.75,700,1012400
20221031,12:19,1.75,1.75,1.75,1.75,14275,1089850
20221031,12:20,1.75,1.75,1.70,1.70,4325,1089850
20221031,12:22,1.70,1.70,1.70,1.70,700,1102975
20221031,12:23,1.75,1.75,1.70,1.70,3225,1102975
20221031,12:24,1.75,1.75,1.75,1.75,150,1102975
20221031,12:26,1.75,1.75,1.75,1.75,50,1103200
20221031,12:28,1.75,1.75,1.70,1.70,14500,1103200
20221031,12:29,1.70,1.70,1.65,1.65,52675,1084925
20221031,12:30,1.65,1.70,1.65,1.70,1225,1084925
20221031,12:33,1.70,1.70,1.70,1.70,8075,1082550
20221031,12:34,1.70,1.75,1.70,1.75,5725,1082550
20221031,12:35,1.75,1.75,1.75,1.75,3375,1082550
20221031,12:36,1.75,1.75,1.70,1.70,1150,1084650
20221031,12:39,1.70,1.70,1.70,1.70,1200,1085450
20221031,12:41,1.70,1.70,1.70,1.70,50,1085450
20221031,12:43,1.65,1.65,1.65,1.65,25,1085450
20221031,12:44,1.70,1.70,1.65,1.65,5150,1085425
20221031,12:46,1.70,1.70,1.70,1.70,800,1085425
20221031,12:48,1.70,1.70,1.70,1.70,25,1089475
20221031,12:50,1.70,1.70,1.70,1.70,800,1089475
20221031,12:52,1.65,1.65,1.65,1.65,600,1088675
20221031,12:54,1.65,1.70,1.65,1.70,800,1089275
20221031,12:57,1.70,1.70,1.65,1.65,100,1090025
20221031,12:58,1.70,1.70,1.65,1.70,775,1090025
20221031,12:59,1.65,1.70,1.65,1.65,325,1090025
20221031,13:00,1.70,1.70,1.70,1.70,25,1090025
20221031,13:01,1.65,1.70,1.65,1.65,525,1090225
20221031,13:02,1.70,1.70,1.60,1.65,52250,1085925
20221031,13:03,1.70,1.70,1.60,1.65,46850,1085925
20221031,13:04,1.65,1.65,1.60,1.60,3050,1085925
20221031,13:05,1.60,1.65,1.60,1.65,2725,1085925
20221031,13:06,1.65,1.65,1.60,1.65,22000,1066225
20221031,13:07,1.70,1.70,1.70,1.70,1175,1066225
20221031,13:10,1.70,1.80,1.65,1.80,195325,1058600
20221031,13:11,1.80,1.80,1.75,1.75,143475,1164600
20221031,13:12,1.80,1.80,1.75,1.75,19375,1164600
20221031,13:13,1.75,1.75,1.70,1.70,50,1164600
20221031,13:14,1.75,1.80,1.70,1.80,39800,1164600
20221031,13:15,1.80,1.80,1.75,1.80,7475,1203275
20221031,13:16,1.75,1.80,1.70,1.75,3175,1203275
20221031,13:17,1.70,1.75,1.70,1.70,125,1203275
20221031,13:18,1.75,1.75,1.70,1.75,100,1206400
20221031,13:19,1.70,1.70,1.70,1.70,25,1206400
20221031,13:20,1.75,1.75,1.75,1.75,2400,1206400
20221031,13:21,1.75,1.75,1.70,1.75,3375,1205825
20221031,13:22,1.75,1.75,1.75,1.75,2050,1205825
20221031,13:23,1.75,1.75,1.75,1.75,4800,1205825
20221031,13:24,1.75,1.75,1.70,1.75,1425,1195625
20221031,13:25,1.75,1.75,1.70,1.70,75,1195625
20221031,13:26,1.70,1.70,1.70,1.70,50,1195625
20221031,13:27,1.75,1.80,1.70,1.80,23200,1195250
20221031,13:28,1.80,1.80,1.75,1.80,35700,1195250
20221031,13:29,1.80,1.80,1.75,1.80,11450,1195250
20221031,13:30,1.75,1.80,1.75,1.80,1050,1242650
20221031,13:31,1.75,1.80,1.75,1.75,125,1242650
20221031,13:32,1.75,1.75,1.75,1.75,275,1242650
20221031,13:37,1.75,1.80,1.75,1.75,75,1243325
20221031,13:40,1.75,1.75,1.75,1.75,1450,1243300
20221031,13:42,1.75,1.75,1.75,1.75,2000,1243300
20221031,13:44,1.75,1.75,1.75,1.75,900,1243300
20221031,13:46,1.75,1.75,1.75,1.75,50,1243350
20221031,13:47,1.75,1.75,1.75,1.75,250,1243350
20221031,13:49,1.75,1.75,1.75,1.75,2000,1243300
20221031,13:50,1.75,1.75,1.75,1.75,25,1243300
20221031,13:51,1.80,1.80,1.75,1.75,150,1243275
20221031,13:52,1.80,1.80,1.75,1.75,200,1243275
20221031,13:53,1.80,1.80,1.75,1.80,75,1243275
20221031,13:54,1.75,1.80,1.75,1.80,550,1243300
20221031,13:55,1.75,1.80,1.75,1.75,6300,1243300
20221031,13:56,1.75,1.80,1.70,1.75,11475,1243300
20221031,13:57,1.70,1.75,1.70,1.70,125,1242450
20221031,14:02,1.75,1.75,1.70,1.70,100,1242425
20221031,14:04,1.70,1.75,1.70,1.75,1275,1242425
20221031,14:05,1.70,1.75,1.70,1.70,175,1242425
20221031,14:06,1.75,1.75,1.70,1.70,100,1242425
20221031,14:13,1.70,1.70,1.70,1.70,250,1242425
20221031,14:17,1.70,1.70,1.70,1.70,2625,1242175
20221031,14:18,1.70,1.70,1.70,1.70,1000,1242175
20221031,14:20,1.70,1.70,1.70,1.70,4800,1244300
20221031,14:22,1.70,1.70,1.70,1.70,6025,1245625
20221031,14:23,1.70,1.75,1.70,1.70,17200,1245625
20221031,14:24,1.65,1.65,1.65,1.65,150,1253300
20221031,14:25,1.65,1.65,1.65,1.65,3000,1253300
20221031,14:26,1.70,1.70,1.70,1.70,50,1253300
20221031,14:27,1.65,1.70,1.65,1.70,1100,1255000
20221031,14:32,1.65,1.65,1.65,1.65,12025,1255900
20221031,14:33,1.65,1.65,1.65,1.65,1000,1253125
20221031,14:34,1.65,1.65,1.65,1.65,600,1253125
20221031,14:35,1.70,1.70,1.70,1.70,25,1253125
20221031,14:39,1.65,1.65,1.65,1.65,25,1252350
20221031,14:41,1.70,1.70,1.70,1.70,25,1252350
20221031,14:42,1.65,1.65,1.65,1.65,175,1252350
20221031,14:44,1.70,1.70,1.70,1.70,25,1252350
20221031,14:45,1.65,1.65,1.65,1.65,25,1252325
20221031,14:46,1.65,1.70,1.65,1.70,100,1252325
20221031,14:49,1.65,1.65,1.65,1.65,4000,1252375
20221031,14:50,1.70,1.70,1.65,1.65,50,1252375
20221031,14:51,1.70,1.70,1.65,1.65,150,1254525
20221031,14:52,1.70,1.70,1.65,1.65,100,1254525
20221031,14:53,1.70,1.70,1.65,1.70,1500,1254525
20221031,14:54,1.70,1.70,1.65,1.65,250,1254250
20221031,14:55,1.70,1.70,1.65,1.70,325,1254250
20221031,14:56,1.65,1.70,1.65,1.65,225,1254250
20221031,14:57,1.70,1.70,1.65,1.70,225,1253800
20221031,14:58,1.65,1.65,1.65,1.65,2000,1253800
20221031,14:59,1.65,1.65,1.60,1.60,15425,1253800
20221031,15:00,1.60,1.60,1.60,1.60,2325,1253375
20221031,15:01,1.65,1.65,1.60,1.60,200,1253375
20221031,15:02,1.65,1.65,1.60,1.60,325,1253375
20221031,15:03,1.65,1.65,1.60,1.60,300,1255950
20221031,15:04,1.65,1.65,1.60,1.60,250,1255950
20221031,15:05,1.65,1.65,1.60,1.65,1475,1255950
20221031,15:07,1.65,1.65,1.60,1.60,150,1255600
20221031,15:08,1.65,1.65,1.60,1.60,1375,1255600
20221031,15:09,1.65,1.65,1.60,1.65,3725,1255600
20221031,15:10,1.65,1.70,1.60,1.65,12900,1255600
20221031,15:11,1.65,1.65,1.60,1.60,2525,1255600
20221031,15:12,1.65,1.65,1.60,1.60,11150,1253775
20221031,15:13,1.65,1.65,1.55,1.55,165775,1253775
20221031,15:14,1.55,1.60,1.50,1.55,110150,1253775
20221031,15:15,1.55,1.60,1.50,1.50,115100,1093200
20221031,15:16,1.50,1.55,1.50,1.50,120100,1093200
20221031,15:17,1.55,1.55,1.45,1.45,103000,1093200
20221031,15:18,1.45,1.50,1.35,1.40,119000,957600
20221031,15:19,1.35,1.45,1.35,1.40,106625,957600
20221031,15:20,1.35,1.45,1.35,1.35,70225,957600
20221031,15:21,1.35,1.40,1.35,1.40,21875,922550
20221031,15:22,1.35,1.40,1.35,1.40,22775,922550
20221031,15:23,1.40,1.40,1.35,1.40,11650,922550
20221031,15:24,1.35,1.35,1.35,1.35,25,922550
20221031,15:25,1.35,1.40,1.35,1.35,2250,918350
20221031,15:26,1.40,1.40,1.40,1.40,16775,918350
20221031,15:27,1.40,1.45,1.40,1.45,11375,913475
20221031,15:28,1.45,1.45,1.40,1.45,3650,913475
20221031,15:29,1.45,1.45,1.40,1.45,15950,913475
20221101,09:15,1.40,1.90,1.40,1.70,250601,911200
20221101,09:16,1.75,1.75,1.50,1.60,175975,911200
20221101,09:17,1.60,1.70,1.50,1.50,85600,1027975
20221101,09:18,1.55,1.60,1.50,1.55,5900,1027975
20221101,09:19,1.50,1.55,1.50,1.50,1500,1027975
20221101,09:20,1.50,1.55,1.50,1.55,11250,1030275
20221101,09:21,1.55,1.60,1.55,1.55,19600,1030275
20221101,09:22,1.55,1.55,1.50,1.50,7525,1030275
20221101,09:23,1.50,1.50,1.35,1.35,160750,1037175
20221101,09:24,1.35,1.40,1.35,1.40,130450,1037175
20221101,09:25,1.40,1.45,1.35,1.40,43625,1037175
20221101,09:26,1.35,1.40,1.35,1.40,32875,986825
20221101,09:27,1.35,1.40,1.35,1.40,25900,986825
20221101,09:28,1.35,1.40,1.35,1.40,26750,986825
20221101,09:29,1.40,1.40,1.35,1.35,900,969700
20221101,09:30,1.40,1.40,1.35,1.35,1000,969700
20221101,09:31,1.35,1.35,1.35,1.35,3100,969700
20221101,09:32,1.35,1.45,1.35,1.45,85875,969700
20221101,09:33,1.45,1.55,1.45,1.55,194950,969700
20221101,09:34,1.55,1.60,1.50,1.55,124125,969700
20221101,09:35,1.55,1.60,1.50,1.55,34925,998925
20221101,09:36,1.55,1.55,1.50,1.50,16575,998925
20221101,09:37,1.50,1.50,1.50,1.50,1950,998925
20221101,09:41,1.45,1.45,1.45,1.45,800,1015925
20221101,09:43,1.45,1.55,1.45,1.55,26925,1016725
20221101,09:44,1.55,1.55,1.40,1.40,167750,1003075
20221101,09:45,1.45,1.45,1.35,1.40,259425,1003075
20221101,09:46,1.40,1.45,1.35,1.40,145850,1003075
20221101,09:47,1.40,1.40,1.35,1.35,10600,958900
20221101,09:48,1.40,1.50,1.35,1.50,101050,958900
20221101,09:49,1.50,1.60,1.50,1.60,211175,958900
20221101,09:50,1.55,1.65,1.55,1.65,136800,1019900
20221101,09:51,1.65,1.65,1.55,1.60,68500,1019900
20221101,09:52,1.60,1.60,1.55,1.55,87275,1019900
20221101,09:53,1.60,1.60,1.60,1.60,26200,1138275
20221101,09:54,1.60,1.60,1.55,1.60,47450,1138275
20221101,09:55,1.60,1.60,1.55,1.60,14100,1138275
20221101,09:56,1.60,1.60,1.55,1.60,5525,1214825
20221101,09:57,1.60,1.60,1.55,1.60,1550,1214825
20221101,09:58,1.60,1.60,1.55,1.55,9900,1214825
20221101,09:59,1.55,1.60,1.55,1.55,5050,1221600
20221101,10:00,1.60,1.60,1.55,1.55,275,1221600
20221101,10:01,1.55,1.55,1.55,1.55,50,1221600
20221101,10:02,1.55,1.55,1.55,1.55,2225,1223775
20221101,10:03,1.55,1.55,1.55,1.55,4100,1223775
20221101,10:04,1.55,1.55,1.50,1.55,3175,1223775
20221101,10:05,1.55,1.55,1.55,1.55,1825,1223775
20221101,10:06,1.50,1.50,1.50,1.50,600,1224375
20221101,10:07,1.50,1.50,1.50,1.50,475,1224375
20221101,10:08,1.50,1.55,1.50,1.55,5300,1225425
20221101,10:09,1.50,1.55,1.50,1.50,10200,1225425
20221101,10:10,1.50,1.50,1.50,1.50,25,1225425
20221101,10:11,1.55,1.55,1.55,1.55,1800,1234100
20221101,10:12,1.50,1.50,1.50,1.50,300,1234100
20221101,10:13,1.50,1.55,1.45,1.45,16075,1234100
20221101,10:14,1.50,1.50,1.50,1.50,1000,1247175
20221101,10:16,1.45,1.45,1.45,1.45,25,1247175
20221101,10:17,1.50,1.50,1.50,1.50,900,1247175
20221101,10:18,1.50,1.50,1.45,1.45,5025,1247175
20221101,10:19,1.50,1.50,1.45,1.50,21550,1247175
20221101,10:20,1.50,1.50,1.45,1.50,9500,1244400
20221101,10:21,1.50,1.50,1.45,1.50,54150,1244400
20221101,10:22,1.50,1.50,1.45,1.45,17025,1244400
20221101,10:23,1.50,1.50,1.40,1.40,94000,1253275
20221101,10:24,1.40,1.45,1.40,1.40,154875,1253275
20221101,10:25,1.40,1.45,1.35,1.40,124375,1253275
20221101,10:26,1.40,1.40,1.35,1.35,87650,1133350
20221101,10:27,1.35,1.45,1.35,1.45,97050,1133350
20221101,10:28,1.40,1.40,1.35,1.35,40650,1133350
20221101,10:29,1.35,1.40,1.35,1.35,2900,1074400
20221101,10:30,1.40,1.40,1.35,1.40,550,1074400
20221101,10:31,1.40,1.40,1.40,1.40,9100,1074400
20221101,10:33,1.40,1.40,1.35,1.40,2800,1069700
20221101,10:34,1.40,1.40,1.40,1.40,5350,1069700
20221101,10:35,1.40,1.40,1.35,1.35,34450,1069700
20221101,10:36,1.35,1.40,1.35,1.35,36750,1069700
20221101,10:37,1.35,1.40,1.35,1.40,1400,1069700
20221101,10:38,1.40,1.40,1.40,1.40,500,1069700
20221101,10:39,1.40,1.40,1.40,1.40,1400,1065200
20221101,10:40,1.40,1.40,1.40,1.40,900,1065200
20221101,10:41,1.40,1.40,1.40,1.40,1800,1063900
20221101,10:42,1.40,1.40,1.40,1.40,900,1063900
20221101,10:43,1.40,1.40,1.40,1.40,900,1063900
20221101,10:44,1.40,1.40,1.40,1.40,1800,1063900
20221101,10:45,1.40,1.40,1.40,1.40,4150,1062100
20221101,10:46,1.40,1.40,1.40,1.40,900,1062100
20221101,10:47,1.40,1.40,1.40,1.40,83925,1058475
20221101,10:48,1.40,1.50,1.40,1.50,206525,1058475
20221101,10:49,1.50,1.55,1.45,1.50,68850,1058475
20221101,10:51,1.50,1.50,1.45,1.50,625,1063475
20221101,10:52,1.50,1.50,1.45,1.50,63200,1063475
20221101,10:53,1.50,1.55,1.50,1.55,182150,1096175
20221101,10:54,1.55,1.60,1.50,1.60,121550,1096175
20221101,10:55,1.55,1.60,1.55,1.60,68925,1096175
20221101,10:56,1.60,1.65,1.55,1.65,112425,1246950
20221101,10:57,1.65,1.65,1.60,1.65,98875,1246950
20221101,10:58,1.65,1.65,1.60,1.60,55200,1246950
20221101,10:59,1.65,1.65,1.50,1.50,15225,1345175
20221101,11:01,1.50,1.55,1.50,1.55,7650,1345175
20221101,11:02,1.55,1.55,1.55,1.55,5875,1344075
20221101,11:03,1.55,1.55,1.55,1.55,775,1344075
20221101,11:04,1.55,1.60,1.50,1.60,11750,1344075
20221101,11:05,1.60,1.65,1.60,1.65,12550,1356550
20221101,11:06,1.60,1.60,1.60,1.60,4600,1356550
20221101,11:09,1.60,1.60,1.60,1.60,900,1361150
20221101,11:10,1.60,1.60,1.60,1.60,7800,1361150
20221101,11:11,1.55,1.55,1.55,1.55,50,1361150
20221101,11:14,1.60,1.60,1.60,1.60,25,1354525
20221101,11:15,1.60,1.60,1.55,1.55,1225,1354525
20221101,11:17,1.60,1.60,1.60,1.60,900,1354625
20221101,11:18,1.55,1.60,1.55,1.55,1425,1354625
20221101,11:19,1.60,1.60,1.55,1.55,50,1354625
20221101,11:20,1.60,1.60,1.55,1.55,1050,1354625
20221101,11:21,1.55,1.55,1.55,1.55,475,1354625
20221101,11:22,1.50,1.55,1.50,1.55,1475,1354050
20221101,11:23,1.55,1.55,1.55,1.55,150,1354050
20221101,11:24,1.55,1.55,1.55,1.55,25,1354850
20221101,11:25,1.50,1.50,1.50,1.50,525,1354850
20221101,11:26,1.55,1.55,1.55,1.55,100,1354850
20221101,11:29,1.50,1.50,1.50,1.50,900,1354450
20221101,11:30,1.55,1.55,1.55,1.55,2875,1354450
20221101,11:31,1.60,1.60,1.55,1.55,2050,1354450
20221101,11:32,1.55,1.55,1.55,1.55,725,1354450
20221101,11:33,1.55,1.55,1.55,1.55,625,1353300
20221101,11:36,1.60,1.60,1.60,1.60,75,1353300
20221101,11:37,1.60,1.60,1.60,1.60,25,1353300
20221101,11:39,1.55,1.55,1.55,1.55,275,1353350
20221101,11:45,1.55,1.60,1.55,1.60,925,1353350
20221101,11:46,1.55,1.65,1.55,1.65,22825,1353350
20221101,11:47,1.65,1.65,1.65,1.65,25500,1353350
20221101,11:48,1.60,1.60,1.55,1.55,3675,1352200
20221101,11:49,1.55,1.60,1.55,1.60,1650,1352200
20221101,11:50,1.60,1.60,1.55,1.55,800,1352200
20221101,11:55,1.55,1.55,1.55,1.55,900,1353100
20221101,11:56,1.60,1.60,1.50,1.50,5525,1353100
20221101,11:57,1.50,1.55,1.50,1.55,1675,1354200
20221101,11:58,1.50,1.50,1.50,1.50,900,1354200
20221101,12:00,1.55,1.55,1.55,1.55,775,1355450
20221101,12:01,1.55,1.55,1.50,1.55,2150,1355450
20221101,12:02,1.55,1.55,1.50,1.50,1825,1355450
20221101,12:03,1.55,1.55,1.55,1.55,1650,1353400
20221101,12:04,1.55,1.55,1.55,1.55,150,1353400
20221101,12:05,1.50,1.50,1.50,1.50,5450,1352775
20221101,12:06,1.50,1.55,1.45,1.45,11050,1352775
20221101,12:07,1.45,1.50,1.40,1.40,20175,1352775
20221101,12:08,1.50,1.55,1.40,1.40,96375,1335200
20221101,12:09,1.40,1.50,1.40,1.45,123300,1335200
20221101,12:10,1.45,1.50,1.40,1.40,132175,1335200
20221101,12:11,1.40,1.45,1.35,1.35,79675,1222850
20221101,12:12,1.35,1.40,1.35,1.40,62625,1222850
20221101,12:13,1.40,1.45,1.40,1.40,23325,1222850
20221101,12:14,1.40,1.40,1.35,1.35,87575,1154975
20221101,12:15,1.35,1.40,1.35,1.40,45375,1154975
20221101,12:16,1.40,1.40,1.35,1.40,49300,1154975
20221101,12:17,1.40,1.40,1.30,1.30,158075,1099900
20221101,12:18,1.30,1.35,1.30,1.35,10500,1099900
20221101,12:19,1.35,1.40,1.30,1.40,39050,1099900
20221101,12:20,1.35,1.35,1.35,1.35,30075,1074550
20221101,12:21,1.40,1.40,1.40,1.40,2700,1074550
20221101,12:22,1.40,1.40,1.40,1.40,1800,1074550
20221101,12:24,1.40,1.40,1.40,1.40,1800,1070975
20221101,12:26,1.40,1.40,1.40,1.40,925,1070975
20221101,12:27,1.40,1.40,1.40,1.40,9000,1070975
20221101,12:28,1.40,1.40,1.40,1.40,2825,1070975
20221101,12:29,1.40,1.45,1.40,1.40,33475,1047100
20221101,12:30,1.45,1.45,1.35,1.45,18925,1047100
20221101,12:31,1.45,1.45,1.40,1.40,25950,1047100
20221101,12:32,1.40,1.40,1.40,1.40,100,1047100
20221101,12:33,1.45,1.45,1.45,1.45,900,1018850
20221101,12:34,1.45,1.45,1.45,1.45,900,1018850
20221101,12:35,1.45,1.45,1.45,1.45,4000,1018850
20221101,12:36,1.45,1.50,1.45,1.45,23325,1017550
20221101,12:37,1.45,1.45,1.45,1.45,2700,1017550
20221101,12:38,1.45,1.50,1.40,1.40,11700,1021150
20221101,12:39,1.40,1.45,1.40,1.45,2200,1021150
20221101,12:40,1.45,1.45,1.45,1.45,1800,1021150
20221101,12:42,1.45,1.45,1.45,1.45,2800,1018050
20221101,12:43,1.40,1.40,1.35,1.35,11700,1018050
20221101,12:44,1.35,1.40,1.35,1.40,7350,1005100
20221101,12:45,1.45,1.45,1.40,1.45,1525,1005100
20221101,12:46,1.45,1.45,1.35,1.35,10975,1005100
20221101,12:47,1.35,1.40,1.35,1.40,3450,1005100
20221101,12:49,1.40,1.40,1.35,1.35,2000,1004575
20221101,12:50,1.40,1.40,1.40,1.40,1000,1004575
20221101,12:51,1.40,1.40,1.40,1.40,1075,1003175
20221101,12:52,1.40,1.40,1.40,1.40,125,1003175
20221101,12:54,1.40,1.40,1.40,1.40,100,1003425
20221101,12:55,1.40,1.40,1.40,1.40,25,1003425
20221101,12:57,1.35,1.35,1.35,1.35,100,1003425
20221101,12:58,1.40,1.40,1.40,1.40,800,1003325
20221101,13:02,1.40,1.40,1.40,1.40,1600,1003325
20221101,13:03,1.35,1.40,1.35,1.40,3150,1003325
20221101,13:04,1.40,1.40,1.40,1.40,4250,1003325
20221101,13:05,1.40,1.40,1.40,1.40,25,1003325
20221101,13:06,1.40,1.40,1.35,1.35,1650,1005100
20221101,13:07,1.35,1.40,1.35,1.40,550,1005100
20221101,13:08,1.40,1.40,1.35,1.35,9025,1005100
20221101,13:09,1.35,1.35,1.35,1.35,100,1004625
20221101,13:10,1.35,1.35,1.35,1.35,7225,1004625
20221101,13:11,1.35,1.35,1.35,1.35,16150,1004625
20221101,13:12,1.35,1.35,1.30,1.30,1100,1004450
20221101,13:13,1.30,1.35,1.30,1.35,1075,1004450
20221101,13:15,1.30,1.30,1.30,1.30,1000,1002550
20221101,13:16,1.35,1.35,1.35,1.35,400,1002550
20221101,13:18,1.35,1.35,1.35,1.35,50,1003150
20221101,13:19,1.35,1.35,1.30,1.30,925,1003150
20221101,13:20,1.30,1.30,1.30,1.30,1250,1003150
20221101,13:21,1.35,1.35,1.35,1.35,11500,1003150
20221101,13:22,1.35,1.35,1.30,1.30,5425,1003150
20221101,13:23,1.35,1.35,1.35,1.35,1800,1003150
20221101,13:24,1.35,1.35,1.35,1.35,8100,990550
20221101,13:25,1.35,1.40,1.35,1.40,13725,990550
20221101,13:26,1.40,1.40,1.40,1.40,15300,990550
20221101,13:27,1.35,1.35,1.35,1.35,10925,990550
20221101,13:28,1.35,1.35,1.35,1.35,8475,990550
20221101,13:29,1.35,1.40,1.35,1.40,17900,990550
20221101,13:30,1.40,1.40,1.40,1.40,1800,1000550
20221101,13:31,1.35,1.40,1.35,1.40,4500,1000550
20221101,13:32,1.40,1.40,1.40,1.40,13350,1000550
20221101,13:33,1.40,1.45,1.40,1.40,21200,1002575
20221101,13:34,1.40,1.40,1.40,1.40,4400,1002575
20221101,13:35,1.40,1.40,1.40,1.40,2650,1002575
20221101,13:38,1.40,1.40,1.40,1.40,700,1004225
20221101,13:41,1.35,1.40,1.35,1.40,11700,1004225
20221101,13:42,1.40,1.40,1.40,1.40,1000,1004225
20221101,13:44,1.35,1.40,1.35,1.40,8950,1004225
20221101,13:45,1.35,1.35,1.35,1.35,4575,1002925
20221101,13:46,1.35,1.35,1.35,1.35,25,1002925
20221101,13:48,1.35,1.35,1.35,1.35,2200,1002925
20221101,13:49,1.35,1.35,1.35,1.35,2400,1002925
20221101,13:50,1.35,1.35,1.35,1.35,2775,1002925
20221101,13:51,1.35,1.40,1.35,1.40,11825,1003225
20221101,13:52,1.35,1.35,1.35,1.35,3775,1003225
20221101,13:53,1.35,1.35,1.35,1.35,500,1003225
20221101,13:55,1.35,1.35,1.35,1.35,3150,1002425
20221101,13:56,1.40,1.50,1.40,1.50,109425,1002425
20221101,13:57,1.50,1.50,1.45,1.50,57000,1006650
20221101,13:58,1.50,1.50,1.45,1.50,16200,1006650
20221101,13:59,1.50,1.50,1.45,1.45,12050,1006650
20221101,14:00,1.50,1.50,1.50,1.50,9000,1025725
20221101,14:01,1.50,1.55,1.50,1.50,25375,1025725
20221101,14:02,1.50,1.50,1.50,1.50,325,1025725
20221101,14:04,1.50,1.50,1.50,1.50,25,1035450
20221101,14:05,1.45,1.45,1.45,1.45,400,1035450
20221101,14:06,1.40,1.40,1.40,1.40,10125,1035375
20221101,14:07,1.40,1.40,1.40,1.40,225,1035375
20221101,14:08,1.45,1.45,1.45,1.45,25,1035375
20221101,14:13,1.40,1.40,1.40,1.40,1400,1026900
20221101,14:16,1.40,1.45,1.40,1.45,325,1026225
20221101,14:17,1.45,1.45,1.40,1.45,8625,1026225
20221101,14:18,1.45,1.45,1.40,1.40,5475,1033125
20221101,14:19,1.40,1.40,1.40,1.40,975,1033125
20221101,14:20,1.45,1.45,1.45,1.45,25,1033125
20221101,14:25,1.40,1.40,1.40,1.40,4200,1031625
20221101,14:26,1.40,1.40,1.35,1.35,3275,1031625
20221101,14:27,1.35,1.35,1.35,1.35,900,1031625
20221101,14:30,1.35,1.35,1.35,1.35,14350,1032375
20221101,14:31,1.35,1.35,1.35,1.35,2875,1032375
20221101,14:32,1.40,1.40,1.35,1.35,950,1032375
20221101,14:34,1.40,1.40,1.40,1.40,900,1042625
20221101,14:35,1.35,1.35,1.35,1.35,50,1042625
20221101,14:38,1.40,1.40,1.35,1.40,20750,1041750
20221101,14:39,1.40,1.45,1.40,1.40,18275,1035550
20221101,14:40,1.40,1.45,1.40,1.45,1025,1035550
20221101,14:41,1.40,1.45,1.40,1.45,600,1035550
20221101,14:42,1.40,1.40,1.30,1.35,39800,1031025
20221101,14:43,1.30,1.35,1.30,1.35,33875,1031025
20221101,14:44,1.30,1.35,1.30,1.30,36575,1031025
20221101,14:45,1.30,1.35,1.30,1.30,17725,1029225
20221101,14:46,1.35,1.35,1.35,1.35,1100,1029225
20221101,14:47,1.30,1.30,1.30,1.30,950,1029225
20221101,14:48,1.30,1.30,1.15,1.15,111175,1035050
20221101,14:49,1.15,1.20,1.15,1.20,50000,1035050
20221101,14:50,1.20,1.20,1.20,1.20,1800,1035050
20221101,14:51,1.25,1.25,1.20,1.20,2700,1018675
20221101,14:52,1.25,1.25,1.20,1.20,5425,1018675
20221101,14:53,1.20,1.25,1.20,1.25,75,1018675
20221101,14:54,1.20,1.20,1.20,1.20,75,1017825
20221101,14:55,1.20,1.20,1.20,1.20,25,1017825
20221101,14:58,1.25,1.25,1.25,1.25,3500,1017900
20221101,14:59,1.25,1.25,1.25,1.25,625,1017900
20221101,15:00,1.20,1.20,1.20,1.20,50,1017900
20221101,15:01,1.25,1.25,1.25,1.25,81725,1017275
20221101,15:02,1.25,1.30,1.20,1.20,16075,1017275
20221101,15:04,1.25,1.25,1.25,1.25,6000,1018100
20221101,15:05,1.20,1.20,1.20,1.20,900,1018100
20221101,15:06,1.20,1.25,1.20,1.25,750,1013000
20221101,15:08,1.25,1.25,1.20,1.25,4125,1013000
20221101,15:09,1.20,1.25,1.15,1.15,49150,1012525
20221101,15:10,1.15,1.15,1.15,1.15,14025,1012525
20221101,15:11,1.15,1.15,1.15,1.15,6000,1012525
20221101,15:13,1.20,1.20,1.20,1.20,6150,1030625
20221101,15:14,1.20,1.20,1.15,1.15,275,1030625
20221101,15:15,1.20,1.20,1.20,1.20,175,1026975
20221101,15:16,1.15,1.15,1.15,1.15,25,1026975
20221101,15:17,1.20,1.20,1.20,1.20,37075,1026975
20221101,15:18,1.20,1.20,1.15,1.15,14550,1025500
20221101,15:19,1.15,1.20,1.15,1.20,9550,1025500
20221101,15:20,1.20,1.20,1.15,1.15,3050,1025500
20221101,15:21,1.20,1.25,1.20,1.25,32500,1004200
20221101,15:22,1.25,1.25,1.20,1.25,1125,1004200
20221101,15:23,1.20,1.20,1.20,1.20,4650,1004200
20221101,15:24,1.20,1.20,1.20,1.20,1175,996200
20221101,15:25,1.25,1.25,1.20,1.20,6975,996200
20221101,15:27,1.20,1.25,1.20,1.20,4850,1000350
20221101,15:28,1.20,1.25,1.20,1.25,1975,1000350
20221101,15:29,1.25,1.25,1.20,1.25,13025,1000350
20221102,09:15,1.25,1.60,1.25,1.60,249951,1004250
20221102,09:16,1.55,1.70,1.50,1.60,262100,1004250
20221102,09:17,1.65,1.70,1.50,1.50,31475,1293750
20221102,09:18,1.50,1.50,1.50,1.50,1800,1293750
20221102,09:19,1.50,1.50,1.45,1.50,2575,1293750
20221102,09:20,1.50,1.50,1.45,1.50,6550,1301125
20221102,09:21,1.50,1.50,1.45,1.45,11750,1301125
20221102,09:22,1.50,1.55,1.50,1.55,12575,1301125
20221102,09:23,1.55,1.55,1.50,1.55,3475,1307975
20221102,09:24,1.55,1.75,1.45,1.70,98975,1307975
20221102,09:25,1.65,1.70,1.55,1.60,29475,1307975
20221102,09:26,1.55,1.60,1.50,1.55,11325,1388625
20221102,09:27,1.55,1.55,1.50,1.55,4500,1388625
20221102,09:28,1.55,1.55,1.45,1.50,10525,1388625
20221102,09:29,1.50,1.50,1.45,1.45,2650,1393275
20221102,09:30,1.45,1.50,1.45,1.50,3900,1393275
20221102,09:31,1.50,1.50,1.45,1.45,3975,1393275
20221102,09:32,1.45,1.45,1.45,1.45,350,1395650
20221102,09:33,1.45,1.50,1.45,1.50,5800,1395650
20221102,09:35,1.50,1.50,1.45,1.45,1725,1395200
20221102,09:36,1.45,1.45,1.40,1.45,10100,1395200
20221102,09:37,1.45,1.45,1.45,1.45,450,1395200
20221102,09:38,1.45,1.45,1.40,1.45,5475,1392850
20221102,09:39,1.45,1.45,1.40,1.40,3725,1392850
20221102,09:40,1.40,1.45,1.40,1.40,275,1392850
20221102,09:41,1.40,1.50,1.40,1.45,9725,1393300
20221102,09:42,1.45,1.50,1.45,1.50,5800,1393300
20221102,09:43,1.50,1.50,1.45,1.50,7100,1393300
20221102,09:44,1.50,1.50,1.50,1.50,2275,1390025
20221102,09:45,1.45,1.50,1.45,1.45,5225,1390025
20221102,09:46,1.45,1.50,1.45,1.50,2725,1390025
20221102,09:47,1.50,1.50,1.45,1.45,1725,1390800
20221102,09:48,1.50,1.50,1.50,1.50,900,1390800
20221102,09:49,1.50,1.50,1.45,1.50,1275,1390800
20221102,09:51,1.45,1.45,1.45,1.45,5400,1391100
20221102,09:52,1.45,1.45,1.45,1.45,2300,1391100
20221102,09:53,1.45,1.45,1.45,1.45,2700,1396625
20221102,09:54,1.45,1.45,1.45,1.45,3725,1396625
20221102,09:55,1.50,1.50,1.45,1.50,175,1396625
20221102,09:56,1.45,1.45,1.40,1.40,750,1394525
20221102,09:57,1.45,1.45,1.40,1.45,950,1394525
20221102,09:58,1.45,1.45,1.40,1.40,50,1394525
20221102,09:59,1.40,1.40,1.40,1.40,1250,1395450
20221102,10:00,1.40,1.45,1.40,1.45,2600,1395450
20221102,10:01,1.45,1.45,1.40,1.45,950,1395450
20221102,10:02,1.40,1.45,1.40,1.40,2150,1397250
20221102,10:03,1.45,1.45,1.40,1.40,75,1397250
20221102,10:04,1.40,1.45,1.40,1.45,2375,1397250
20221102,10:05,1.40,1.45,1.40,1.40,3325,1397250
20221102,10:06,1.40,1.40,1.40,1.40,1000,1397775
20221102,10:07,1.40,1.45,1.40,1.45,1025,1397775
20221102,10:08,1.40,1.40,1.40,1.40,9925,1397150
20221102,10:09,1.35,1.45,1.35,1.45,1825,1397150
20221102,10:10,1.45,1.45,1.40,1.40,5375,1397150
20221102,10:11,1.40,1.40,1.40,1.40,1425,1401775
20221102,10:12,1.40,1.40,1.35,1.40,1600,1401775
20221102,10:13,1.35,1.40,1.35,1.40,1425,1401775
20221102,10:14,1.40,1.40,1.35,1.40,4300,1401675
20221102,10:15,1.35,1.40,1.35,1.35,2750,1401675
20221102,10:16,1.35,1.40,1.35,1.40,1825,1401675
20221102,10:18,1.40,1.40,1.30,1.40,5775,1404200
20221102,10:19,1.35,1.40,1.30,1.35,2925,1404200
20221102,10:20,1.30,1.30,1.30,1.30,2100,1404975
20221102,10:21,1.35,1.35,1.35,1.35,50,1404975
20221102,10:23,1.35,1.35,1.35,1.35,75,1404975
20221102,10:24,1.30,1.35,1.30,1.35,1075,1404975
20221102,10:25,1.35,1.35,1.30,1.35,675,1404975
20221102,10:26,1.35,1.35,1.30,1.35,250,1404675
20221102,10:27,1.35,1.35,1.30,1.35,150,1404675
20221102,10:28,1.35,1.35,1.30,1.35,11625,1404675
20221102,10:29,1.35,1.40,1.35,1.40,375,1409550
20221102,10:30,1.40,1.40,1.35,1.40,3550,1409550
20221102,10:31,1.35,1.40,1.35,1.35,350,1409550
20221102,10:32,1.40,1.40,1.40,1.40,150,1412650
20221102,10:33,1.40,1.40,1.40,1.40,125,1412650
20221102,10:34,1.40,1.40,1.35,1.40,425,1412650
20221102,10:35,1.40,1.40,1.35,1.40,1925,1413950
20221102,10:36,1.40,1.40,1.35,1.40,600,1413950
20221102,10:37,1.40,1.40,1.35,1.40,1225,1413950
20221102,10:38,1.40,1.40,1.35,1.40,1175,1416300
20221102,10:39,1.40,1.40,1.40,1.40,150,1416300
20221102,10:40,1.40,1.40,1.35,1.40,2950,1416300
20221102,10:41,1.35,1.35,1.35,1.35,4150,1418450
20221102,10:42,1.35,1.35,1.35,1.35,75,1418450
20221102,10:43,1.35,1.35,1.30,1.30,150,1418450
20221102,10:44,1.30,1.35,1.30,1.30,1525,1418275
20221102,10:45,1.30,1.35,1.30,1.30,4050,1418275
20221102,10:46,1.30,1.30,1.30,1.30,125,1418275
20221102,10:47,1.30,1.30,1.30,1.30,13700,1418875
20221102,10:48,1.30,1.30,1.30,1.30,6000,1418875
20221102,10:51,1.30,1.30,1.30,1.30,5575,1420900
20221102,10:52,1.30,1.30,1.30,1.30,1875,1420900
20221102,10:53,1.30,1.30,1.30,1.30,1525,1420900
20221102,10:54,1.30,1.30,1.25,1.25,350,1414975
20221102,10:55,1.30,1.30,1.25,1.30,2075,1414975
20221102,10:56,1.30,1.35,1.30,1.35,14700,1414975
20221102,10:57,1.30,1.35,1.30,1.35,50,1418025
20221102,10:58,1.35,1.35,1.35,1.35,25,1418025
20221102,10:59,1.30,1.35,1.30,1.35,75,1418025
20221102,11:00,1.30,1.35,1.30,1.30,2825,1418025
20221102,11:01,1.30,1.35,1.30,1.35,1000,1418025
20221102,11:02,1.35,1.35,1.30,1.35,2925,1420400
20221102,11:03,1.35,1.35,1.30,1.35,525,1420400
20221102,11:04,1.35,1.35,1.30,1.35,425,1420400
20221102,11:05,1.35,1.35,1.25,1.35,8575,1417400
20221102,11:06,1.35,1.35,1.30,1.30,3225,1417400
20221102,11:07,1.35,1.35,1.30,1.35,275,1417400
20221102,11:08,1.35,1.35,1.35,1.35,450,1413575
20221102,11:09,1.35,1.35,1.30,1.35,2450,1413575
20221102,11:10,1.35,1.35,1.30,1.35,1575,1413575
20221102,11:11,1.35,1.35,1.25,1.25,3375,1410075
20221102,11:12,1.30,1.30,1.25,1.30,2125,1410075
20221102,11:13,1.30,1.30,1.25,1.30,1575,1410075
20221102,11:14,1.30,1.30,1.25,1.30,800,1408750
20221102,11:15,1.30,1.30,1.25,1.30,500,1408750
20221102,11:16,1.30,1.30,1.20,1.25,69200,1408750
20221102,11:17,1.20,1.30,1.20,1.20,26325,1407175
20221102,11:18,1.25,1.25,1.20,1.25,100,1407175
20221102,11:19,1.25,1.25,1.25,1.25,50,1407175
20221102,11:20,1.25,1.25,1.15,1.15,14425,1400550
20221102,11:21,1.15,1.25,1.15,1.20,10350,1400550
20221102,11:22,1.20,1.25,1.20,1.20,575,1400550
20221102,11:23,1.25,1.25,1.20,1.25,1075,1400550
20221102,11:24,1.20,1.25,1.20,1.20,1025,1400800
20221102,11:25,1.25,1.25,1.20,1.25,425,1400800
20221102,11:26,1.25,1.25,1.25,1.25,125,1400175
20221102,11:27,1.25,1.25,1.25,1.25,75,1400175
20221102,11:28,1.20,1.25,1.20,1.20,1350,1400175
20221102,11:29,1.25,1.25,1.25,1.25,200,1399725
20221102,11:30,1.25,1.25,1.20,1.25,300,1399725
20221102,11:31,1.25,1.25,1.20,1.25,300,1399725
20221102,11:32,1.25,1.25,1.20,1.25,800,1399600
20221102,11:33,1.25,1.25,1.15,1.15,5100,1399600
20221102,11:34,1.20,1.20,1.15,1.20,200,1399600
20221102,11:35,1.20,1.20,1.15,1.20,1800,1394725
20221102,11:36,1.15,1.20,1.15,1.20,275,1394725
20221102,11:37,1.20,1.20,1.15,1.20,900,1394725
20221102,11:38,1.20,1.20,1.15,1.20,900,1394725
20221102,11:39,1.15,1.20,1.15,1.15,225,1394725
20221102,11:40,1.20,1.20,1.15,1.20,550,1394725
20221102,11:41,1.15,1.20,1.15,1.20,8225,1394725
20221102,11:42,1.20,1.20,1.15,1.15,18625,1394725
20221102,11:43,1.20,1.20,1.15,1.15,9375,1394725
20221102,11:44,1.15,1.20,1.15,1.20,20475,1385725
20221102,11:45,1.20,1.20,1.20,1.20,200,1385725
20221102,11:46,1.20,1.20,1.20,1.20,8300,1385725
20221102,11:47,1.20,1.20,1.20,1.20,275,1385725
20221102,11:48,1.20,1.20,1.15,1.15,275,1377625
20221102,11:49,1.15,1.20,1.15,1.20,1075,1377625
20221102,11:50,1.20,1.20,1.20,1.20,75,1377625
20221102,11:51,1.20,1.20,1.15,1.15,625,1378525
20221102,11:52,1.15,1.20,1.15,1.20,575,1378525
20221102,11:53,1.20,1.20,1.15,1.20,250,1378525
20221102,11:54,1.15,1.20,1.15,1.20,1200,1378525
20221102,11:55,1.20,1.20,1.15,1.20,4875,1378525
20221102,11:56,1.20,1.40,1.20,1.40,98500,1386725
20221102,11:57,1.40,1.45,1.35,1.35,76025,1386725
20221102,11:58,1.35,1.35,1.25,1.25,16250,1386725
20221102,11:59,1.25,1.30,1.25,1.25,7475,1427000
20221102,12:00,1.25,1.30,1.25,1.25,1675,1427000
20221102,12:01,1.30,1.30,1.25,1.25,2200,1427000
20221102,12:02,1.30,1.30,1.25,1.25,6050,1427000
20221102,12:03,1.25,1.30,1.20,1.25,7650,1431200
20221102,12:04,1.25,1.25,1.20,1.20,800,1431200
20221102,12:05,1.25,1.25,1.20,1.25,375,1431200
20221102,12:06,1.25,1.25,1.20,1.20,2200,1433775
20221102,12:07,1.20,1.25,1.20,1.25,5675,1433775
20221102,12:08,1.25,1.25,1.20,1.25,2350,1436850
20221102,12:09,1.25,1.25,1.15,1.15,5925,1436850
20221102,12:10,1.20,1.20,1.15,1.15,500,1436850
20221102,12:11,1.15,1.20,1.15,1.20,1975,1434800
20221102,12:12,1.20,1.20,1.15,1.15,1050,1434800
20221102,12:13,1.20,1.20,1.15,1.20,1100,1434800
20221102,12:14,1.20,1.20,1.15,1.20,1250,1434800
20221102,12:15,1.20,1.20,1.15,1.15,2325,1434800
20221102,12:16,1.20,1.20,1.20,1.20,3100,1434800
20221102,12:17,1.20,1.20,1.15,1.20,3250,1434800
20221102,12:18,1.20,1.20,1.15,1.20,1725,1434800
20221102,12:19,1.20,1.20,1.20,1.20,1375,1434800
20221102,12:20,1.20,1.20,1.20,1.20,1425,1434800
20221102,12:21,1.20,1.20,1.15,1.20,3050,1434800
20221102,12:22,1.20,1.20,1.15,1.20,5475,1434800
20221102,12:23,1.20,1.20,1.15,1.20,5675,1432700
20221102,12:24,1.20,1.20,1.15,1.20,7725,1432700
20221102,12:25,1.20,1.20,1.15,1.20,7150,1432700
20221102,12:26,1.15,1.20,1.15,1.20,34325,1430225
20221102,12:27,1.20,1.25,1.10,1.20,24400,1430225
20221102,12:28,1.20,1.20,1.15,1.20,3200,1430225
20221102,12:29,1.15,1.20,1.15,1.20,9575,1430225
20221102,12:30,1.20,1.20,1.15,1.20,650,1423775
20221102,12:31,1.20,1.20,1.20,1.20,400,1423775
20221102,12:32,1.20,1.20,1.20,1.20,1250,1423775
20221102,12:33,1.20,1.20,1.20,1.20,275,1423775
20221102,12:34,1.20,1.20,1.15,1.20,450,1423775
20221102,12:35,1.20,1.20,1.15,1.15,1075,1423775
20221102,12:36,1.15,1.20,1.15,1.20,1325,1424075
20221102,12:37,1.20,1.20,1.15,1.20,1050,1424075
20221102,12:38,1.20,1.20,1.15,1.15,17725,1424075
20221102,12:39,1.20,1.20,1.10,1.15,20325,1411150
20221102,12:40,1.10,1.15,1.05,1.10,14750,1411150
20221102,12:41,1.10,1.10,1.10,1.10,3225,1411150
20221102,12:42,1.10,1.15,1.05,1.10,26675,1399850
20221102,12:43,1.10,1.10,1.00,1.00,74325,1399850
20221102,12:44,1.00,1.05,0.90,0.95,133600,1399850
20221102,12:45,0.90,1.00,0.90,1.00,41425,1379425
20221102,12:46,1.00,1.00,0.95,0.95,34100,1379425
20221102,12:47,0.95,1.00,0.95,1.00,14275,1379425
20221102,12:48,1.00,1.00,0.90,0.95,66525,1362675
20221102,12:49,0.95,1.00,0.95,1.00,34425,1362675
20221102,12:50,1.00,1.00,0.95,1.00,34425,1362675
20221102,12:51,1.00,1.00,0.95,1.00,7900,1315975
20221102,12:52,1.00,1.00,0.95,1.00,7275,1315975
20221102,12:53,1.00,1.00,0.95,0.95,14025,1315975
20221102,12:54,1.00,1.00,0.95,0.95,6800,1301850
20221102,12:55,0.95,1.00,0.95,0.95,10000,1301850
20221102,12:56,0.95,1.00,0.90,0.90,47275,1301850
20221102,12:57,0.95,0.95,0.85,0.95,51875,1290450
20221102,12:58,0.95,0.95,0.90,0.95,9275,1290450
20221102,12:59,0.95,0.95,0.90,0.95,12950,1290450
20221102,13:00,0.95,1.00,0.90,0.95,41350,1266700
20221102,13:01,1.00,1.00,0.95,1.00,3600,1266700
20221102,13:02,1.00,1.00,1.00,1.00,5575,1266700
20221102,13:03,1.00,1.00,1.00,1.00,31925,1260000
20221102,13:04,1.00,1.00,0.95,1.00,1450,1260000
20221102,13:05,1.00,1.00,0.95,1.00,6850,1260000
20221102,13:06,1.00,1.00,1.00,1.00,6425,1233575
20221102,13:07,1.00,1.05,1.00,1.05,4800,1233575
20221102,13:08,1.05,1.05,1.05,1.05,475,1233575
20221102,13:09,1.05,1.05,1.00,1.05,11150,1226875
20221102,13:10,1.05,1.05,1.05,1.05,15425,1226875
20221102,13:11,1.05,1.05,1.05,1.05,2725,1226875
20221102,13:12,1.05,1.05,1.00,1.05,5500,1225625
20221102,13:13,1.05,1.05,1.00,1.05,2125,1225625
20221102,13:14,1.05,1.05,1.00,1.05,1725,1225625
20221102,13:15,1.05,1.05,1.00,1.05,1975,1225625
20221102,13:16,1.05,1.05,1.00,1.05,2400,1225625
20221102,13:17,1.05,1.05,1.00,1.05,7100,1225625
20221102,13:18,1.05,1.05,1.00,1.05,6875,1225625
20221102,13:19,1.05,1.05,1.05,1.05,2675,1225625
20221102,13:20,1.05,1.05,1.00,1.05,1250,1225625
20221102,13:21,1.05,1.05,1.00,1.05,1975,1224725
20221102,13:22,1.05,1.05,1.00,1.05,4100,1224725
20221102,13:23,1.05,1.05,1.00,1.00,2675,1224725
20221102,13:24,1.05,1.05,0.95,1.00,20475,1225525
20221102,13:25,1.05,1.05,1.00,1.00,3675,1225525
20221102,13:26,1.00,1.00,0.95,1.00,25025,1225525
20221102,13:27,1.05,1.15,1.00,1.10,125725,1221750
20221102,13:28,1.10,1.15,1.10,1.10,127750,1221750
20221102,13:29,1.10,1.20,1.10,1.15,28775,1221750
20221102,13:30,1.10,1.15,1.10,1.15,650,1256275
20221102,13:31,1.15,1.15,1.10,1.10,8325,1256275
20221102,13:32,1.05,1.05,1.00,1.05,5550,1256275
20221102,13:33,1.05,1.05,1.00,1.00,1200,1255775
20221102,13:34,1.05,1.05,1.00,1.05,1800,1255775
20221102,13:35,1.05,1.05,1.00,1.05,1150,1255775
20221102,13:36,1.05,1.05,1.05,1.05,1250,1253075
20221102,13:37,1.00,1.05,1.00,1.05,1075,1253075
20221102,13:38,1.05,1.05,0.90,0.90,33950,1253075
20221102,13:39,0.95,1.00,0.95,1.00,1475,1245625
20221102,13:40,1.00,1.00,0.95,1.00,3725,1245625
20221102,13:41,1.00,1.00,0.90,0.95,36800,1245625
20221102,13:42,0.95,0.95,0.90,0.90,62325,1237075
20221102,13:43,0.95,0.95,0.90,0.95,33825,1237075
20221102,13:44,0.95,0.95,0.90,0.90,22850,1237075
20221102,13:45,0.90,0.95,0.90,0.95,12625,1232600
20221102,13:46,0.95,0.95,0.90,0.90,16775,1232600
20221102,13:47,0.90,0.95,0.85,0.85,98325,1232600
20221102,13:48,0.90,0.90,0.85,0.90,2350,1209425
20221102,13:49,0.90,0.90,0.85,0.85,4550,1209425
20221102,13:50,0.85,0.90,0.85,0.90,4625,1209425
20221102,13:51,0.90,0.90,0.85,0.90,2950,1208525
20221102,13:52,0.90,0.90,0.85,0.90,2850,1208525
20221102,13:53,0.90,0.95,0.85,0.95,38250,1208525
20221102,13:54,0.95,0.95,0.90,0.95,33775,1207550
20221102,13:55,0.95,1.00,0.95,1.00,35275,1207550
20221102,13:56,1.00,1.00,0.95,1.00,24975,1207550
20221102,13:57,1.00,1.00,0.95,1.00,8850,1210400
20221102,13:58,1.00,1.00,0.95,1.00,1600,1210400
20221102,13:59,1.00,1.00,0.95,0.95,6650,1210400
20221102,14:00,0.95,1.00,0.95,0.95,3875,1213225
20221102,14:01,1.00,1.00,0.95,0.95,4650,1213225
20221102,14:02,0.95,1.00,0.90,0.90,74750,1213225
20221102,14:03,0.90,0.95,0.90,0.95,38550,1219675
20221102,14:04,0.95,0.95,0.90,0.95,1925,1219675
20221102,14:05,0.95,0.95,0.90,0.95,925,1219675
20221102,14:06,0.95,0.95,0.90,0.95,2025,1218050
20221102,14:07,0.95,0.95,0.90,0.95,1925,1218050
20221102,14:08,0.95,0.95,0.90,0.95,3050,1218050
20221102,14:09,0.95,0.95,0.90,0.95,7600,1212250
20221102,14:10,0.95,1.00,0.95,1.00,13500,1212250
20221102,14:11,1.00,1.00,0.95,1.00,4900,1212250
20221102,14:12,1.00,1.00,0.95,1.00,4975,1198400
20221102,14:13,1.00,1.00,0.95,0.95,4275,1198400
20221102,14:14,1.00,1.05,0.95,1.05,5875,1198400
20221102,14:15,1.05,1.05,1.00,1.00,4950,1190725
20221102,14:16,1.00,1.00,0.95,1.00,1175,1190725
20221102,14:17,1.00,1.05,0.95,1.05,4550,1190725
20221102,14:18,1.00,1.00,0.95,1.00,2400,1185425
20221102,14:19,1.00,1.05,0.95,1.05,675,1185425
20221102,14:20,1.05,1.05,1.00,1.00,1025,1185425
20221102,14:21,1.00,1.00,0.95,1.00,1850,1185675
20221102,14:22,1.00,1.00,1.00,1.00,3025,1185675
20221102,14:23,1.00,1.00,0.95,1.00,1125,1185675
20221102,14:24,1.00,1.00,0.95,1.00,1500,1185175
20221102,14:25,1.00,1.00,0.95,1.00,900,1185175
20221102,14:26,1.00,1.00,0.95,1.00,1225,1185175
20221102,14:27,1.00,1.00,0.95,1.00,1425,1184275
20221102,14:28,1.00,1.00,0.95,1.00,1425,1184275
20221102,14:29,1.00,1.00,0.95,1.00,1200,1184275
20221102,14:30,1.00,1.00,1.00,1.00,550,1184275
20221102,14:31,1.00,1.00,0.90,0.95,14125,1184275
20221102,14:32,0.95,0.95,0.90,0.95,4725,1184275
20221102,14:33,0.95,0.95,0.95,0.95,575,1187175
20221102,14:34,0.95,0.95,0.90,0.95,1800,1187175
20221102,14:35,0.95,0.95,0.90,0.95,950,1187175
20221102,14:36,0.95,0.95,0.90,0.95,1050,1187175
20221102,14:37,0.95,0.95,0.90,0.90,1900,1187175
20221102,14:38,0.95,0.95,0.90,0.95,1375,1187175
20221102,14:39,0.95,0.95,0.95,0.95,2425,1187175
20221102,14:40,0.95,0.95,0.90,0.95,2275,1187175
20221102,14:41,0.95,0.95,0.90,0.95,4025,1187175
20221102,14:42,0.95,0.95,0.95,0.95,3325,1188275
20221102,14:43,0.95,0.95,0.90,0.90,12125,1188275
20221102,14:44,0.95,0.95,0.85,0.90,6275,1188275
20221102,14:45,0.90,0.90,0.85,0.90,875,1198075
20221102,14:46,0.90,0.90,0.90,0.90,1550,1198075
20221102,14:47,0.90,0.90,0.85,0.85,1700,1198075
20221102,14:48,0.90,0.90,0.85,0.90,1450,1198075
20221102,14:49,0.90,0.90,0.85,0.90,22175,1198075
20221102,14:50,0.90,0.95,0.90,0.95,7625,1198075
20221102,14:51,0.95,0.95,0.90,0.95,4650,1197650
20221102,14:52,0.95,0.95,0.90,0.95,2025,1197650
20221102,14:53,0.95,0.95,0.90,0.90,1400,1197650
20221102,14:54,0.90,0.90,0.90,0.90,425,1201525
20221102,14:55,0.90,0.90,0.85,0.90,3825,1201525
20221102,14:56,0.90,0.90,0.85,0.90,1250,1201525
20221102,14:57,0.90,0.90,0.85,0.90,2150,1200125
20221102,14:58,0.90,0.90,0.85,0.90,1675,1200125
20221102,14:59,0.90,0.90,0.85,0.90,1275,1200125
20221102,15:00,0.90,0.90,0.85,0.90,3075,1200125
20221102,15:01,0.90,0.90,0.80,0.85,5175,1200125
20221102,15:02,0.85,0.85,0.80,0.85,1400,1200125
20221102,15:03,0.85,0.85,0.80,0.85,2350,1198150
20221102,15:04,0.85,0.90,0.80,0.80,7275,1198150
20221102,15:05,0.85,0.90,0.80,0.80,16575,1198150
20221102,15:06,0.80,0.85,0.80,0.85,3850,1198100
20221102,15:07,0.85,0.85,0.80,0.85,3025,1198100
20221102,15:08,0.85,0.85,0.85,0.85,1250,1198100
20221102,15:09,0.85,0.85,0.75,0.75,11025,1193975
20221102,15:10,0.80,0.80,0.75,0.80,2375,1193975
20221102,15:11,0.80,0.80,0.75,0.80,3450,1193975
20221102,15:12,0.80,0.80,0.75,0.80,4200,1197250
20221102,15:13,0.80,0.80,0.75,0.80,2025,1197250
20221102,15:14,0.80,0.80,0.75,0.80,5150,1197250
20221102,15:15,0.80,0.85,0.75,0.80,19975,1198175
20221102,15:16,0.80,0.80,0.75,0.80,10125,1198175
20221102,15:17,0.80,0.85,0.80,0.85,26250,1198175
20221102,15:18,0.80,0.85,0.80,0.85,1625,1206575
20221102,15:19,0.85,0.85,0.80,0.85,1325,1206575
20221102,15:20,0.85,0.85,0.80,0.85,3125,1206575
20221102,15:21,0.85,0.85,0.80,0.85,1875,1205075
20221102,15:22,0.85,0.85,0.80,0.85,7350,1205075
20221102,15:23,0.85,0.85,0.80,0.80,2600,1205075
20221102,15:24,0.85,0.85,0.80,0.80,5000,1204850
20221102,15:25,0.80,0.85,0.75,0.75,5400,1204850
20221102,15:26,0.80,0.85,0.75,0.85,13625,1204850
20221102,15:27,0.85,0.85,0.80,0.80,6300,1190700
20221102,15:28,0.85,0.85,0.80,0.80,8525,1190700
20221102,15:29,0.85,0.85,0.75,0.80,31075,1190700
20221103,09:15,0.55,1.25,0.40,1.20,159026,1203275
20221103,09:16,1.40,1.85,0.95,1.35,204300,1203275
20221103,09:17,1.30,1.40,0.95,0.95,92500,1465900
20221103,09:18,1.00,1.00,0.80,0.85,31650,1465900
20221103,09:19,0.85,1.15,0.85,1.15,161950,1465900
20221103,09:20,1.10,1.30,1.05,1.25,154175,1628575
20221103,09:21,1.25,1.30,1.15,1.20,134900,1628575
20221103,09:22,1.20,1.20,0.90,0.95,27125,1628575
20221103,09:23,0.90,1.00,0.90,0.95,34325,1765800
20221103,09:24,0.90,0.95,0.90,0.90,8275,1765800
20221103,09:25,0.90,0.90,0.85,0.85,8650,1765800
20221103,09:26,0.80,0.90,0.80,0.85,20900,1768825
20221103,09:27,0.85,0.85,0.80,0.80,7125,1768825
20221103,09:28,0.80,0.85,0.80,0.85,8300,1768825
20221103,09:29,0.80,0.80,0.80,0.80,3375,1772125
20221103,09:30,0.80,0.80,0.75,0.80,6875,1772125
20221103,09:31,0.75,0.85,0.75,0.80,19175,1772125
20221103,09:32,0.80,0.80,0.75,0.75,8675,1793350
20221103,09:33,0.80,0.80,0.80,0.80,9125,1793350
20221103,09:34,0.80,0.80,0.75,0.80,16225,1793350
20221103,09:35,0.80,0.85,0.80,0.85,4850,1786150
20221103,09:36,0.85,1.20,0.80,1.20,31875,1786150
20221103,09:37,1.20,1.20,0.85,0.90,26250,1786150
20221103,09:38,0.90,0.95,0.90,0.90,7475,1768875
20221103,09:39,0.90,0.90,0.85,0.90,11000,1768875
20221103,09:40,0.90,1.00,0.90,0.95,18000,1768875
20221103,09:41,0.95,1.15,0.95,0.95,63725,1834525
20221103,09:42,0.95,0.95,0.90,0.90,4275,1834525
20221103,09:43,0.90,0.90,0.85,0.85,4900,1834525
20221103,09:44,0.90,0.90,0.80,0.80,15150,1845250
20221103,09:45,0.85,0.85,0.80,0.80,3300,1845250
20221103,09:46,0.80,0.85,0.80,0.85,575,1845250
20221103,09:47,0.85,0.85,0.85,0.85,5650,1847650
20221103,09:48,0.80,0.85,0.80,0.85,1600,1847650
20221103,09:49,0.80,0.85,0.80,0.85,1100,1847650
20221103,09:50,0.85,0.85,0.80,0.85,4925,1849400
20221103,09:51,0.85,0.85,0.80,0.85,1350,1849400
20221103,09:52,0.85,0.85,0.80,0.85,200,1849400
20221103,09:53,0.85,0.85,0.85,0.85,1000,1849125
20221103,09:54,0.85,0.85,0.80,0.85,3600,1849125
20221103,09:55,0.80,0.85,0.80,0.85,975,1849125
20221103,09:56,0.85,0.85,0.85,0.85,5075,1849900
20221103,09:57,0.85,0.90,0.80,0.90,18050,1849900
20221103,09:58,0.90,0.90,0.85,0.85,6125,1849900
20221103,09:59,0.85,0.85,0.80,0.85,775,1861800
20221103,10:00,0.85,0.85,0.80,0.80,7000,1861800
20221103,10:01,0.80,0.85,0.80,0.85,1425,1861800
20221103,10:02,0.80,0.85,0.80,0.85,3600,1866475
20221103,10:03,0.80,0.85,0.80,0.80,3400,1866475
20221103,10:04,0.80,0.85,0.80,0.80,9025,1866475
20221103,10:05,0.85,0.85,0.80,0.80,5100,1873300
20221103,10:06,0.80,0.80,0.75,0.80,775,1873300
20221103,10:07,0.75,0.80,0.75,0.75,4825,1873300
20221103,10:08,0.75,0.80,0.75,0.75,14375,1880750
20221103,10:09,0.80,0.80,0.70,0.75,2350,1880750
20221103,10:10,0.75,0.75,0.70,0.70,3075,1880750
20221103,10:11,0.75,0.75,0.70,0.75,1450,1881325
20221103,10:12,0.70,0.75,0.70,0.70,875,1881325
20221103,10:13,0.75,0.75,0.65,0.65,6075,1881325
20221103,10:14,0.70,0.70,0.70,0.70,2400,1881850
20221103,10:15,0.70,0.75,0.70,0.70,7175,1881850
20221103,10:16,0.70,0.75,0.70,0.75,1025,1881850
20221103,10:17,0.70,0.75,0.65,0.70,12550,1880025
20221103,10:18,0.75,0.75,0.70,0.75,13550,1880025
20221103,10:19,0.75,0.80,0.70,0.75,5050,1880025
20221103,10:20,0.75,0.75,0.70,0.75,13175,1875625
20221103,10:21,0.80,0.80,0.70,0.75,1650,1875625
20221103,10:22,0.75,0.80,0.75,0.75,3325,1875625
20221103,10:23,0.70,0.75,0.70,0.75,16750,1863625
20221103,10:24,0.75,0.75,0.70,0.75,1550,1863625
20221103,10:25,0.70,0.75,0.70,0.75,1375,1863625
20221103,10:26,0.75,0.80,0.75,0.80,4000,1861275
20221103,10:27,0.80,0.80,0.80,0.80,300,1861275
20221103,10:28,0.80,0.80,0.70,0.75,1200,1861275
20221103,10:29,0.80,0.80,0.70,0.70,16750,1861975
20221103,10:30,0.70,0.80,0.70,0.70,14325,1861975
20221103,10:31,0.70,0.75,0.70,0.75,6050,1861975
20221103,10:32,0.75,0.75,0.70,0.75,1200,1864600
20221103,10:33,0.75,0.75,0.65,0.70,9400,1864600
20221103,10:34,0.65,0.70,0.65,0.70,5175,1864600
20221103,10:35,0.70,0.70,0.65,0.70,2225,1866525
20221103,10:36,0.70,0.70,0.65,0.70,450,1866525
20221103,10:37,0.65,0.70,0.65,0.70,725,1866525
20221103,10:38,0.70,0.75,0.65,0.75,1275,1866700
20221103,10:39,0.75,0.75,0.65,0.70,4125,1866700
20221103,10:40,0.70,0.70,0.65,0.65,3025,1866700
20221103,10:41,0.65,0.70,0.65,0.70,100,1869050
20221103,10:42,0.70,0.70,0.70,0.70,150,1869050
20221103,10:43,0.70,0.70,0.65,0.70,275,1869050
20221103,10:44,0.65,0.70,0.65,0.70,4450,1869350
20221103,10:45,0.70,0.70,0.65,0.70,2075,1869350
20221103,10:46,0.70,0.70,0.70,0.70,150,1869350
20221103,10:47,0.70,0.70,0.65,0.65,600,1872225
20221103,10:48,0.70,0.80,0.70,0.75,33350,1872225
20221103,10:49,0.70,0.80,0.70,0.75,12200,1872225
20221103,10:50,0.75,0.75,0.70,0.75,4700,1897975
20221103,10:51,0.75,0.75,0.70,0.75,7125,1897975
20221103,10:52,0.75,0.75,0.75,0.75,925,1897975
20221103,10:53,0.75,0.75,0.70,0.70,300,1899000
20221103,10:54,0.75,0.75,0.70,0.75,2075,1899000
20221103,10:55,0.75,0.75,0.70,0.70,2600,1899000
20221103,10:56,0.75,0.75,0.70,0.75,5525,1896575
20221103,10:57,0.75,0.80,0.75,0.75,3225,1896575
20221103,10:58,0.80,0.80,0.70,0.75,2575,1896575
20221103,10:59,0.75,0.75,0.75,0.75,975,1892675
20221103,11:00,0.75,0.75,0.70,0.75,2150,1892675
20221103,11:01,0.75,0.75,0.70,0.70,6775,1892675
20221103,11:02,0.70,0.75,0.70,0.75,5175,1902325
20221103,11:03,0.75,0.75,0.70,0.70,3525,1902325
20221103,11:04,0.75,0.75,0.70,0.75,1075,1902325
20221103,11:05,0.75,0.75,0.65,0.75,1925,1903775
20221103,11:06,0.75,0.75,0.75,0.75,2200,1903775
20221103,11:07,0.75,0.75,0.65,0.75,775,1903775
20221103,11:08,0.75,0.75,0.65,0.70,600,1902200
20221103,11:09,0.70,0.75,0.70,0.70,550,1902200
20221103,11:10,0.70,0.70,0.70,0.70,1575,1902200
20221103,11:11,0.70,0.70,0.65,0.70,2100,1904000
20221103,11:12,0.70,0.70,0.70,0.70,1950,1904000
20221103,11:13,0.70,0.70,0.70,0.70,375,1904000
20221103,11:14,0.70,0.70,0.70,0.70,500,1904900
20221103,11:15,0.70,0.70,0.65,0.70,1775,1904900
20221103,11:16,0.70,0.70,0.70,0.70,1050,1904900
20221103,11:17,0.70,0.70,0.65,0.70,425,1906275
20221103,11:18,0.70,0.70,0.65,0.70,450,1906275
20221103,11:19,0.70,0.70,0.65,0.70,275,1906275
20221103,11:20,0.65,0.70,0.65,0.70,1100,1906700
20221103,11:21,0.65,0.70,0.65,0.70,11675,1906700
20221103,11:22,0.70,0.70,0.65,0.65,1625,1906700
20221103,11:23,0.70,0.70,0.65,0.70,875,1911050
20221103,11:24,0.70,0.70,0.65,0.70,800,1911050
20221103,11:25,0.70,0.70,0.65,0.65,875,1911050
20221103,11:26,0.70,0.70,0.65,0.70,1450,1912100
20221103,11:27,0.65,0.70,0.65,0.70,825,1912100
20221103,11:28,0.70,0.70,0.65,0.70,1100,1912100
20221103,11:29,0.70,0.70,0.65,0.65,5325,1916650
20221103,11:30,0.65,0.65,0.65,0.65,2500,1916650
20221103,11:31,0.65,0.65,0.60,0.65,5625,1916650
20221103,11:32,0.65,0.65,0.60,0.65,1500,1920300
20221103,11:33,0.65,0.65,0.65,0.65,500,1920300
20221103,11:34,0.65,0.65,0.60,0.65,1225,1920300
20221103,11:35,0.65,0.65,0.65,0.65,475,1921100
20221103,11:36,0.65,0.65,0.60,0.65,2200,1921100
20221103,11:37,0.65,0.65,0.60,0.60,850,1921100
20221103,11:38,0.65,0.65,0.60,0.60,800,1922000
20221103,11:39,0.65,0.65,0.60,0.60,4325,1922000
20221103,11:40,0.60,0.60,0.55,0.60,1050,1922000
20221103,11:41,0.60,0.60,0.55,0.60,350,1921625
20221103,11:42,0.60,0.65,0.55,0.60,2925,1921625
20221103,11:43,0.60,0.60,0.55,0.60,1325,1921625
20221103,11:44,0.60,0.60,0.55,0.60,2875,1919525
20221103,11:45,0.60,0.60,0.55,0.60,1025,1919525
20221103,11:46,0.60,0.60,0.55,0.55,2525,1919525
20221103,11:47,0.60,0.60,0.55,0.60,2300,1917525
20221103,11:48,0.60,0.60,0.55,0.60,2225,1917525
20221103,11:49,0.55,0.65,0.55,0.65,6450,1917525
20221103,11:50,0.65,0.65,0.60,0.65,525,1912525
20221103,11:51,0.65,0.65,0.55,0.60,2100,1912525
20221103,11:52,0.60,0.60,0.55,0.60,1050,1912525
20221103,11:53,0.60,0.60,0.55,0.60,875,1912300
20221103,11:54,0.60,0.60,0.55,0.60,775,1912300
20221103,11:55,0.60,0.60,0.60,0.60,425,1912300
20221103,11:56,0.60,0.60,0.55,0.60,4025,1910975
20221103,11:57,0.60,0.60,0.60,0.60,450,1910975
20221103,11:58,0.60,0.60,0.55,0.55,1550,1910975
20221103,11:59,0.60,0.60,0.60,0.60,325,1911575
20221103,12:00,0.60,0.60,0.55,0.60,5475,1911575
20221103,12:01,0.60,0.60,0.60,0.60,925,1911575
20221103,12:02,0.60,0.60,0.55,0.60,3325,1907200
20221103,12:03,0.60,0.60,0.55,0.60,1000,1907200
20221103,12:04,0.60,0.60,0.55,0.55,500,1907200
20221103,12:05,0.60,0.60,0.55,0.60,1325,1907050
20221103,12:06,0.60,0.60,0.55,0.60,1150,1907050
20221103,12:07,0.60,0.60,0.55,0.60,650,1907050
20221103,12:08,0.60,0.60,0.55,0.60,1450,1907900
20221103,12:09,0.60,0.60,0.55,0.60,1450,1907900
20221103,12:10,0.60,0.60,0.55,0.60,600,1907900
20221103,12:11,0.60,0.60,0.55,0.60,925,1908400
20221103,12:12,0.55,0.60,0.55,0.60,2475,1908400
20221103,12:13,0.60,0.60,0.55,0.60,1175,1908400
20221103,12:14,0.60,0.60,0.55,0.60,550,1908400
20221103,12:15,0.55,0.60,0.55,0.60,1650,1910025
20221103,12:16,0.55,0.60,0.55,0.60,1400,1910025
20221103,12:17,0.55,0.60,0.55,0.60,750,1911425
20221103,12:18,0.60,0.60,0.55,0.55,600,1911425
20221103,12:19,0.55,0.60,0.55,0.60,1225,1911425
20221103,12:20,0.60,0.60,0.55,0.60,725,1912400
20221103,12:21,0.60,0.60,0.55,0.60,1350,1912400
20221103,12:22,0.60,0.60,0.55,0.60,475,1912400
20221103,12:23,0.60,0.60,0.60,0.60,375,1911550
20221103,12:24,0.60,0.60,0.55,0.55,1775,1911550
20221103,12:25,0.60,0.60,0.55,0.55,600,1911550
20221103,12:26,0.60,0.60,0.55,0.60,650,1911875
20221103,12:27,0.55,0.60,0.55,0.60,1425,1911875
20221103,12:28,0.60,0.60,0.55,0.60,1550,1911875
20221103,12:29,0.60,0.60,0.55,0.55,1475,1913350
20221103,12:30,0.60,0.60,0.55,0.55,2250,1913350
20221103,12:31,0.60,0.60,0.50,0.50,2400,1913350
20221103,12:32,0.55,0.55,0.50,0.55,250,1913350
20221103,12:33,0.55,0.55,0.50,0.55,2750,1913025
20221103,12:34,0.55,0.55,0.45,0.45,2275,1913025
20221103,12:35,0.50,0.50,0.45,0.50,1300,1912750
20221103,12:36,0.50,0.50,0.45,0.50,900,1912750
20221103,12:37,0.45,0.50,0.45,0.45,325,1912750
20221103,12:38,0.50,0.50,0.50,0.50,175,1912625
20221103,12:39,0.50,0.50,0.50,0.50,300,1912625
20221103,12:40,0.50,0.50,0.45,0.50,400,1912625
20221103,12:41,0.50,0.50,0.45,0.50,375,1912625
20221103,12:42,0.50,0.50,0.45,0.50,275,1912825
20221103,12:43,0.50,0.55,0.50,0.55,3000,1912825
20221103,12:44,0.55,0.55,0.45,0.55,1675,1912825
20221103,12:45,0.55,0.55,0.45,0.50,725,1911700
20221103,12:46,0.45,0.50,0.45,0.45,6200,1911700
20221103,12:47,0.50,0.50,0.50,0.50,25,1911700
20221103,12:48,0.45,0.50,0.45,0.45,6350,1914175
20221103,12:49,0.45,0.50,0.45,0.50,1425,1914175
20221103,12:50,0.45,0.45,0.40,0.45,1100,1914175
20221103,12:51,0.45,0.45,0.45,0.45,75,1916225
20221103,12:52,0.45,0.45,0.40,0.45,925,1916225
20221103,12:54,0.40,0.45,0.40,0.45,1050,1915900
20221103,12:55,0.45,0.45,0.45,0.45,100,1915900
20221103,12:56,0.40,0.45,0.40,0.45,450,1915900
20221103,12:57,0.45,0.45,0.40,0.45,175,1916075
20221103,12:58,0.40,0.45,0.40,0.45,1675,1916075
20221103,12:59,0.45,0.45,0.35,0.40,625,1916075
20221103,13:00,0.35,0.45,0.35,0.40,375,1917250
20221103,13:01,0.40,0.40,0.40,0.40,3025,1917250
20221103,13:02,0.40,0.45,0.25,0.25,45775,1917250
20221103,13:03,0.25,0.30,0.25,0.30,44275,1919225
20221103,13:04,0.30,0.30,0.30,0.30,4225,1919225
20221103,13:05,0.30,0.30,0.25,0.30,6775,1919225
20221103,13:06,0.30,0.30,0.25,0.30,3600,1898175
20221103,13:07,0.30,0.30,0.25,0.30,3650,1898175
20221103,13:08,0.30,0.30,0.25,0.25,51175,1898175
20221103,13:09,0.25,0.30,0.15,0.20,290175,1891750
20221103,13:10,0.20,0.25,0.15,0.20,200775,1891750
20221103,13:11,0.25,0.25,0.15,0.15,271925,1891750
20221103,13:12,0.15,0.20,0.15,0.20,81875,1724225
20221103,13:13,0.15,0.20,0.15,0.20,84625,1724225
20221103,13:14,0.20,0.20,0.15,0.20,2825,1724225
20221103,13:15,0.15,0.20,0.15,0.20,6225,1671050
20221103,13:16,0.20,0.20,0.15,0.20,5400,1671050
20221103,13:17,0.20,0.20,0.15,0.20,90950,1671050
20221103,13:18,0.20,0.20,0.15,0.20,23625,1660450
20221103,13:19,0.20,0.20,0.15,0.20,92475,1660450
20221103,13:20,0.20,0.20,0.15,0.20,8675,1660450
20221103,13:21,0.20,0.20,0.20,0.20,1650,1657800
20221103,13:22,0.20,0.25,0.15,0.20,23200,1657800
20221103,13:23,0.25,0.25,0.15,0.20,15425,1657800
20221103,13:24,0.20,0.25,0.15,0.25,53925,1655650
20221103,13:25,0.25,0.25,0.20,0.25,70450,1655650
20221103,13:26,0.25,0.35,0.20,0.30,160700,1655650
20221103,13:27,0.30,0.40,0.30,0.35,88925,1665800
20221103,13:28,0.30,0.45,0.30,0.40,179250,1665800
20221103,13:29,0.40,0.40,0.35,0.35,14100,1665800
20221103,13:30,0.35,0.50,0.30,0.45,81650,1742400
20221103,13:31,0.45,0.50,0.35,0.45,67100,1742400
20221103,13:32,0.50,0.50,0.40,0.40,41800,1742400
20221103,13:33,0.40,0.40,0.35,0.40,4375,1863725
20221103,13:34,0.40,0.45,0.35,0.40,9350,1863725
20221103,13:35,0.40,0.40,0.35,0.40,1925,1863725
20221103,13:36,0.40,0.40,0.35,0.35,12550,1863025
20221103,13:37,0.35,0.35,0.30,0.35,1275,1863025
20221103,13:38,0.35,0.35,0.30,0.30,5725,1863025
20221103,13:39,0.35,0.35,0.30,0.30,4250,1864550
20221103,13:40,0.30,0.35,0.30,0.35,1725,1864550
20221103,13:41,0.30,0.35,0.30,0.35,1575,1864550
20221103,13:42,0.35,0.35,0.30,0.35,650,1868900
20221103,13:43,0.35,0.35,0.30,0.35,925,1868900
20221103,13:44,0.35,0.35,0.30,0.30,875,1868900
20221103,13:45,0.35,0.35,0.30,0.30,675,1868625
20221103,13:46,0.35,0.35,0.30,0.35,825,1868625
20221103,13:47,0.35,0.35,0.25,0.35,1425,1868625
20221103,13:48,0.30,0.35,0.25,0.35,1675,1868875
20221103,13:49,0.30,0.35,0.25,0.35,1225,1868875
20221103,13:50,0.25,0.35,0.25,0.25,1825,1868875
20221103,13:51,0.30,0.30,0.30,0.30,350,1868250
20221103,13:52,0.30,0.30,0.25,0.30,775,1868250
20221103,13:53,0.25,0.30,0.25,0.30,1775,1868250
20221103,13:54,0.30,0.30,0.25,0.30,550,1869425
20221103,13:55,0.30,0.30,0.20,0.25,6250,1869425
20221103,13:56,0.25,0.30,0.25,0.25,2525,1869425
20221103,13:57,0.25,0.25,0.20,0.25,2600,1874050
20221103,13:58,0.25,0.25,0.20,0.25,1825,1874050
20221103,13:59,0.20,0.25,0.20,0.25,2125,1874050
20221103,14:00,0.25,0.25,0.20,0.25,650,1876525
20221103,14:01,0.25,0.25,0.20,0.25,1175,1876525
20221103,14:02,0.20,0.25,0.20,0.25,4425,1876525
20221103,14:03,0.20,0.25,0.20,0.20,1825,1872425
20221103,14:04,0.25,0.25,0.20,0.25,6050,1872425
20221103,14:05,0.25,0.25,0.20,0.25,1675,1872425
20221103,14:06,0.25,0.25,0.20,0.25,14300,1875275
20221103,14:07,0.25,0.25,0.20,0.25,3800,1875275
20221103,14:08,0.25,0.25,0.20,0.25,2575,1875275
20221103,14:09,0.20,0.25,0.20,0.25,3875,1882100
20221103,14:10,0.20,0.25,0.20,0.20,9125,1882100
20221103,14:11,0.20,0.25,0.20,0.25,5175,1882100
20221103,14:12,0.25,0.25,0.20,0.25,1450,1881175
20221103,14:13,0.25,0.25,0.20,0.25,1300,1881175
20221103,14:14,0.25,0.25,0.20,0.25,2150,1881175
20221103,14:15,0.25,0.25,0.20,0.25,1275,1881075
20221103,14:16,0.25,0.25,0.20,0.25,1675,1881075
20221103,14:17,0.25,0.25,0.20,0.25,1650,1881075
20221103,14:18,0.25,0.25,0.20,0.20,1275,1881575
20221103,14:19,0.25,0.25,0.25,0.25,1125,1881575
20221103,14:20,0.25,0.25,0.15,0.15,1325,1881575
20221103,14:21,0.15,0.25,0.15,0.25,375,1881575
20221103,14:22,0.15,0.25,0.15,0.25,1325,1881575
20221103,14:23,0.25,0.25,0.15,0.20,2200,1881575
20221103,14:24,0.20,0.20,0.15,0.20,1525,1879575
20221103,14:25,0.20,0.20,0.15,0.20,1350,1879575
20221103,14:26,0.20,0.20,0.15,0.20,2375,1879575
20221103,14:27,0.20,0.20,0.15,0.20,1850,1877625
20221103,14:28,0.20,0.20,0.15,0.20,25450,1877625
20221103,14:29,0.20,0.20,0.15,0.20,5175,1877625
20221103,14:30,0.20,0.20,0.15,0.20,1625,1850925
20221103,14:31,0.20,0.20,0.15,0.20,2225,1850925
20221103,14:32,0.20,0.20,0.15,0.15,850,1850925
20221103,14:33,0.20,0.20,0.15,0.20,375,1849275
20221103,14:34,0.20,0.20,0.15,0.20,2950,1849275
20221103,14:35,0.20,0.20,0.15,0.15,3400,1849275
20221103,14:36,0.15,0.20,0.15,0.20,1300,1847625
20221103,14:37,0.20,0.20,0.15,0.20,1550,1847625
20221103,14:38,0.20,0.20,0.15,0.20,1425,1847625
20221103,14:39,0.20,0.20,0.15,0.15,4325,1845650
20221103,14:40,0.20,0.20,0.15,0.20,1200,1845650
20221103,14:41,0.20,0.20,0.15,0.20,850,1845650
20221103,14:42,0.20,0.20,0.15,0.20,1250,1844025
20221103,14:43,0.20,0.20,0.15,0.20,1475,1844025
20221103,14:44,0.20,0.20,0.15,0.20,1325,1844025
20221103,14:45,0.20,0.20,0.15,0.20,1725,1841750
20221103,14:46,0.20,0.20,0.15,0.15,4225,1841750
20221103,14:47,0.20,0.20,0.15,0.20,1175,1841750
20221103,14:48,0.15,0.20,0.15,0.20,8900,1836850
20221103,14:49,0.15,0.20,0.15,0.15,2300,1836850
20221103,14:50,0.20,0.20,0.15,0.20,1200,1836850
20221103,14:51,0.20,0.20,0.15,0.20,1475,1836850
20221103,14:52,0.20,0.20,0.15,0.20,2625,1836850
20221103,14:53,0.20,0.20,0.15,0.20,1250,1836850
20221103,14:54,0.20,0.20,0.15,0.20,2375,1832500
20221103,14:55,0.20,0.20,0.15,0.20,1625,1832500
20221103,14:56,0.20,0.20,0.15,0.20,8825,1832500
20221103,14:57,0.20,0.20,0.15,0.20,1325,1830500
20221103,14:58,0.20,0.20,0.15,0.20,2150,1830500
20221103,14:59,0.15,0.20,0.15,0.20,1600,1830500
20221103,15:00,0.15,0.20,0.15,0.20,1850,1826475
20221103,15:01,0.20,0.20,0.15,0.15,1350,1826475
20221103,15:02,0.20,0.20,0.15,0.20,1100,1826475
20221103,15:03,0.20,0.20,0.15,0.20,2000,1824950
20221103,15:04,0.20,0.25,0.15,0.20,14300,1824950
20221103,15:05,0.25,0.30,0.20,0.30,3600,1824950
20221103,15:06,0.30,0.30,0.20,0.25,3075,1812550
20221103,15:07,0.25,0.25,0.15,0.20,3875,1812550
20221103,15:08,0.20,0.20,0.15,0.20,975,1812550
20221103,15:09,0.20,0.20,0.15,0.20,850,1811750
20221103,15:10,0.20,0.20,0.15,0.20,1100,1811750
20221103,15:11,0.20,0.20,0.15,0.20,10300,1811750
20221103,15:12,0.20,0.25,0.15,0.15,3025,1811900
20221103,15:13,0.20,0.20,0.15,0.20,4525,1811900
20221103,15:14,0.20,0.30,0.15,0.25,31050,1811900
20221103,15:15,0.30,0.30,0.15,0.20,19250,1811850
20221103,15:16,0.20,0.25,0.20,0.25,37775,1811850
20221103,15:17,0.25,0.25,0.15,0.15,3125,1811850
20221103,15:18,0.20,0.20,0.10,0.20,3500,1811575
20221103,15:19,0.20,0.20,0.10,0.20,6075,1811575
20221103,15:20,0.15,0.25,0.15,0.20,17275,1811575
20221103,15:21,0.20,0.20,0.15,0.20,21075,1808425
20221103,15:22,0.20,0.25,0.15,0.20,32675,1808425
20221103,15:23,0.20,0.25,0.15,0.25,27025,1808425
20221103,15:24,0.25,0.25,0.15,0.20,21925,1804700
20221103,15:25,0.20,0.20,0.10,0.20,7850,1804700
20221103,15:26,0.20,0.20,0.10,0.20,14450,1804700
20221103,15:27,0.15,0.15,0.10,0.15,8975,1801550
20221103,15:28,0.10,0.15,0.10,0.10,25150,1801550
20221103,15:29,0.10,0.20,0.10,0.20,10700,1801550
