20220422,14:51,985.00,985.00,985.00,985.00,51,50
20220422,14:55,977.00,977.00,977.00,977.00,100,50
20220422,15:01,977.00,977.00,977.00,977.00,50,150
20220425,09:23,815.20,815.20,815.20,815.20,26,200
20220425,09:24,822.10,860.20,822.10,860.20,75,200
20220425,09:25,860.20,860.20,860.20,860.20,25,200
20220425,09:26,841.35,841.35,841.35,841.35,25,225
20220425,09:27,850.00,850.00,850.00,850.00,25,225
20220425,09:29,847.95,847.95,847.95,847.95,175,225
20220425,09:33,856.90,856.90,856.90,856.90,25,225
20220425,09:34,870.00,870.00,870.00,870.00,25,225
20220425,09:36,870.00,870.00,870.00,870.00,125,225
20220425,09:41,870.00,870.00,870.00,870.00,25,275
20220425,09:43,870.00,870.00,870.00,870.00,25,275
20220425,09:55,835.90,835.90,835.90,835.90,25,250
20220425,10:05,912.45,922.00,906.50,906.50,375,275
20220425,10:07,919.45,919.45,919.45,919.45,25,275
20220425,10:09,983.65,985.80,983.65,985.80,250,425
20220425,10:10,1007.10,1007.10,1007.10,1007.10,50,425
20220425,10:15,1016.55,1016.55,1016.55,1016.55,25,325
20220425,10:16,1016.55,1016.55,1016.55,1016.55,25,325
20220425,10:30,963.00,963.00,963.00,963.00,25,325
20220425,10:49,1000.00,1000.00,1000.00,1000.00,25,325
20220425,11:51,987.75,987.75,987.75,987.75,25,300
20220425,12:24,933.40,933.40,933.40,933.40,25,300
20220425,13:01,960.05,960.05,960.05,960.05,25,325
20220425,14:06,981.90,981.90,981.90,981.90,25,350
20220425,14:37,929.00,929.00,929.00,929.00,25,350
20220425,15:10,965.35,965.35,965.35,965.35,25,325
20220425,15:16,951.00,951.00,951.00,951.00,25,325
20220425,15:19,948.05,948.05,948.05,948.05,25,325
20220425,15:22,999.00,999.00,999.00,999.00,25,325
20220426,09:30,1120.00,1120.00,1120.00,1120.00,26,325
20220426,09:32,1129.45,1129.45,1129.45,1129.45,25,325
20220426,10:29,1129.65,1129.65,1129.65,1129.65,25,325
20220426,10:41,1129.65,1129.65,1129.65,1129.65,25,325
20220426,12:59,1023.35,1023.35,1023.35,1023.35,75,300
20220426,13:22,1023.35,1023.35,1023.35,1023.35,25,300
20220426,14:00,1145.40,1145.40,1145.40,1145.40,25,300
20220426,14:58,1145.40,1145.40,1145.40,1145.40,200,300
20220427,09:16,887.95,887.95,887.95,887.95,51,500
20220427,09:39,898.05,898.05,898.05,898.05,25,550
20220427,09:57,904.00,904.00,904.00,904.00,25,550
20220427,11:25,904.00,904.00,904.00,904.00,50,575
20220427,11:30,841.90,841.90,841.90,841.90,50,625
20220427,11:37,841.90,841.90,841.90,841.90,25,625
20220427,11:49,824.30,824.30,824.30,824.30,75,625
20220427,11:59,848.55,848.55,848.55,848.55,50,650
20220427,12:03,835.30,835.30,835.30,835.30,25,675
20220427,12:07,808.30,808.30,808.30,808.30,50,650
20220427,12:20,808.30,808.30,808.30,808.30,50,650
20220427,12:21,831.00,845.00,831.00,845.00,100,625
20220427,12:24,824.00,824.00,824.00,824.00,50,675
20220427,12:34,835.00,835.00,835.00,835.00,25,625
20220427,12:36,827.00,827.00,827.00,827.00,25,650
20220427,12:46,800.00,800.00,800.00,800.00,25,625
20220427,12:48,799.90,799.90,799.90,799.90,100,650
20220427,12:49,787.00,787.00,787.00,787.00,75,650
20220427,12:53,776.00,793.05,776.00,793.05,275,725
20220427,12:55,780.00,780.00,780.00,780.00,25,975
20220427,12:56,784.00,784.00,780.00,780.00,50,975
20220427,12:59,759.25,759.25,759.25,759.25,50,975
20220427,13:00,747.90,759.00,743.30,743.30,150,1075
20220427,13:02,743.30,743.30,743.30,743.30,25,1075
20220427,13:03,753.00,753.00,753.00,753.00,100,1125
20220427,13:04,764.00,764.00,764.00,764.00,25,1125
20220427,13:05,773.40,780.55,773.40,780.55,50,1125
20220427,13:06,777.00,777.00,777.00,777.00,25,1125
20220427,13:07,771.65,771.65,758.20,758.20,50,1125
20220427,13:08,778.45,778.45,778.45,778.45,25,1125
20220427,13:09,778.00,778.00,778.00,778.00,25,1175
20220427,13:11,778.00,778.00,778.00,778.00,75,1175
20220427,13:12,764.00,764.00,764.00,764.00,50,1175
20220427,13:17,776.10,776.10,776.10,776.10,75,1225
20220427,13:18,780.00,780.00,780.00,780.00,25,1275
20220427,13:19,780.00,780.00,780.00,780.00,100,1275
20220427,13:20,788.00,788.00,788.00,788.00,50,1275
20220427,13:21,795.00,795.30,795.00,795.30,175,1400
20220427,13:22,800.00,800.00,800.00,800.00,25,1400
20220427,13:23,794.60,794.60,794.60,794.60,25,1400
20220427,13:24,802.40,817.80,802.40,817.80,75,1325
20220427,13:26,815.55,815.55,815.55,815.55,75,1325
20220427,13:27,823.65,823.65,821.95,821.95,50,1350
20220427,13:29,799.65,799.65,799.65,799.65,25,1350
20220427,13:30,810.00,810.00,810.00,810.00,25,1350
20220427,13:31,827.85,827.85,827.85,827.85,25,1325
20220427,13:35,802.00,802.00,802.00,802.00,50,1350
20220427,13:36,802.00,802.00,802.00,802.00,25,1400
20220427,13:37,812.60,812.60,812.60,812.60,25,1400
20220427,13:42,819.00,830.00,819.00,830.00,250,1400
20220427,13:43,830.85,830.85,830.85,830.85,25,1400
20220427,13:45,835.75,835.75,835.75,835.75,25,1400
20220427,13:49,852.05,852.05,847.05,848.05,100,1175
20220427,13:52,858.55,858.55,858.55,858.55,25,1125
20220427,13:58,815.05,815.05,815.05,815.05,25,1125
20220427,14:05,801.00,801.00,801.00,801.00,50,1125
20220427,14:07,830.00,830.00,830.00,830.00,25,1175
20220427,14:10,835.95,835.95,835.95,835.95,25,1175
20220427,14:21,804.00,804.00,804.00,804.00,50,1175
20220427,14:23,812.35,812.35,812.35,812.35,25,1175
20220427,14:25,824.95,824.95,824.95,824.95,25,1175
20220427,14:27,846.60,846.60,824.05,824.05,725,1800
20220427,14:31,838.45,846.45,838.45,846.45,125,1775
20220427,14:39,838.75,838.75,838.75,838.75,25,1675
20220427,14:40,839.95,839.95,839.95,839.95,75,1700
20220427,14:42,890.05,890.05,889.00,889.00,50,1700
20220427,14:45,878.00,878.00,878.00,878.00,50,1725
20220427,14:48,861.00,867.45,861.00,867.45,75,1700
20220427,14:57,858.05,858.05,858.05,858.05,50,1725
20220427,14:58,902.95,902.95,902.95,902.95,50,1725
20220427,14:59,884.45,884.45,884.45,884.45,25,1725
20220427,15:00,878.10,878.10,878.10,878.10,25,1725
20220427,15:04,845.05,845.05,845.05,845.05,50,1700
20220427,15:19,848.00,851.95,848.00,851.90,150,1675
20220427,15:21,870.00,870.00,870.00,870.00,75,1575
20220427,15:23,859.35,859.35,859.35,859.35,25,1575
20220427,15:26,872.95,872.95,872.95,872.95,25,1550
20220427,15:28,892.45,892.45,892.45,892.45,25,1525
20220428,09:15,809.90,809.90,809.90,809.90,26,1550
20220428,09:20,860.00,860.00,860.00,860.00,100,1550
20220428,09:21,860.00,860.00,860.00,860.00,25,1450
20220428,09:23,837.00,837.00,837.00,837.00,275,1450
20220428,09:24,837.00,837.00,837.00,837.00,25,1425
20220428,09:30,850.00,850.00,850.00,850.00,25,1425
20220428,09:32,850.00,850.00,850.00,850.00,25,1425
20220428,09:37,850.00,850.00,850.00,850.00,25,1400
20220428,09:38,840.00,840.00,840.00,840.00,50,1400
20220428,09:40,840.00,840.00,840.00,840.00,50,1475
20220428,09:41,842.00,842.00,842.00,842.00,25,1425
20220428,09:49,832.00,832.00,832.00,832.00,25,1425
20220428,10:01,840.00,840.00,840.00,840.00,50,1450
20220428,10:24,852.30,852.30,852.30,852.30,25,1500
20220428,10:26,809.00,809.00,809.00,809.00,25,1500
20220428,10:31,809.00,809.00,809.00,809.00,25,1525
20220428,10:33,825.00,825.00,825.00,825.00,25,1550
20220428,10:36,825.00,825.00,825.00,825.00,25,1575
20220428,10:52,825.40,825.40,825.40,825.40,50,1600
20220428,11:23,829.90,829.90,829.90,829.90,25,1600
20220428,11:24,822.00,822.00,822.00,822.00,25,1600
20220428,11:30,860.00,860.00,860.00,860.00,50,1625
20220428,11:31,831.55,831.55,831.55,831.55,25,1625
20220428,11:51,851.25,851.25,851.25,851.25,25,1600
20220428,11:52,860.00,860.00,860.00,860.00,75,1600
20220428,12:01,890.00,890.00,890.00,890.00,25,1575
20220428,12:25,890.00,890.00,890.00,890.00,25,1575
20220428,12:29,866.00,866.00,866.00,866.00,25,1575
20220428,12:33,885.00,885.00,885.00,885.00,25,1575
20220428,12:38,910.00,910.00,910.00,910.00,25,1550
20220428,12:39,910.00,910.00,910.00,910.00,25,1550
20220428,12:45,923.00,923.00,923.00,923.00,25,1525
20220428,13:05,950.00,950.00,950.00,950.00,25,1525
20220428,13:07,967.00,967.00,967.00,967.00,25,1500
20220428,13:15,967.00,967.00,967.00,967.00,25,1500
20220428,13:16,943.00,943.00,943.00,943.00,25,1500
20220428,13:19,943.00,943.00,943.00,943.00,25,1500
20220428,13:35,949.00,949.00,949.00,949.00,50,1475
20220428,13:46,1009.85,1009.85,1009.85,1009.85,150,1425
20220428,13:47,1009.85,1009.85,959.25,959.25,50,1425
20220428,13:54,935.50,935.50,935.50,935.50,25,1400
20220428,13:58,986.00,986.00,986.00,986.00,25,1400
20220428,14:00,987.00,987.00,987.00,987.00,25,1400
20220428,14:01,987.00,987.00,987.00,987.00,150,1425
20220428,14:12,982.45,982.45,982.45,982.45,50,1425
20220428,14:14,970.75,970.75,970.75,970.75,25,1425
20220428,14:21,970.00,970.00,970.00,970.00,25,1425
20220428,14:30,1038.10,1038.10,1038.10,1038.10,25,1425
20220428,14:31,1038.10,1038.10,1038.10,1038.10,25,1425
20220428,14:33,974.15,974.15,974.15,974.15,25,1425
20220428,14:35,1026.05,1026.05,1026.05,1026.05,25,1425
20220428,14:36,1010.00,1010.00,1010.00,1010.00,25,1425
20220428,14:43,972.30,972.30,972.30,972.30,25,1450
20220428,14:47,975.10,975.10,975.10,975.10,25,1450
20220428,14:57,1069.40,1069.40,1069.40,1069.40,100,1450
20220428,14:59,1069.40,1069.40,1069.40,1069.40,100,1525
20220428,15:01,1045.35,1045.35,1045.35,1045.35,150,1450
20220428,15:06,1025.50,1025.50,1025.50,1025.50,50,1500
20220428,15:07,990.00,990.00,990.00,990.00,125,1550
20220428,15:08,1003.90,1003.90,1003.90,1003.90,25,1550
20220428,15:12,997.60,997.60,997.60,997.60,25,1625
20220428,15:14,941.05,941.05,941.05,941.05,25,1625
20220428,15:19,1046.85,1046.85,1046.85,1046.85,25,1625
20220428,15:20,1022.80,1022.80,1022.80,1022.80,50,1625
20220428,15:23,1022.80,1022.80,1022.80,1022.80,75,1625
20220428,15:24,1086.05,1086.05,1086.05,1086.05,25,1625
20220429,09:19,1040.30,1040.30,1040.30,1040.30,26,1625
20220429,09:20,1030.00,1030.00,1030.00,1030.00,25,1625
20220429,09:23,1030.00,1030.00,1030.00,1030.00,50,1650
20220429,09:27,1086.40,1086.40,1086.40,1086.40,25,1650
20220429,09:28,1092.05,1092.05,1092.05,1092.05,50,1650
20220429,09:35,1094.40,1094.40,1094.40,1094.40,25,1675
20220429,09:36,1105.00,1105.00,1105.00,1105.00,25,1675
20220429,09:45,1105.00,1105.00,1105.00,1105.00,25,1625
20220429,10:21,1028.00,1028.00,1028.00,1028.00,50,1625
20220429,10:35,1028.00,1028.00,1028.00,1028.00,25,1650
20220429,10:37,1066.00,1066.00,1066.00,1066.00,25,1650
20220429,11:37,1134.90,1134.90,1134.90,1134.90,100,1625
20220429,11:38,1127.65,1127.65,1127.65,1127.65,100,1625
20220429,11:39,1131.05,1150.00,1131.05,1150.00,225,1625
20220429,11:40,1150.00,1159.65,1150.00,1159.65,400,1625
20220429,11:54,1186.35,1186.35,1186.35,1186.35,75,1600
20220429,12:01,1186.35,1186.35,1186.35,1186.35,25,1600
20220429,12:26,1136.35,1136.35,1136.35,1136.35,25,1575
20220429,12:27,1121.25,1121.25,1121.25,1121.25,25,1600
20220429,12:33,1089.95,1089.95,1089.95,1089.95,25,1600
20220429,12:34,1088.20,1088.20,1088.20,1088.20,25,1600
20220429,12:56,1144.55,1144.55,1144.55,1144.55,50,1575
20220429,13:05,1154.00,1154.00,1154.00,1154.00,25,1550
20220429,14:01,1071.95,1071.95,1071.95,1071.95,25,1575
20220429,14:05,1038.85,1038.85,1038.85,1038.85,25,1600
20220429,14:07,1001.85,1001.85,1001.85,1001.85,25,1575
20220429,14:12,1001.85,1001.85,1001.85,1001.85,25,1575
20220429,14:15,1007.75,1007.75,1007.75,1007.75,25,1575
20220429,14:16,990.90,990.90,990.90,990.90,200,1600
20220429,14:17,967.05,967.05,967.05,967.05,25,1600
20220429,14:18,967.05,967.05,967.05,967.05,200,1800
20220429,14:22,959.85,959.85,959.85,959.85,300,1800
20220429,14:24,926.30,926.30,926.30,926.30,25,2125
20220429,14:25,895.45,895.45,895.45,895.45,150,2125
20220429,14:26,880.35,880.35,875.20,875.20,125,2125
20220429,14:27,875.20,885.20,875.20,885.20,150,2175
20220429,14:28,912.80,930.00,912.80,928.85,200,2175
20220429,14:29,934.00,934.00,934.00,934.00,300,2175
20220429,14:30,948.25,948.25,948.25,948.25,50,2175
20220429,14:31,945.90,945.90,945.90,945.90,25,2725
20220429,14:34,965.80,965.80,965.80,965.80,25,2750
20220429,14:35,957.25,957.25,957.25,957.25,100,2750
20220429,14:37,930.70,930.70,930.70,930.70,25,2650
20220429,14:38,908.20,908.20,908.20,908.20,25,2650
20220429,14:47,915.00,917.65,915.00,917.65,225,2650
20220429,14:49,940.00,954.65,940.00,954.65,175,2875
20220429,14:53,967.35,967.35,956.25,956.25,125,2825
20220429,14:59,965.00,965.00,965.00,965.00,300,2825
20220429,15:00,927.70,927.70,904.65,904.65,100,2525
20220429,15:01,876.55,876.55,864.05,864.05,75,2525
20220429,15:02,805.00,805.00,805.00,805.00,100,2525
20220429,15:03,805.00,840.60,805.00,828.40,75,2700
20220429,15:04,819.95,819.95,806.70,806.70,125,2700
20220429,15:05,812.65,812.65,812.65,812.65,25,2700
20220429,15:06,814.20,815.25,814.20,815.25,50,2700
20220429,15:07,810.00,810.00,797.10,797.10,75,2800
20220429,15:08,797.10,797.10,789.60,789.60,50,2800
20220429,15:09,789.60,789.60,777.00,777.00,125,2775
20220429,15:10,793.15,793.15,780.00,780.00,50,2775
20220429,15:11,786.70,786.70,786.70,786.70,25,2775
20220429,15:12,801.75,801.75,801.75,801.75,100,2825
20220429,15:13,790.95,799.00,790.95,799.00,50,2825
20220429,15:14,795.00,795.00,789.35,789.35,50,2825
20220429,15:16,796.90,796.90,796.90,796.90,25,2800
20220429,15:17,792.80,792.80,792.80,792.80,25,2800
20220429,15:18,770.85,770.85,770.85,770.85,75,2800
20220429,15:19,754.30,754.30,752.95,752.95,125,2825
20220429,15:20,751.85,751.85,749.65,749.65,450,2825
20220429,15:21,749.65,764.20,749.65,764.20,50,2850
20220429,15:22,760.25,760.25,754.75,754.75,100,2850
20220429,15:25,742.20,742.20,741.00,741.00,50,3225
20220429,15:26,741.00,741.00,741.00,741.00,25,3225
20220429,15:27,745.00,745.00,745.00,745.00,150,3225
20220429,15:29,752.20,753.90,745.00,745.00,200,3225
20220502,09:15,569.95,644.45,569.15,632.85,1326,3325
20220502,09:16,629.75,684.15,629.75,684.15,3100,3325
20220502,09:17,689.90,695.10,654.20,658.00,1000,4400
20220502,09:18,670.55,699.80,666.70,693.45,1125,4400
20220502,09:19,704.15,724.65,704.15,721.95,250,4400
20220502,09:20,742.30,742.30,721.00,725.65,450,4950
20220502,09:21,728.60,762.00,726.60,751.55,900,4950
20220502,09:22,740.10,740.10,728.85,730.45,900,4950
20220502,09:23,730.00,730.00,719.10,719.10,225,5275
20220502,09:24,723.05,723.05,713.75,714.75,75,5275
20220502,09:25,725.45,725.45,725.45,725.45,150,5275
20220502,09:26,722.90,726.20,705.60,711.30,300,5200
20220502,09:27,701.40,722.35,700.35,722.35,375,5200
20220502,09:28,724.00,730.00,696.45,697.60,650,5200
20220502,09:29,693.00,694.00,690.00,690.00,225,5800
20220502,09:30,684.55,686.70,678.40,686.70,650,5800
20220502,09:31,687.00,687.90,680.00,681.20,175,5800
20220502,09:32,686.00,686.00,667.60,667.60,350,5700
20220502,09:33,664.00,667.20,663.40,664.55,475,5700
20220502,09:34,672.30,696.70,672.30,696.70,875,5700
20220502,09:35,675.05,687.60,675.00,675.00,250,6025
20220502,09:36,676.85,687.40,676.85,687.40,125,6025
20220502,09:37,690.80,697.15,685.00,697.15,325,6025
20220502,09:38,703.40,711.25,703.40,711.25,175,6225
20220502,09:39,724.10,736.35,724.10,724.20,725,6225
20220502,09:40,726.15,745.20,726.15,745.00,275,6225
20220502,09:41,742.80,755.20,734.65,755.20,1125,5875
20220502,09:42,748.15,753.80,738.95,751.75,725,5875
20220502,09:43,747.80,747.80,735.05,741.95,100,5875
20220502,09:44,743.55,768.55,743.55,767.00,325,5525
20220502,09:45,765.20,774.00,740.00,755.95,1000,5525
20220502,09:46,748.25,748.25,733.25,743.70,125,5525
20220502,09:47,730.00,730.00,717.00,717.00,75,5325
20220502,09:48,720.05,730.75,720.05,730.75,300,5325
20220502,09:49,718.35,731.20,718.35,728.10,125,5325
20220502,09:50,731.90,732.70,730.30,732.70,100,5575
20220502,09:51,734.10,734.10,729.70,729.70,75,5575
20220502,09:52,735.15,752.40,735.15,751.30,250,5575
20220502,09:53,740.65,740.65,733.35,733.35,100,5600
20220502,09:54,734.50,741.05,734.40,741.05,225,5600
20220502,09:55,747.70,747.70,741.35,741.35,350,5600
20220502,09:56,750.00,752.30,744.90,744.90,75,5875
20220502,09:57,742.70,742.70,731.20,731.20,200,5875
20220502,09:58,734.25,739.35,733.95,739.35,175,5875
20220502,09:59,725.00,725.00,720.00,720.00,175,5975
20220502,10:00,736.50,736.50,734.45,734.45,100,5975
20220502,10:01,736.70,736.70,736.70,736.70,25,5975
20220502,10:02,747.40,747.40,747.40,747.40,75,5975
20220502,10:03,743.45,765.25,743.45,751.25,375,5925
20220502,10:04,750.00,750.00,700.00,727.70,200,5925
20220502,10:05,730.75,730.75,699.45,699.45,250,5975
20220502,10:06,695.50,702.30,692.50,701.50,475,5975
20220502,10:07,699.35,699.35,675.00,686.00,425,5975
20220502,10:08,689.35,695.65,689.35,692.00,200,5725
20220502,10:09,685.20,692.00,685.20,685.20,125,5725
20220502,10:10,695.60,699.40,695.60,699.40,75,5725
20220502,10:11,696.35,696.35,692.00,692.00,75,5850
20220502,10:12,691.55,700.00,691.55,700.00,475,5850
20220502,10:13,696.50,696.50,690.00,690.00,75,5850
20220502,10:14,693.70,693.70,693.70,693.70,100,5850
20220502,10:15,692.00,697.60,692.00,697.00,100,6125
20220502,10:16,676.45,677.90,676.20,677.90,350,6125
20220502,10:17,682.45,693.25,680.30,692.90,150,6175
20220502,10:18,688.05,689.85,680.00,689.85,300,6175
20220502,10:19,695.15,695.15,689.85,689.85,125,6175
20220502,10:20,690.90,690.90,684.90,684.90,225,6175
20220502,10:21,692.65,692.65,692.65,692.65,25,6100
20220502,10:23,703.20,703.20,682.85,682.85,175,6125
20220502,10:24,675.05,688.60,665.00,677.90,500,6125
20220502,10:25,678.85,684.15,678.85,681.00,175,6125
20220502,10:26,684.15,684.15,684.15,684.15,25,6125
20220502,10:27,686.05,686.05,680.00,682.00,100,6225
20220502,10:28,688.05,689.90,688.05,689.90,75,6225
20220502,10:29,690.25,690.55,690.25,690.55,50,6225
20220502,10:30,679.95,681.75,674.00,681.75,100,6150
20220502,10:31,688.00,694.90,688.00,694.90,150,6150
20220502,10:32,696.85,696.85,677.85,680.90,175,6100
20220502,10:33,685.75,688.80,685.75,688.80,100,6100
20220502,10:34,692.20,692.20,690.30,690.30,150,6100
20220502,10:35,698.25,705.40,696.55,696.55,125,6150
20220502,10:36,696.55,696.55,696.55,696.55,100,6150
20220502,10:37,704.10,708.30,703.50,703.95,325,6150
20220502,10:38,708.85,711.60,708.85,711.60,75,6150
20220502,10:39,712.90,722.20,712.90,718.90,300,6050
20220502,10:40,718.45,718.45,715.50,716.70,100,6050
20220502,10:41,718.00,718.00,718.00,718.00,50,6050
20220502,10:42,715.25,715.25,715.25,715.25,25,5850
20220502,10:43,711.75,711.75,710.05,710.05,50,5850
20220502,10:44,725.35,730.00,724.60,725.90,150,5725
20220502,10:45,730.40,730.40,721.50,724.85,225,5725
20220502,10:46,717.50,717.50,700.00,700.00,175,5725
20220502,10:47,691.35,699.05,690.40,699.05,125,5725
20220502,10:48,699.15,699.15,699.15,699.15,100,5800
20220502,10:50,702.85,702.85,702.85,702.85,25,5800
20220502,10:51,699.85,699.85,699.85,699.85,25,5775
20220502,10:52,690.00,690.00,687.60,687.60,125,5775
20220502,10:53,688.00,691.20,688.00,691.20,75,5800
20220502,10:54,680.85,680.85,676.55,676.55,200,5800
20220502,10:55,677.15,677.15,677.15,677.15,100,5800
20220502,10:56,685.65,694.10,685.40,694.10,100,5800
20220502,10:58,676.55,676.55,674.00,674.00,150,6125
20220502,10:59,671.70,678.30,650.00,650.00,900,6650
20220502,11:00,643.05,657.80,643.05,657.80,450,6650
20220502,11:01,647.35,655.90,646.75,655.90,525,6650
20220502,11:02,662.20,677.60,662.20,677.60,300,7000
20220502,11:03,674.30,674.30,670.65,670.65,75,7000
20220502,11:04,688.35,688.35,680.45,680.45,375,7000
20220502,11:05,675.00,675.00,675.00,675.00,100,7000
20220502,11:06,680.95,685.00,679.60,685.00,825,6975
20220502,11:07,684.35,690.00,682.70,682.70,275,6975
20220502,11:08,686.00,686.30,686.00,686.30,150,7075
20220502,11:09,688.50,688.50,687.50,687.50,150,7075
20220502,11:10,690.00,690.00,690.00,690.00,50,7075
20220502,11:11,694.00,699.80,694.00,699.80,350,7075
20220502,11:12,691.00,691.00,675.15,676.90,825,7075
20220502,11:14,679.60,679.60,679.60,679.60,50,7000
20220502,11:15,672.00,672.00,672.00,672.00,25,7000
20220502,11:16,675.15,675.15,675.15,675.15,100,7000
20220502,11:18,665.90,669.15,665.90,665.90,100,6975
20220502,11:19,670.60,670.60,664.30,664.30,75,6975
20220502,11:20,667.85,678.35,666.70,666.70,225,7025
20220502,11:21,675.20,675.20,675.20,675.20,100,7025
20220502,11:22,680.00,683.45,680.00,683.45,150,7025
20220502,11:23,690.85,691.00,690.85,691.00,100,7225
20220502,11:24,686.05,686.25,682.80,682.80,225,7225
20220502,11:25,689.60,689.60,689.60,689.60,25,7225
20220502,11:26,682.05,682.05,682.05,682.05,25,7225
20220502,11:27,681.20,681.20,675.65,675.65,50,7125
20220502,11:30,660.30,660.30,660.30,660.30,50,7100
20220502,11:31,669.80,674.45,669.80,674.45,75,7100
20220502,11:32,678.75,678.75,678.75,678.75,400,7100
20220502,11:35,698.00,708.10,698.00,708.10,525,6775
20220502,11:36,693.25,693.25,686.40,686.40,75,6775
20220502,11:37,685.90,686.30,684.05,686.30,150,6775
20220502,11:38,685.05,685.05,683.10,683.10,50,6775
20220502,11:39,680.35,680.35,680.35,680.35,25,6475
20220502,11:40,673.95,673.95,673.95,673.95,50,6475
20220502,11:42,690.55,690.55,690.55,690.55,100,6500
20220502,11:43,674.75,674.75,674.75,674.75,50,6500
20220502,11:44,673.95,673.95,665.15,665.15,100,6500
20220502,11:45,660.30,664.55,660.30,664.55,100,6500
20220502,11:46,663.25,663.65,663.25,663.65,75,6500
20220502,11:47,661.90,661.90,660.00,660.00,525,6500
20220502,11:48,666.45,666.45,666.00,666.00,50,7100
20220502,11:49,662.40,676.85,662.40,676.85,650,7100
20220502,11:50,683.50,683.80,683.50,683.80,50,7100
20220502,11:51,674.40,674.40,672.25,672.25,100,7000
20220502,11:52,675.50,675.50,675.50,675.50,50,7000
20220502,11:54,665.55,666.00,665.55,666.00,250,7075
20220502,11:55,653.30,655.00,653.30,655.00,75,7075
20220502,11:56,659.80,664.95,650.25,650.25,500,7100
20220502,11:57,650.00,656.40,649.00,656.40,100,7100
20220502,11:58,671.70,671.70,671.70,671.70,25,7100
20220502,11:59,667.60,668.00,667.60,668.00,75,7175
20220502,12:00,675.00,675.00,670.95,670.95,125,7175
20220502,12:01,673.85,673.85,673.85,673.85,25,7175
20220502,12:02,680.30,680.30,674.55,674.55,125,7150
20220502,12:03,674.95,684.60,674.95,684.60,500,7150
20220502,12:04,687.90,690.00,680.00,680.00,175,7150
20220502,12:05,675.00,675.00,675.00,675.00,25,7150
20220502,12:06,681.20,681.20,680.20,680.20,200,7300
20220502,12:07,679.60,679.60,679.60,679.60,25,7300
20220502,12:08,679.00,681.05,673.40,681.05,475,7000
20220502,12:09,686.70,690.00,686.70,690.00,75,7000
20220502,12:10,699.95,702.55,695.00,695.00,825,7000
20220502,12:11,695.00,695.00,684.05,693.15,250,7000
20220502,12:12,695.00,695.00,695.00,695.00,100,7025
20220502,12:13,699.35,701.35,699.35,701.35,375,7025
20220502,12:14,705.00,710.00,705.00,710.00,325,7025
20220502,12:15,697.40,697.40,697.20,697.20,175,6775
20220502,12:16,700.80,700.80,700.80,700.80,25,6775
20220502,12:17,700.80,700.80,700.80,700.80,50,6625
20220502,12:18,700.65,700.65,700.65,700.65,25,6625
20220502,12:19,697.80,700.00,697.80,700.00,150,6625
20220502,12:20,700.20,705.15,700.20,705.15,50,6450
20220502,12:21,704.10,706.40,704.10,705.00,100,6450
20220502,12:22,706.50,706.50,706.50,706.50,25,6450
20220502,12:23,710.00,725.75,710.00,719.30,450,6450
20220502,12:24,724.90,739.70,724.90,734.35,550,6500
20220502,12:25,734.30,734.30,728.55,730.85,275,6500
20220502,12:26,735.35,745.20,735.35,740.10,250,6325
20220502,12:27,749.90,760.00,749.90,750.00,475,6325
20220502,12:28,750.00,754.85,745.20,745.20,1125,6325
20220502,12:29,756.25,756.25,747.80,747.80,225,6325
20220502,12:30,752.70,754.25,752.70,754.25,200,6825
20220502,12:31,726.05,726.05,726.05,726.05,25,6825
20220502,12:32,740.00,740.00,737.60,737.60,200,6825
20220502,12:33,733.25,746.25,733.25,734.35,425,6625
20220502,12:35,747.70,747.70,747.70,747.70,25,6675
20220502,12:37,748.45,750.00,748.45,750.00,100,6675
20220502,12:41,747.70,747.70,747.70,747.70,25,6700
20220502,12:42,748.10,748.10,735.00,735.00,75,6700
20220502,12:44,750.00,750.25,750.00,750.25,75,6700
20220502,12:46,732.95,732.95,732.95,732.95,75,6700
20220502,12:48,692.65,692.65,670.00,680.00,375,6700
20220502,12:49,668.50,682.25,668.50,682.25,50,6700
20220502,12:50,666.30,673.50,660.00,660.00,700,6925
20220502,12:51,662.85,670.55,655.85,668.35,1250,6925
20220502,12:52,672.20,678.35,669.60,678.35,1500,6925
20220502,12:53,680.80,685.15,680.80,685.15,75,7500
20220502,12:54,683.65,683.65,676.75,682.90,200,7500
20220502,12:55,688.20,688.20,688.20,688.20,50,7500
20220502,12:57,695.15,695.15,695.15,695.15,50,7450
20220502,12:58,693.00,693.00,693.00,693.00,100,7450
20220502,12:59,700.00,714.15,700.00,711.10,300,7450
20220502,13:00,709.85,714.15,706.15,706.15,625,7700
20220502,13:01,690.00,697.15,684.50,684.50,125,7700
20220502,13:02,688.80,694.15,682.00,682.00,125,7400
20220502,13:03,675.65,680.25,675.00,679.10,400,7400
20220502,13:04,683.75,683.75,681.35,681.35,375,7400
20220502,13:06,691.90,691.90,691.90,691.90,100,7375
20220502,13:08,689.45,693.05,689.45,693.05,125,7375
20220502,13:09,690.00,713.00,690.00,713.00,725,7300
20220502,13:10,715.00,725.00,715.00,725.00,1075,7300
20220502,13:11,714.70,715.00,703.05,703.05,200,7300
20220502,13:14,697.45,699.80,697.45,699.80,50,7275
20220502,13:18,698.75,698.75,690.00,690.00,125,7275
20220502,13:22,706.65,706.65,706.65,706.65,25,7275
20220502,13:23,707.30,707.30,699.60,699.60,125,7300
20220502,13:25,710.80,710.80,710.00,710.00,75,7250
20220502,13:26,701.90,716.05,701.90,705.90,400,7250
20220502,13:27,711.00,711.00,682.85,690.75,350,7300
20220502,13:28,670.00,670.00,640.00,640.00,500,7300
20220502,13:29,644.25,652.00,632.80,652.00,175,7300
20220502,13:30,652.30,669.55,652.30,667.20,100,7475
20220502,13:31,664.15,683.35,664.15,683.35,300,7475
20220502,13:32,675.00,690.60,675.00,682.40,550,7475
20220502,13:33,682.00,705.05,682.00,701.35,225,8125
20220502,13:34,699.80,699.80,695.00,695.00,300,8125
20220502,13:35,702.10,702.10,702.10,702.10,150,8125
20220502,13:36,685.00,689.00,681.00,681.00,125,8150
20220502,13:37,686.10,686.10,677.40,677.40,100,8150
20220502,13:38,684.70,700.00,684.70,700.00,100,8150
20220502,13:39,686.45,686.45,686.45,686.45,25,8175
20220502,13:40,696.10,704.75,696.10,704.00,175,8175
20220502,13:41,696.25,697.45,691.95,691.95,125,8175
20220502,13:42,685.10,685.10,685.10,685.10,25,8075
20220502,13:43,691.15,691.15,691.15,691.15,25,8075
20220502,13:46,686.25,686.25,686.25,686.25,25,8075
20220502,13:48,699.40,699.40,699.40,699.40,25,8075
20220502,13:50,692.25,699.40,692.25,699.40,125,8075
20220502,13:51,708.60,708.60,701.60,701.60,250,8025
20220502,13:52,697.35,697.35,697.35,697.35,25,8025
20220502,13:53,695.50,695.50,685.85,685.85,125,8025
20220502,13:54,685.85,685.85,685.85,685.85,25,8100
20220502,13:55,675.00,680.00,675.00,680.00,275,8100
20220502,13:56,678.95,686.85,678.95,686.85,200,8100
20220502,13:57,697.20,712.05,696.20,702.90,1025,8250
20220502,13:58,701.65,702.40,701.65,702.40,50,8250
20220502,14:00,699.90,699.90,683.70,683.70,175,7925
20220502,14:01,702.35,707.00,702.35,702.75,100,7925
20220502,14:02,689.45,692.75,674.00,674.00,100,7925
20220502,14:03,672.60,685.95,672.60,679.30,75,7750
20220502,14:04,684.00,689.00,683.65,688.95,200,7750
20220502,14:05,686.40,686.40,686.40,686.40,50,7750
20220502,14:06,674.00,678.30,671.05,678.30,200,7825
20220502,14:07,679.35,679.35,665.00,665.00,275,7825
20220502,14:08,679.05,679.05,679.05,679.05,75,7825
20220502,14:09,672.95,672.95,672.95,672.95,25,7875
20220502,14:10,679.05,679.05,679.05,679.05,25,7875
20220502,14:11,687.00,693.40,685.95,685.95,250,7875
20220502,14:12,689.30,689.30,689.30,689.30,25,7675
20220502,14:13,698.60,698.60,679.70,687.85,1050,7675
20220502,14:14,688.55,688.55,688.55,688.55,50,7675
20220502,14:15,689.20,693.35,689.20,693.35,1025,8225
20220502,14:17,679.05,680.45,679.05,680.45,75,8225
20220502,14:18,680.00,680.00,680.00,680.00,25,7525
20220502,14:20,668.00,672.00,668.00,672.00,75,7525
20220502,14:21,668.00,668.00,668.00,668.00,25,7525
20220502,14:23,673.30,674.00,673.30,674.00,50,7575
20220502,14:24,680.00,680.00,680.00,680.00,25,7575
20220502,14:25,675.15,675.15,665.15,665.15,125,7575
20220502,14:26,660.00,660.00,640.00,640.00,275,7575
20220502,14:27,651.65,660.45,647.65,660.45,275,7750
20220502,14:28,654.00,656.55,654.00,656.55,75,7750
20220502,14:29,663.15,663.15,663.15,663.15,25,7750
20220502,14:30,663.00,682.80,663.00,679.35,425,7825
20220502,14:31,672.35,675.50,672.35,675.50,50,7825
20220502,14:32,674.85,675.35,672.95,672.95,125,7825
20220502,14:34,677.30,677.30,675.80,675.80,75,7900
20220502,14:35,678.55,678.55,678.55,678.55,25,7900
20220502,14:36,679.15,679.15,677.40,677.40,50,8025
20220502,14:37,666.95,666.95,665.55,665.55,75,8025
20220502,14:38,665.55,665.55,665.55,665.55,25,8025
20220502,14:39,662.00,662.30,658.20,658.20,175,8050
20220502,14:41,663.80,663.80,662.50,662.50,50,8050
20220502,14:43,671.00,671.00,660.20,660.20,100,8175
20220502,14:44,665.35,669.20,665.35,668.70,100,8175
20220502,14:45,675.00,690.20,675.00,690.20,100,8250
20220502,14:46,694.40,764.20,694.40,738.35,1750,8250
20220502,14:47,752.85,791.80,752.85,791.80,1200,8250
20220502,14:48,791.80,820.00,791.80,799.95,800,7900
20220502,14:49,798.50,798.50,781.35,792.10,475,7900
20220502,14:50,803.50,812.90,803.00,810.30,500,7900
20220502,14:51,787.25,787.25,778.65,778.65,150,7825
20220502,14:52,765.60,770.60,760.60,760.60,325,7825
20220502,14:53,760.60,787.25,760.60,787.25,275,7825
20220502,14:54,786.20,810.00,786.20,805.20,425,7500
20220502,14:55,804.00,804.00,791.30,791.30,125,7500
20220502,14:56,776.50,776.50,776.50,776.50,100,7500
20220502,14:57,787.70,787.70,787.70,787.70,50,7200
20220502,14:59,778.45,778.45,776.50,778.45,75,7200
20220502,15:00,790.00,833.05,790.00,822.65,900,7175
20220502,15:01,805.95,805.95,794.45,800.00,150,7175
20220502,15:02,788.00,788.00,735.95,750.00,275,7175
20220502,15:03,762.45,769.25,762.45,769.25,600,6775
20220502,15:04,783.95,783.95,769.25,776.75,125,6775
20220502,15:06,792.20,792.20,775.00,775.00,100,6725
20220502,15:07,782.40,782.85,778.05,778.05,100,6725
20220502,15:08,775.00,783.30,775.00,783.30,525,6725
20220502,15:09,774.95,774.95,774.85,774.85,50,6875
20220502,15:11,774.85,774.85,774.85,774.85,25,6875
20220502,15:12,789.50,789.50,789.50,789.50,50,6850
20220502,15:13,792.20,809.05,792.20,809.05,175,6850
20220502,15:14,800.35,800.35,789.85,789.85,250,6850
20220502,15:15,799.25,799.25,799.25,799.25,75,6750
20220502,15:16,809.75,815.00,803.30,815.00,100,6750
20220502,15:17,815.70,815.70,796.65,800.35,1050,6750
20220502,15:20,794.60,810.05,790.55,810.05,675,6675
20220502,15:21,802.40,802.40,801.60,801.60,500,6700
20220502,15:22,808.00,808.00,805.00,805.80,100,6700
20220502,15:23,802.45,807.05,801.95,801.95,275,6700
20220502,15:24,801.95,806.10,799.40,805.95,300,6125
20220502,15:25,794.60,794.60,787.55,787.55,400,6125
20220502,15:26,794.30,794.30,775.40,778.50,375,6125
20220502,15:27,779.10,779.10,771.70,771.70,525,5625
20220502,15:28,781.65,784.15,779.05,784.15,75,5625
20220502,15:29,782.00,795.40,780.05,794.00,350,5625
20220504,09:15,827.80,827.80,811.30,811.30,76,5400
20220504,09:16,798.10,829.30,798.10,829.30,200,5400
20220504,09:17,819.95,819.95,780.00,780.00,175,5450
20220504,09:18,788.45,803.15,788.45,793.15,425,5450
20220504,09:20,793.25,794.70,789.60,789.60,125,5625
20220504,09:21,811.35,811.35,804.90,804.90,300,5625
20220504,09:22,801.75,810.45,799.85,810.45,150,5625
20220504,09:23,805.85,811.70,804.10,804.10,225,5550
20220504,09:24,799.70,799.70,799.70,799.70,25,5550
20220504,09:25,800.20,801.70,784.80,787.20,300,5550
20220504,09:26,793.60,795.20,793.60,795.20,350,5475
20220504,09:27,800.00,800.00,800.00,800.00,25,5475
20220504,09:28,816.00,816.85,811.75,811.75,550,5475
20220504,09:29,811.25,811.25,811.25,811.25,25,5875
20220504,09:32,805.00,805.00,792.70,792.70,350,5750
20220504,09:33,790.10,790.10,786.80,786.80,150,5750
20220504,09:34,785.00,785.00,785.00,785.00,50,5750
20220504,09:35,785.00,785.00,785.00,785.00,25,5750
20220504,09:37,770.00,777.00,770.00,776.65,175,5750
20220504,09:38,774.40,774.40,768.00,768.00,550,5800
20220504,09:39,766.35,766.35,766.35,766.35,25,5800
20220504,09:41,766.35,775.95,766.35,775.95,400,6600
20220504,09:43,779.30,781.55,779.30,781.55,50,6600
20220504,09:44,795.15,795.15,785.15,785.95,1200,6950
20220504,09:46,772.00,790.40,772.00,790.40,75,6950
20220504,09:47,789.35,789.35,789.35,789.35,25,6950
20220504,09:48,789.30,789.30,787.90,787.90,50,6950
20220504,09:51,780.00,780.00,780.00,780.00,50,6925
20220504,09:54,776.55,776.55,771.00,771.95,325,6950
20220504,09:56,776.50,776.50,768.30,768.60,125,6975
20220504,09:58,770.35,770.35,770.35,770.35,75,6975
20220504,09:59,762.70,762.70,762.70,762.70,25,6975
20220504,10:00,762.20,762.20,762.20,762.20,25,7025
20220504,10:01,762.20,772.50,762.20,772.50,125,7025
20220504,10:02,747.25,761.80,745.75,761.80,325,7075
20220504,10:03,753.40,761.80,753.40,761.80,100,7075
20220504,10:04,756.00,756.00,731.50,731.50,150,7075
20220504,10:05,731.50,731.50,726.00,726.00,550,7600
20220504,10:06,726.05,726.05,726.05,726.05,250,7600
20220504,10:07,739.55,741.60,736.55,736.55,800,7600
20220504,10:08,739.50,739.50,739.50,739.50,25,7950
20220504,10:09,736.45,740.55,736.45,740.55,50,7950
20220504,10:10,743.00,743.00,743.00,743.00,25,7950
20220504,10:11,735.00,739.55,732.70,739.55,75,7925
20220504,10:12,739.45,739.45,739.45,739.45,25,7925
20220504,10:13,734.35,734.35,734.35,734.35,75,7925
20220504,10:14,735.65,735.65,735.65,735.65,25,7925
20220504,10:15,722.20,727.65,715.55,715.55,250,7850
20220504,10:16,715.55,715.55,715.55,715.55,25,7850
20220504,10:17,720.65,720.65,713.85,713.85,325,7750
20220504,10:18,720.00,720.00,714.15,714.15,200,7750
20220504,10:21,726.00,726.00,726.00,726.00,25,7800
20220504,10:22,719.95,719.95,719.95,719.95,25,7800
20220504,10:23,714.15,714.15,705.75,705.75,175,7925
20220504,10:24,705.75,717.10,705.75,714.35,125,7925
20220504,10:25,716.45,716.45,716.45,716.45,25,7925
20220504,10:26,718.40,722.75,715.60,722.75,150,7975
20220504,10:27,725.20,725.20,720.00,720.00,75,7975
20220504,10:28,710.00,710.00,709.00,709.00,50,7975
20220504,10:29,712.45,712.45,697.75,700.35,675,8375
20220504,10:30,688.10,693.70,679.00,693.10,675,8375
20220504,10:31,691.25,695.00,690.90,695.00,125,8375
20220504,10:32,695.00,695.00,692.45,695.00,200,8875
20220504,10:33,690.25,700.40,690.25,695.10,575,8875
20220504,10:35,704.00,704.00,702.00,702.00,75,9375
20220504,10:36,710.00,710.00,709.30,709.30,75,9375
20220504,10:37,711.75,720.00,711.75,720.00,125,9375
20220504,10:38,720.00,720.00,715.00,715.00,50,9425
20220504,10:40,705.15,710.00,694.75,694.75,225,9425
20220504,10:41,688.85,695.30,688.85,695.30,50,9425
20220504,10:43,704.25,704.25,704.25,704.25,125,9475
20220504,10:44,697.20,699.10,697.20,699.10,150,9550
20220504,10:45,689.75,689.75,679.75,679.75,400,9550
20220504,10:46,682.40,685.60,679.05,679.05,225,9550
20220504,10:47,678.05,681.60,666.55,681.60,850,10200
20220504,10:48,675.00,685.30,675.00,683.40,175,10200
20220504,10:49,683.00,683.20,683.00,683.20,50,10200
20220504,10:50,684.75,691.55,684.75,691.55,800,10200
20220504,10:51,695.00,695.00,691.70,691.95,375,10675
20220504,10:53,691.00,691.00,691.00,691.00,25,10675
20220504,10:54,689.90,701.15,689.90,697.00,500,10925
20220504,10:55,699.80,699.80,699.75,699.75,325,10925
20220504,10:56,699.75,708.90,699.75,708.90,575,10600
20220504,10:57,703.40,709.30,703.40,708.80,850,10600
20220504,10:58,709.45,713.25,709.45,713.25,125,10600
20220504,10:59,715.00,715.00,715.00,715.00,25,9975
20220504,11:00,720.00,720.00,718.85,718.85,50,9975
20220504,11:01,720.75,726.00,720.75,726.00,150,9975
20220504,11:02,709.55,709.55,709.55,709.55,50,9975
20220504,11:03,715.00,719.05,715.00,719.05,75,9825
20220504,11:04,719.30,724.50,719.30,724.50,425,9825
20220504,11:06,720.00,720.00,720.00,720.00,25,9650
20220504,11:08,707.05,709.45,706.00,706.00,125,9650
20220504,11:12,697.80,697.80,697.80,697.80,50,9625
20220504,11:13,702.35,704.20,702.35,704.20,300,9625
20220504,11:14,704.20,704.20,704.20,704.20,600,9625
20220504,11:15,703.35,705.00,701.65,705.00,125,9550
20220504,11:16,703.50,703.50,702.85,702.85,100,9550
20220504,11:17,688.35,694.50,688.35,694.50,450,9550
20220504,11:18,702.70,702.70,702.70,702.70,50,9550
20220504,11:19,713.80,713.80,712.00,712.00,75,9550
20220504,11:20,715.70,725.00,715.70,725.00,250,9450
20220504,11:21,732.40,734.75,729.05,733.70,1150,9450
20220504,11:22,733.50,735.85,733.50,735.85,225,9450
20220504,11:23,737.25,737.25,737.25,737.25,50,9450
20220504,11:24,737.25,737.25,737.25,737.25,525,10300
20220504,11:25,735.70,744.55,731.20,731.20,825,10300
20220504,11:26,724.70,729.80,722.45,729.80,275,10375
20220504,11:27,720.00,724.00,720.00,724.00,50,10375
20220504,11:28,726.05,734.75,726.05,734.75,75,10375
20220504,11:29,729.80,729.80,728.65,728.65,100,10375
20220504,11:30,725.30,726.85,725.30,726.85,75,10500
20220504,11:31,729.15,729.15,724.00,724.00,150,10500
20220504,11:33,709.55,721.75,709.55,721.75,125,10500
20220504,11:34,713.10,713.10,710.65,710.65,100,10500
20220504,11:35,711.00,711.00,711.00,711.00,50,10550
20220504,11:37,725.30,725.30,723.35,723.35,75,10550
20220504,11:39,715.75,715.75,715.75,715.75,50,10500
20220504,11:40,723.10,726.60,723.10,726.60,75,10500
20220504,11:42,711.00,711.00,711.00,711.00,25,10575
20220504,11:43,711.00,715.25,711.00,715.25,600,10575
20220504,11:44,718.85,718.85,718.85,718.85,25,10575
20220504,11:46,717.30,717.30,717.30,717.30,50,10350
20220504,11:47,702.35,702.35,702.05,702.05,75,10350
20220504,11:48,709.75,709.75,709.75,709.75,25,10375
20220504,11:49,727.30,729.40,727.30,729.40,75,10375
20220504,11:50,729.80,733.45,729.80,733.45,300,10375
20220504,11:51,733.20,733.20,726.00,726.00,825,10550
20220504,11:52,728.60,729.20,728.60,729.20,550,10550
20220504,11:54,725.40,727.05,725.40,727.05,125,11150
20220504,11:56,724.15,724.15,724.15,724.15,50,11150
20220504,11:57,715.00,715.00,715.00,715.00,125,11150
20220504,11:58,718.80,718.90,718.80,718.90,50,11150
20220504,11:59,718.20,722.30,718.20,722.30,50,11150
20220504,12:00,714.50,714.50,711.45,711.45,125,11275
20220504,12:01,708.85,718.15,708.85,718.15,100,11275
20220504,12:02,713.70,713.70,713.40,713.40,225,11300
20220504,12:03,707.75,707.75,706.25,706.25,100,11300
20220504,12:06,712.80,712.85,712.80,712.85,50,11450
20220504,12:08,717.90,717.90,717.90,717.90,200,11450
20220504,12:09,713.15,713.15,667.45,667.45,550,11575
20220504,12:10,670.50,670.50,614.80,644.35,3600,11575
20220504,12:11,643.65,663.85,642.25,663.85,625,11575
20220504,12:12,664.20,664.20,640.00,640.00,500,12450
20220504,12:13,650.05,655.85,647.00,647.00,1025,12450
20220504,12:14,638.05,647.65,638.05,647.15,325,12425
20220504,12:15,644.95,645.15,636.00,636.00,375,12425
20220504,12:16,636.00,639.55,625.30,639.55,925,12425
20220504,12:17,639.55,639.55,630.00,634.90,650,13200
20220504,12:18,636.95,640.00,632.00,634.70,1375,13200
20220504,12:19,637.60,637.60,628.00,631.90,1000,13200
20220504,12:20,628.75,642.25,628.75,635.95,725,14025
20220504,12:21,636.00,639.40,622.80,629.90,1500,14025
20220504,12:22,625.30,642.70,625.30,642.70,400,14025
20220504,12:23,642.25,647.45,638.55,639.80,900,14025
20220504,12:24,642.70,642.70,639.95,639.95,200,15050
20220504,12:25,635.00,646.50,635.00,645.20,400,15050
20220504,12:26,648.85,651.45,642.25,642.25,425,15050
20220504,12:27,638.00,639.50,632.05,639.40,525,15225
20220504,12:28,639.50,640.00,636.10,636.40,425,15225
20220504,12:29,633.25,638.10,633.25,636.70,225,15175
20220504,12:30,630.00,636.45,628.80,631.65,825,15175
20220504,12:31,629.65,631.25,615.00,615.00,1150,15175
20220504,12:32,618.80,624.15,607.10,611.00,2000,15475
20220504,12:33,612.00,618.00,608.15,614.10,2975,15475
20220504,12:34,614.00,619.60,610.30,613.65,1275,15475
20220504,12:35,614.75,624.60,614.75,619.50,2375,18800
20220504,12:36,619.20,619.35,591.65,598.70,2500,18800
20220504,12:37,596.95,603.00,595.20,598.00,1075,18800
20220504,12:38,598.45,608.00,598.00,605.80,1850,18800
20220504,12:39,606.45,606.45,598.00,605.00,925,20050
20220504,12:40,604.45,607.50,601.00,606.10,4850,20050
20220504,12:41,606.65,616.05,603.00,611.60,3800,23425
20220504,12:42,610.00,613.90,606.15,611.85,6250,23425
20220504,12:43,609.90,611.00,606.75,611.00,2350,23425
20220504,12:44,609.35,609.35,586.80,595.70,12175,23425
20220504,12:45,592.65,595.90,576.00,581.95,12600,32175
20220504,12:46,584.00,586.00,568.25,576.10,3650,32175
20220504,12:47,576.80,580.00,572.40,579.25,3350,37300
20220504,12:48,578.95,592.00,578.95,590.00,5700,37300
20220504,12:49,589.80,595.00,579.35,595.00,6050,37300
20220504,12:50,593.70,604.00,592.75,600.10,6625,37300
20220504,12:51,603.00,605.90,603.00,605.75,2725,37850
20220504,12:52,605.75,605.75,596.40,602.45,2275,37850
20220504,12:53,595.90,605.00,592.30,599.70,950,37850
20220504,12:54,599.70,602.05,597.90,598.65,1050,40350
20220504,12:55,601.00,603.80,598.10,603.40,1475,40350
20220504,12:56,598.00,599.05,586.90,587.35,2525,40350
20220504,12:57,586.00,589.75,567.30,571.90,4075,41600
20220504,12:58,576.60,594.95,573.20,594.95,1925,41600
20220504,12:59,593.30,606.60,592.25,605.20,4850,41600
20220504,13:00,605.35,617.80,594.65,613.85,3975,41525
20220504,13:01,613.95,617.80,609.40,610.00,5550,41525
20220504,13:02,610.05,615.85,609.10,615.85,2775,41525
20220504,13:03,613.10,624.70,610.00,624.25,2700,45000
20220504,13:04,627.00,628.05,618.70,618.70,4300,45000
20220504,13:05,620.05,625.00,614.05,619.30,2500,45000
20220504,13:06,616.05,621.70,614.25,614.25,2925,44225
20220504,13:07,614.70,622.35,614.00,619.05,625,44225
20220504,13:08,615.30,629.75,615.30,629.75,3300,44225
20220504,13:09,626.05,627.00,623.10,625.00,325,47250
20220504,13:10,627.00,629.00,617.45,619.80,1500,47250
20220504,13:11,621.00,636.90,621.00,634.95,1625,47250
20220504,13:12,631.35,643.55,631.35,639.20,3200,45875
20220504,13:13,638.00,648.00,634.25,645.00,1500,45875
20220504,13:14,644.00,649.85,641.45,645.00,1200,45875
20220504,13:15,644.00,652.60,637.25,651.35,2900,46850
20220504,13:16,655.45,665.00,655.00,665.00,2225,46850
20220504,13:17,665.00,678.95,659.75,677.95,2950,46850
20220504,13:18,666.00,668.65,658.90,662.35,2875,44325
20220504,13:19,662.90,674.95,662.90,673.35,3550,44325
20220504,13:20,676.25,682.50,675.20,682.50,1925,44325
20220504,13:21,689.30,706.00,687.55,703.30,2950,41700
20220504,13:22,695.35,707.40,693.80,693.80,1750,41700
20220504,13:23,689.50,690.35,679.05,679.10,1950,41700
20220504,13:24,682.45,682.45,664.75,670.90,2150,40200
20220504,13:25,670.80,690.15,668.85,687.25,1725,40200
20220504,13:26,686.05,693.60,675.00,675.00,1225,40200
20220504,13:27,672.00,678.25,667.00,667.90,1625,40050
20220504,13:28,681.25,695.05,681.25,690.05,775,40050
20220504,13:29,700.00,701.40,683.85,683.85,1725,40050
20220504,13:30,684.00,684.95,675.00,676.65,525,39800
20220504,13:31,680.00,686.65,680.00,686.65,350,39800
20220504,13:32,679.05,695.00,676.70,690.60,1575,39800
20220504,13:33,691.00,695.85,685.90,694.40,2025,39125
20220504,13:34,690.70,705.20,674.35,674.35,425,39125
20220504,13:35,674.80,684.50,653.55,684.50,1900,39125
20220504,13:36,682.00,682.00,676.10,681.05,750,37725
20220504,13:37,678.55,680.60,677.30,680.60,850,37725
20220504,13:38,676.75,677.90,676.75,677.90,200,37725
20220504,13:39,680.00,680.00,675.65,675.65,175,38150
20220504,13:41,675.95,685.35,675.95,685.35,300,38150
20220504,13:42,688.00,698.45,684.95,688.65,975,38150
20220504,13:43,687.45,691.85,681.50,687.35,1125,38150
20220504,13:44,688.55,701.70,687.00,695.70,1275,38150
20220504,13:45,688.15,691.35,663.00,663.00,2050,37425
20220504,13:46,658.00,678.60,656.55,675.05,550,37425
20220504,13:47,674.90,674.90,673.55,674.75,400,37425
20220504,13:48,669.25,669.25,661.85,663.15,625,38575
20220504,13:49,672.60,675.80,671.80,671.80,225,38575
20220504,13:50,661.45,667.15,661.10,667.15,900,38575
20220504,13:51,665.00,665.00,651.85,656.15,500,38100
20220504,13:52,658.45,661.35,652.95,652.95,575,38100
20220504,13:53,656.70,659.65,656.20,659.65,1450,38100
20220504,13:54,658.80,665.65,657.40,665.65,200,37525
20220504,13:55,653.00,653.00,637.70,637.70,1450,37525
20220504,13:56,639.75,653.95,639.75,651.00,725,37525
20220504,13:57,652.65,659.30,650.35,657.50,475,38075
20220504,13:58,662.05,669.95,662.05,669.95,50,38075
20220504,13:59,666.95,674.95,662.00,674.95,575,38075
20220504,14:00,680.00,744.70,680.00,714.75,6500,37525
20220504,14:01,714.75,756.50,714.75,728.65,1975,37525
20220504,14:02,731.35,731.35,719.25,723.05,1000,37525
20220504,14:03,725.05,728.65,661.55,661.55,2850,37125
20220504,14:04,645.15,645.15,598.00,626.45,9500,37125
20220504,14:05,631.90,654.10,630.00,630.75,2525,37125
20220504,14:06,640.70,640.70,599.50,608.65,2300,36700
20220504,14:07,605.80,610.70,588.05,588.05,3675,36700
20220504,14:08,589.25,589.25,494.35,498.30,13375,36700
20220504,14:09,505.80,549.40,505.80,527.75,7600,42125
20220504,14:10,517.85,538.00,501.50,501.50,8175,42125
20220504,14:11,508.95,515.10,496.45,514.25,7300,42125
20220504,14:12,509.25,530.50,498.35,524.30,5850,44425
20220504,14:13,522.00,536.95,518.65,523.20,4950,44425
20220504,14:14,533.35,537.30,521.55,530.85,5525,44425
20220504,14:15,533.50,534.75,520.95,532.60,2500,45525
20220504,14:16,530.90,532.25,518.40,518.95,2300,45525
20220504,14:17,522.25,530.00,512.45,527.00,2000,45525
20220504,14:18,522.60,532.90,521.00,521.00,1825,45700
20220504,14:19,521.60,543.40,520.00,538.45,2250,45700
20220504,14:20,539.85,571.80,539.85,556.95,4150,45700
20220504,14:21,563.10,590.00,562.50,569.40,7375,44875
20220504,14:22,568.40,568.70,505.60,519.25,6850,44875
20220504,14:23,528.75,551.80,526.15,551.00,3725,44875
20220504,14:24,550.85,561.35,546.25,550.00,2525,47350
20220504,14:25,553.65,560.80,529.95,529.95,3550,47350
20220504,14:26,527.85,536.70,527.30,533.40,1525,47350
20220504,14:27,534.90,542.75,534.90,539.50,800,48500
20220504,14:28,541.70,543.05,534.35,540.30,2325,48500
20220504,14:29,535.50,537.60,520.00,530.00,6075,48500
20220504,14:30,528.40,533.35,520.00,530.05,2525,49550
20220504,14:31,525.00,527.95,520.00,523.35,825,49550
20220504,14:32,522.80,530.00,503.05,507.05,2825,49550
20220504,14:33,510.50,512.65,485.00,485.00,4100,48875
20220504,14:34,489.45,489.45,473.65,473.65,13025,48875
20220504,14:35,475.05,478.80,458.40,478.80,5550,48875
20220504,14:36,474.85,495.00,470.80,491.95,5125,52625
20220504,14:37,488.95,492.00,476.70,478.35,3600,52625
20220504,14:38,477.85,485.00,466.60,469.90,1625,52625
20220504,14:39,468.35,482.80,465.00,478.00,1850,57325
20220504,14:40,473.65,486.45,472.10,476.40,1375,57325
20220504,14:41,477.45,479.65,458.25,458.25,1575,57325
20220504,14:42,458.25,469.80,458.10,461.95,850,56050
20220504,14:43,459.30,459.30,435.75,440.75,3425,56050
20220504,14:44,435.20,439.60,415.90,422.90,9475,56050
20220504,14:45,420.00,438.70,420.00,427.20,2575,53275
20220504,14:46,426.80,426.80,407.70,425.05,4250,53275
20220504,14:47,429.30,441.70,411.65,423.95,4825,53275
20220504,14:48,419.90,424.15,411.65,411.65,2350,54200
20220504,14:49,418.20,418.20,403.70,403.70,925,54200
20220504,14:50,402.00,411.20,391.10,391.10,3975,54200
20220504,14:51,386.60,399.90,381.00,385.20,2500,54625
20220504,14:52,382.20,385.05,375.30,379.50,2175,54625
20220504,14:53,378.30,384.25,375.00,375.00,2600,54625
20220504,14:54,378.30,379.75,365.35,371.00,1750,57025
20220504,14:55,367.30,381.30,362.45,370.70,3175,57025
20220504,14:56,368.85,374.75,365.35,372.30,1575,57025
20220504,14:57,376.45,376.45,360.45,375.70,1125,59850
20220504,14:58,383.65,383.65,371.00,372.10,925,59850
20220504,14:59,371.25,380.90,367.95,380.90,1150,59850
20220504,15:00,377.30,385.45,372.05,373.00,1175,60125
20220504,15:01,373.45,381.80,372.45,381.80,2125,60125
20220504,15:02,379.00,380.55,359.00,362.25,1975,60125
20220504,15:03,359.65,376.40,359.65,367.90,775,61375
20220504,15:04,361.50,365.50,354.00,363.20,1200,61375
20220504,15:05,356.60,356.60,339.00,339.00,1450,61375
20220504,15:06,330.60,333.40,326.45,331.90,3875,62150
20220504,15:07,336.10,344.25,336.10,344.25,1325,62150
20220504,15:08,340.20,346.35,338.20,346.35,1350,62150
20220504,15:09,347.65,353.35,345.65,348.70,1525,63300
20220504,15:10,347.30,355.00,347.30,354.15,1075,63300
20220504,15:11,355.00,363.00,355.00,363.00,1175,63300
20220504,15:12,361.45,376.20,361.45,376.20,550,62675
20220504,15:13,380.00,391.80,380.00,387.15,2175,62675
20220504,15:14,381.70,388.00,378.80,385.05,3725,62675
20220504,15:15,383.40,391.05,376.45,390.55,1300,63600
20220504,15:16,390.00,390.85,373.80,373.80,800,63600
20220504,15:17,370.00,375.25,361.85,361.85,975,63600
20220504,15:18,365.85,371.05,363.40,363.40,1650,62900
20220504,15:19,365.15,367.00,356.65,356.65,725,62900
20220504,15:20,360.00,362.05,355.05,355.05,1450,62900
20220504,15:21,358.05,362.60,355.00,358.80,1050,61800
20220504,15:22,357.90,357.90,352.15,352.90,1125,61800
20220504,15:23,352.00,359.45,350.85,359.45,1300,61800
20220504,15:24,358.35,360.75,356.40,360.75,1875,60175
20220504,15:25,360.95,362.00,355.50,357.35,1950,60175
20220504,15:26,359.00,361.95,355.40,361.95,3450,60175
20220504,15:27,362.00,364.40,359.10,361.00,4500,59750
20220504,15:28,360.80,361.00,355.05,358.05,2400,59750
20220504,15:29,358.25,360.95,314.15,360.95,5875,59750
20220505,09:15,419.95,446.20,385.65,424.65,13428,59175
20220505,09:16,422.85,450.00,420.25,450.00,7325,59175
20220505,09:17,450.75,451.45,435.95,437.85,13575,60250
20220505,09:18,431.95,445.05,420.70,443.75,8325,60250
20220505,09:19,448.05,448.80,430.00,432.50,9775,60250
20220505,09:20,431.80,439.60,428.80,429.50,7775,63300
20220505,09:21,433.60,435.55,422.40,422.40,7525,63300
20220505,09:22,420.00,431.55,411.80,411.80,8825,63300
20220505,09:23,412.95,413.25,397.55,397.55,8225,74775
20220505,09:24,399.95,406.75,390.10,403.80,5050,74775
20220505,09:25,401.00,407.40,396.70,400.10,3150,74775
20220505,09:26,397.25,400.95,387.60,398.40,6125,74775
20220505,09:27,393.00,403.00,393.00,402.40,6200,74775
20220505,09:28,400.25,412.25,400.25,412.25,2950,74775
20220505,09:29,414.75,419.10,411.65,416.60,3775,86350
20220505,09:30,417.45,422.00,410.85,422.00,3775,86350
20220505,09:31,420.45,427.80,419.10,421.20,7050,86350
20220505,09:32,421.75,426.95,418.20,426.25,4750,86075
20220505,09:33,424.35,424.35,418.00,420.30,2475,86075
20220505,09:34,420.80,422.15,415.00,415.20,3150,86075
20220505,09:35,415.25,418.35,412.65,416.10,4650,88075
20220505,09:36,416.05,420.90,411.75,411.75,6675,88075
20220505,09:37,415.30,418.30,409.95,414.00,4400,88075
20220505,09:38,413.15,417.45,411.45,417.45,2175,94000
20220505,09:39,417.40,421.95,402.60,410.60,3200,94000
20220505,09:40,414.90,417.00,411.75,414.95,2800,94000
20220505,09:41,408.80,421.95,408.80,415.75,3250,95925
20220505,09:42,419.95,423.95,418.40,423.95,2425,95925
20220505,09:43,423.10,424.45,414.35,416.00,2925,95925
20220505,09:44,412.40,418.50,406.75,408.75,2950,95450
20220505,09:45,409.90,418.45,409.30,410.00,1375,95450
20220505,09:46,408.80,410.00,404.85,410.00,3325,95450
20220505,09:47,412.75,412.75,402.25,402.25,2775,96400
20220505,09:48,407.65,409.80,405.00,409.00,1575,96400
20220505,09:49,409.95,411.00,404.90,404.90,2600,96400
20220505,09:50,405.90,409.75,405.50,408.90,1600,98275
20220505,09:51,409.35,411.70,404.50,407.65,4300,98275
20220505,09:52,407.65,412.00,406.00,410.85,1175,98275
20220505,09:53,412.00,412.75,409.55,410.75,1600,102250
20220505,09:54,411.05,412.50,404.00,410.80,1900,102250
20220505,09:55,412.75,413.00,401.10,401.10,2400,102250
20220505,09:56,402.10,408.80,402.10,404.90,2225,104550
20220505,09:57,406.05,406.05,398.80,404.30,3650,104550
20220505,09:58,403.00,406.25,400.25,401.95,2250,104550
20220505,09:59,404.10,404.10,398.70,400.00,1800,107475
20220505,10:00,403.60,404.95,399.00,404.95,1950,107475
20220505,10:01,405.00,406.50,400.00,406.50,1625,107475
20220505,10:02,404.30,404.30,400.55,402.00,475,109275
20220505,10:03,403.25,406.00,400.50,406.00,1375,109275
20220505,10:04,411.35,432.05,409.20,426.40,15125,109275
20220505,10:05,429.25,440.70,429.25,436.40,17475,99425
20220505,10:06,438.70,454.85,438.70,454.00,13850,99425
20220505,10:07,460.00,462.70,455.75,459.95,15775,99425
20220505,10:08,460.00,462.90,456.35,458.20,8700,101275
20220505,10:09,459.70,470.00,459.70,465.40,10150,101275
20220505,10:10,468.80,474.95,465.85,466.35,9725,101275
20220505,10:11,467.50,467.50,453.40,464.95,10475,104850
20220505,10:12,462.35,464.50,457.65,457.65,8125,104850
20220505,10:13,456.05,464.75,456.05,461.25,7500,104850
20220505,10:14,460.00,480.00,460.00,476.30,17775,111225
20220505,10:15,479.75,491.80,478.00,491.80,16725,111225
20220505,10:16,492.40,503.20,492.40,500.25,20900,111225
20220505,10:17,502.65,509.25,495.60,509.25,12500,109925
20220505,10:18,509.65,514.20,498.95,505.60,14600,109925
20220505,10:19,507.35,514.25,505.00,509.25,8900,109925
20220505,10:20,507.95,507.95,489.05,495.00,11900,112875
20220505,10:21,492.00,495.00,477.20,477.20,10550,112875
20220505,10:22,479.00,479.00,466.05,472.95,8000,112875
20220505,10:23,470.95,475.85,469.05,475.85,7900,119675
20220505,10:24,479.95,479.95,471.55,473.30,7050,119675
20220505,10:25,472.25,483.45,472.25,479.10,8900,119675
20220505,10:26,481.35,483.05,479.20,481.75,3175,124175
20220505,10:27,480.10,482.00,477.65,480.50,6400,124175
20220505,10:28,478.00,478.55,475.00,477.20,5425,124175
20220505,10:29,477.65,492.50,472.25,492.50,10450,131825
20220505,10:30,494.70,497.35,486.75,488.15,21775,131825
20220505,10:31,486.55,488.00,472.70,475.90,7500,131825
20220505,10:32,473.80,488.45,472.20,484.25,6000,134275
20220505,10:33,485.35,489.95,482.00,483.65,5250,134275
20220505,10:34,483.00,485.35,480.00,483.00,4900,134275
20220505,10:35,485.00,485.00,478.10,478.10,4525,140600
20220505,10:36,478.55,480.40,475.60,478.30,3775,140600
20220505,10:37,477.00,477.00,459.60,459.60,10875,140600
20220505,10:38,460.00,472.35,460.00,472.35,9200,140250
20220505,10:39,471.55,479.95,471.55,476.45,5750,140250
20220505,10:40,476.45,479.35,473.05,474.15,5550,140250
20220505,10:41,475.55,485.00,475.55,478.55,8500,145175
20220505,10:42,480.00,483.00,479.40,479.40,3000,145175
20220505,10:43,481.15,482.50,473.00,477.20,3650,145175
20220505,10:44,478.40,479.40,475.80,477.85,3125,149775
20220505,10:45,475.05,485.50,474.25,474.75,5500,149775
20220505,10:46,474.95,476.80,468.00,469.30,6025,149775
20220505,10:47,467.60,476.20,467.60,469.90,5875,150700
20220505,10:48,471.05,478.90,469.60,477.75,6650,150700
20220505,10:49,479.00,480.00,476.00,479.00,4075,150700
20220505,10:50,478.60,478.60,471.50,472.00,3375,153025
20220505,10:51,471.10,474.25,470.00,474.25,2125,153025
20220505,10:52,475.85,486.65,474.00,485.00,9550,153025
20220505,10:53,485.60,505.65,485.60,498.25,31600,147825
20220505,10:54,503.25,503.25,490.10,492.90,11525,147825
20220505,10:55,493.45,500.00,488.50,500.00,5175,147825
20220505,10:56,500.35,500.35,495.00,495.00,5775,149225
20220505,10:57,494.60,496.90,488.25,493.55,4125,149225
20220505,10:58,492.40,495.00,491.90,492.30,2075,149225
20220505,10:59,492.35,493.70,484.00,486.60,9500,152000
20220505,11:00,487.65,495.00,487.05,492.00,4300,152000
20220505,11:01,491.00,500.05,491.00,498.00,6675,152000
20220505,11:02,500.10,505.00,500.00,505.00,8825,152950
20220505,11:03,503.85,517.00,502.00,512.70,19800,152950
20220505,11:04,514.10,518.55,510.00,515.00,11400,152950
20220505,11:05,514.55,524.05,514.10,522.75,12700,146450
20220505,11:06,522.30,529.00,520.65,523.10,10900,146450
20220505,11:07,518.65,528.60,518.65,523.85,8550,146450
20220505,11:08,526.00,526.95,522.00,522.00,2625,147075
20220505,11:09,519.00,522.15,516.65,518.35,5125,147075
20220505,11:10,518.80,523.00,517.95,521.25,3850,147075
20220505,11:11,524.00,527.00,522.75,524.50,4575,145375
20220505,11:12,524.30,524.70,515.60,515.60,4150,145375
20220505,11:13,520.00,529.00,516.90,529.00,5350,145375
20220505,11:14,529.00,529.20,516.00,516.30,4350,144375
20220505,11:15,519.45,519.45,500.00,505.45,10900,144375
20220505,11:16,503.80,504.05,493.00,493.55,5825,144375
20220505,11:17,493.00,499.85,485.35,495.95,6550,139825
20220505,11:18,495.40,496.15,483.05,489.15,7225,139825
20220505,11:19,492.00,492.00,477.75,482.40,8525,139825
20220505,11:20,480.20,486.50,479.60,480.25,7175,146500
20220505,11:21,481.85,484.80,477.20,479.65,4625,146500
20220505,11:22,482.05,489.00,482.00,485.95,10175,146500
20220505,11:23,485.15,487.65,480.25,481.70,4725,152550
20220505,11:24,482.15,491.30,482.15,490.00,5100,152550
20220505,11:25,489.90,498.95,489.90,496.70,7625,152550
20220505,11:26,497.95,497.95,490.00,491.60,3525,156775
20220505,11:27,493.60,493.60,483.65,484.45,4875,156775
20220505,11:28,483.00,483.00,467.00,477.00,9225,156775
20220505,11:29,477.05,480.80,471.30,477.95,5475,156175
20220505,11:30,482.40,484.20,475.05,475.05,5450,156175
20220505,11:31,476.45,476.70,459.35,463.15,8550,156175
20220505,11:32,462.60,474.60,462.60,470.25,6225,159550
20220505,11:33,471.80,474.65,466.70,473.90,3825,159550
20220505,11:34,472.65,473.50,467.00,467.00,3275,159550
20220505,11:35,467.50,467.50,444.85,445.00,16825,161925
20220505,11:36,446.80,454.30,442.15,444.30,8925,161925
20220505,11:37,444.00,445.35,433.40,443.30,16300,161925
20220505,11:38,443.70,445.40,439.05,442.35,7075,165300
20220505,11:39,443.60,445.00,440.25,442.00,5200,165300
20220505,11:40,443.50,449.30,436.80,449.30,9425,165300
20220505,11:41,447.30,458.85,447.30,455.75,14425,172175
20220505,11:42,457.00,459.35,452.00,456.20,4075,172175
20220505,11:43,459.00,460.60,450.90,450.90,4050,172175
20220505,11:44,450.05,450.05,433.00,443.40,10625,178475
20220505,11:45,444.95,444.95,434.55,440.40,5075,178475
20220505,11:46,444.65,457.90,444.65,457.90,7950,178475
20220505,11:47,458.45,458.65,450.40,453.60,2600,179250
20220505,11:48,449.50,452.85,448.55,451.40,2325,179250
20220505,11:49,451.65,459.25,451.65,452.10,5250,179250
20220505,11:50,455.95,455.95,450.50,453.05,3575,179250
20220505,11:51,450.25,450.55,440.20,446.65,5775,182850
20220505,11:52,447.85,453.50,447.85,452.05,3450,182850
20220505,11:53,454.65,454.65,450.20,451.25,4450,182850
20220505,11:54,454.30,454.30,448.00,448.00,2650,184800
20220505,11:55,449.40,449.55,439.35,440.00,4300,184800
20220505,11:56,438.70,449.00,432.45,432.45,3525,184800
20220505,11:57,433.10,433.10,416.90,416.90,16025,186925
20220505,11:58,414.45,416.20,400.00,411.70,18850,186925
20220505,11:59,413.45,413.45,403.00,403.45,10775,186925
20220505,12:00,405.85,411.95,402.00,408.40,5175,190175
20220505,12:01,405.50,405.50,393.60,399.50,13250,190175
20220505,12:02,400.00,414.15,400.00,413.40,8950,190175
20220505,12:03,412.35,413.35,403.60,407.75,9850,191250
20220505,12:04,411.00,413.60,408.40,410.00,5125,191250
20220505,12:05,412.90,416.00,412.25,415.85,2350,191250
20220505,12:06,415.70,422.40,415.00,418.60,10025,196800
20220505,12:07,419.25,424.75,419.05,424.75,4575,196800
20220505,12:08,425.00,429.10,421.00,422.50,5475,196800
20220505,12:09,423.15,424.05,415.00,415.00,4350,190950
20220505,12:10,414.10,414.25,403.80,408.80,5950,190950
20220505,12:11,407.85,413.20,407.85,412.20,2525,190950
20220505,12:12,413.60,416.00,408.15,413.85,4475,192425
20220505,12:13,413.95,419.35,413.95,417.40,2900,192425
20220505,12:14,419.85,422.20,414.10,414.10,6425,192425
20220505,12:15,414.70,417.90,408.00,412.45,4950,198075
20220505,12:16,412.25,417.85,412.25,415.00,2175,198075
20220505,12:17,414.00,422.05,414.00,418.00,5000,198075
20220505,12:18,418.90,424.95,418.90,422.90,3350,194525
20220505,12:19,423.65,423.80,418.10,423.00,2675,194525
20220505,12:20,423.00,424.70,416.70,418.60,4250,194525
20220505,12:21,420.30,421.50,416.60,417.20,1175,196200
20220505,12:22,417.40,423.35,416.00,422.75,875,196200
20220505,12:23,426.20,428.00,423.90,425.95,7225,196200
20220505,12:24,427.00,427.00,423.25,424.70,4300,195800
20220505,12:25,427.00,436.95,424.20,436.95,5575,195800
20220505,12:26,435.75,444.20,435.75,439.00,13775,195800
20220505,12:27,439.00,441.15,430.45,431.25,7325,195625
20220505,12:28,429.35,432.85,420.05,423.30,5950,195625
20220505,12:29,422.80,428.40,421.00,428.40,3125,195625
20220505,12:30,431.80,436.05,427.95,431.70,9325,198200
20220505,12:31,430.00,434.95,422.00,434.95,5125,198200
20220505,12:32,435.90,440.85,434.60,440.00,8525,198200
20220505,12:33,442.00,443.00,437.60,442.00,8275,201925
20220505,12:34,443.00,464.00,442.90,463.75,20825,201925
20220505,12:35,468.70,469.85,452.95,454.05,17475,201925
20220505,12:36,454.75,456.10,445.60,456.10,10050,196450
20220505,12:37,457.90,459.80,453.90,453.90,12675,196450
20220505,12:38,455.15,457.35,453.00,454.85,5250,196450
20220505,12:39,453.80,461.70,453.80,461.70,8800,203975
20220505,12:40,460.90,464.40,451.60,456.20,12475,203975
20220505,12:41,457.55,457.55,444.00,445.05,12000,203975
20220505,12:42,446.90,452.45,446.35,450.40,5900,207975
20220505,12:43,449.70,449.70,433.40,438.65,11825,207975
20220505,12:44,436.10,440.10,430.00,430.05,10300,207975
20220505,12:45,430.05,433.70,424.90,426.60,9050,217075
20220505,12:46,428.50,433.55,417.10,417.10,7275,217075
20220505,12:47,414.10,426.80,412.00,426.10,6125,217075
20220505,12:48,424.05,431.00,424.05,428.80,3300,217975
20220505,12:49,426.90,431.80,426.90,430.95,4350,217975
20220505,12:50,433.00,452.00,433.00,445.00,16925,217975
20220505,12:51,446.90,450.75,443.15,447.05,5400,223150
20220505,12:52,445.65,447.25,440.00,446.20,8975,223150
20220505,12:53,442.80,445.00,438.50,441.60,3075,223150
20220505,12:54,441.15,443.00,434.35,436.65,6125,229250
20220505,12:55,436.70,438.60,427.10,429.05,5025,229250
20220505,12:56,429.65,429.65,418.95,420.30,8150,229250
20220505,12:57,420.00,430.30,419.25,425.85,8375,230375
20220505,12:58,426.85,435.50,426.85,434.70,4725,230375
20220505,12:59,435.00,435.00,417.80,418.15,6650,230375
20220505,13:00,420.00,425.35,416.90,416.90,8975,234250
20220505,13:01,424.30,425.70,418.15,418.15,3650,234250
20220505,13:02,420.25,424.65,414.85,416.05,5300,234250
20220505,13:03,415.25,418.90,403.10,410.45,9200,231075
20220505,13:04,410.00,415.50,404.05,407.20,5775,231075
20220505,13:05,408.00,409.45,401.15,405.95,3275,231075
20220505,13:06,406.35,412.00,405.00,411.85,5350,236250
20220505,13:07,411.45,417.20,411.25,415.00,5200,236250
20220505,13:08,418.65,418.65,400.00,400.00,6350,236250
20220505,13:09,397.35,397.35,375.05,375.05,21800,240800
20220505,13:10,377.20,386.25,370.00,385.10,11475,240800
20220505,13:11,386.10,388.20,378.85,379.25,6575,240800
20220505,13:12,378.95,378.95,354.40,359.10,11600,246600
20220505,13:13,357.45,367.20,356.35,365.10,13075,246600
20220505,13:14,366.95,373.75,365.50,365.50,11800,246600
20220505,13:15,365.00,365.00,345.85,351.55,24875,245475
20220505,13:16,353.75,354.85,335.00,345.70,13900,245475
20220505,13:17,346.95,365.80,346.85,365.80,12300,245475
20220505,13:18,362.75,377.05,362.75,372.00,13350,239925
20220505,13:19,370.15,374.35,365.00,370.90,8425,239925
20220505,13:20,371.45,371.45,360.45,362.75,10150,239925
20220505,13:21,362.70,378.80,362.70,378.80,11725,242525
20220505,13:22,376.60,379.95,368.55,372.00,9400,242525
20220505,13:23,372.00,377.80,369.70,371.65,5600,242525
20220505,13:24,371.90,376.00,370.00,370.45,4600,245725
20220505,13:25,373.30,375.95,370.25,373.70,4375,245725
20220505,13:26,373.35,375.80,370.00,374.00,9225,245725
20220505,13:27,372.80,375.00,372.25,375.00,3725,246625
20220505,13:28,376.00,379.70,375.90,377.60,5350,246625
20220505,13:29,375.00,380.95,375.00,376.20,4900,246625
20220505,13:30,377.00,377.30,359.95,363.90,7175,246175
20220505,13:31,366.15,390.40,365.55,387.90,15450,246175
20220505,13:32,385.05,389.65,380.00,381.25,7525,246175
20220505,13:33,378.60,378.60,349.10,356.75,15675,252475
20220505,13:34,352.55,362.80,349.00,349.00,7150,252475
20220505,13:35,350.30,356.75,345.00,345.00,8975,252475
20220505,13:36,342.95,353.30,342.35,344.75,5175,252675
20220505,13:37,347.25,353.00,346.10,352.90,2900,252675
20220505,13:38,350.55,353.00,343.20,343.20,5100,252675
20220505,13:39,343.65,345.95,331.05,331.05,11175,254825
20220505,13:40,332.85,332.85,320.00,330.60,15275,254825
20220505,13:41,330.00,336.70,327.00,327.00,9950,254825
20220505,13:42,327.00,329.30,323.40,326.20,8325,255375
20220505,13:43,329.00,329.00,307.50,307.50,10600,255375
20220505,13:44,307.50,313.30,292.20,292.20,18625,255375
20220505,13:45,294.80,305.90,290.20,305.80,17700,254975
20220505,13:46,306.80,317.80,304.30,317.80,11250,254975
20220505,13:47,315.35,315.35,305.00,305.25,8800,254975
20220505,13:48,305.00,312.55,303.65,306.50,6950,257375
20220505,13:49,307.40,315.00,306.60,310.65,2550,257375
20220505,13:50,311.80,320.00,311.80,319.95,6100,257375
20220505,13:51,317.60,323.65,317.60,320.40,9875,261300
20220505,13:52,319.85,323.85,316.10,316.10,7200,261300
20220505,13:53,317.00,317.25,305.00,305.50,8375,261300
20220505,13:54,303.10,308.75,298.30,306.65,9225,265125
20220505,13:55,304.00,312.75,302.35,304.30,5600,265125
20220505,13:56,302.50,302.50,288.00,299.65,20275,265125
20220505,13:57,301.10,307.90,291.50,295.65,14000,270200
20220505,13:58,295.75,295.75,288.40,288.40,13275,270200
20220505,13:59,287.10,287.45,280.05,286.35,12850,270200
20220505,14:00,284.20,285.55,275.65,277.00,22325,260875
20220505,14:01,275.40,277.20,265.85,265.85,22700,260875
20220505,14:02,264.85,271.70,257.75,257.75,13875,260875
20220505,14:03,257.10,258.65,245.20,248.30,19050,260925
20220505,14:04,245.50,259.50,244.95,251.85,12325,260925
20220505,14:05,253.30,258.65,251.60,254.90,6525,260925
20220505,14:06,254.15,268.80,254.15,263.85,9950,260625
20220505,14:07,264.45,264.45,250.30,253.40,8150,260625
20220505,14:08,254.05,260.00,253.10,254.55,4675,260625
20220505,14:09,256.25,256.25,237.50,237.50,11275,263175
20220505,14:10,235.45,243.90,235.30,239.05,20525,263175
20220505,14:11,240.10,240.70,230.60,238.65,6900,263175
20220505,14:12,238.05,248.65,236.50,247.30,8750,257600
20220505,14:13,248.10,254.80,245.50,253.95,5275,257600
20220505,14:14,254.80,255.60,249.35,253.30,4750,257600
20220505,14:15,252.00,254.45,238.05,238.05,4725,259275
20220505,14:16,238.80,251.30,236.75,251.30,7075,259275
20220505,14:17,250.60,250.95,244.25,246.65,2750,259275
20220505,14:18,244.00,250.00,236.70,236.90,5375,259600
20220505,14:19,236.20,249.00,235.50,244.15,13025,259600
20220505,14:20,242.55,247.15,241.70,243.10,5575,259600
20220505,14:21,242.80,243.70,236.80,236.95,4900,264525
20220505,14:22,235.85,236.75,216.70,216.70,10725,264525
20220505,14:23,221.65,222.20,213.60,214.80,12150,264525
20220505,14:24,212.70,235.85,212.65,235.85,8475,265900
20220505,14:25,232.45,244.10,229.80,240.15,5125,265900
20220505,14:26,242.25,251.75,242.25,248.15,8025,265900
20220505,14:27,249.70,259.40,246.90,256.60,11500,265600
20220505,14:28,256.90,261.20,253.20,256.50,11050,265600
20220505,14:29,257.70,263.10,255.00,255.00,6225,265600
20220505,14:30,257.95,263.80,255.00,258.00,3750,262875
20220505,14:31,257.65,257.65,239.80,244.65,7025,262875
20220505,14:32,244.35,250.00,242.15,247.00,3275,262875
20220505,14:33,245.00,245.00,230.50,230.50,15050,266900
20220505,14:34,230.40,235.00,228.45,235.00,8850,266900
20220505,14:35,234.00,243.65,234.00,237.90,8925,266900
20220505,14:36,238.85,240.95,232.45,238.00,7400,271125
20220505,14:37,237.75,238.50,231.35,232.20,12925,271125
20220505,14:38,231.25,231.25,225.55,225.55,8575,271125
20220505,14:39,226.70,230.00,225.55,226.35,8250,268650
20220505,14:40,226.45,239.00,226.45,236.10,8350,268650
20220505,14:41,236.90,241.75,235.55,239.90,5350,268650
20220505,14:42,238.60,238.60,230.00,231.30,7800,267475
20220505,14:43,232.70,237.25,232.50,232.50,7900,267475
20220505,14:44,232.00,232.25,226.40,226.55,5275,267475
20220505,14:45,227.20,227.20,213.55,223.95,7900,271125
20220505,14:46,225.40,239.25,225.30,238.85,11775,271125
20220505,14:47,241.00,258.00,241.00,256.20,17625,271125
20220505,14:48,255.05,259.05,244.20,247.00,11000,269525
20220505,14:49,248.85,248.95,229.95,238.75,14050,269525
20220505,14:50,240.15,245.25,233.05,236.75,4900,269525
20220505,14:51,239.55,244.20,239.55,241.60,3900,269525
20220505,14:52,241.75,251.70,241.75,249.00,6850,269525
20220505,14:53,246.65,252.45,240.00,240.00,4100,269525
20220505,14:54,242.10,246.25,241.40,241.40,4300,270825
20220505,14:55,241.50,248.75,241.50,245.05,6375,270825
20220505,14:56,243.95,246.35,242.75,242.95,2350,270825
20220505,14:57,243.60,248.95,243.35,243.35,3475,272000
20220505,14:58,246.20,248.90,245.00,248.90,3300,272000
20220505,14:59,248.25,248.65,234.00,234.00,5750,272000
20220505,15:00,239.95,243.90,220.00,220.00,13675,273900
20220505,15:01,219.05,232.50,217.05,227.00,14625,273900
20220505,15:02,223.80,235.00,222.30,230.85,6850,273900
20220505,15:03,229.00,233.75,224.60,225.05,3375,277650
20220505,15:04,224.40,224.40,217.75,221.35,6400,277650
20220505,15:05,219.95,221.60,215.55,216.15,6075,277650
20220505,15:06,215.20,217.70,208.25,208.25,12550,277450
20220505,15:07,209.50,211.00,207.15,208.00,13425,277450
20220505,15:08,209.00,221.80,206.00,221.80,12425,277450
20220505,15:09,224.15,229.20,213.50,215.80,15575,277450
20220505,15:10,212.95,221.20,212.00,213.20,7900,277450
20220505,15:11,213.40,214.75,209.35,209.35,7675,277450
20220505,15:12,209.75,210.90,208.75,210.55,5600,279050
20220505,15:13,210.90,219.35,210.20,213.90,7400,279050
20220505,15:14,213.05,218.10,212.25,217.80,10950,279050
20220505,15:15,216.60,218.25,209.95,214.50,12575,274800
20220505,15:16,215.00,232.40,214.60,228.95,13075,274800
20220505,15:17,228.55,228.55,217.25,219.15,6275,274800
20220505,15:18,218.60,218.90,210.40,212.70,12850,274875
20220505,15:19,212.80,214.10,210.10,210.15,12425,274875
20220505,15:20,210.15,210.70,202.80,202.80,17225,274875
20220505,15:21,201.35,205.15,196.15,196.50,20225,279625
20220505,15:22,196.75,196.95,184.05,187.00,27750,279625
20220505,15:23,186.85,190.40,182.50,183.45,38675,279625
20220505,15:24,184.65,184.65,175.00,176.60,25250,282900
20220505,15:25,176.50,176.50,172.05,175.00,24925,282900
20220505,15:26,175.50,177.55,175.05,175.05,21375,282900
20220505,15:27,175.35,176.70,174.40,176.70,27150,293200
20220505,15:28,175.75,177.30,175.35,176.00,30650,293200
20220505,15:29,175.90,177.40,175.10,175.10,18575,293200
20220505,15:30,171.40,171.40,171.40,171.40,675,293200
20220506,09:15,121.75,121.75,68.25,104.95,107452,289800
20220506,09:16,105.75,110.10,90.10,92.95,91950,289800
20220506,09:17,92.00,92.05,87.55,88.70,100900,306850
20220506,09:18,88.55,95.25,86.65,94.10,72275,306850
20220506,09:19,92.10,94.80,90.15,90.15,63425,306850
20220506,09:20,90.35,91.60,86.10,86.10,77225,346500
20220506,09:21,88.20,92.85,86.10,90.45,82500,346500
20220506,09:22,91.45,93.60,89.85,91.00,70400,346500
20220506,09:23,90.45,93.70,88.75,91.20,60350,365175
20220506,09:24,90.70,94.05,89.95,90.45,53725,365175
20220506,09:25,89.60,89.60,86.35,86.90,71975,365175
20220506,09:26,86.85,89.35,86.35,87.60,37300,376850
20220506,09:27,87.45,87.95,85.40,85.40,32875,376850
20220506,09:28,85.75,87.70,84.25,86.00,32675,376850
20220506,09:29,85.75,86.70,83.45,86.70,32225,375350
20220506,09:30,86.10,91.85,86.10,88.20,56375,375350
20220506,09:31,88.65,88.65,83.70,84.35,40975,375350
20220506,09:32,85.00,87.70,83.80,87.45,42750,380050
20220506,09:33,87.85,89.70,86.30,88.40,36350,380050
20220506,09:34,89.00,91.90,88.55,90.50,44850,380050
20220506,09:35,90.20,93.80,89.95,90.80,59300,385600
20220506,09:36,90.15,90.75,88.15,89.20,26750,385600
20220506,09:37,89.15,90.50,88.15,88.40,21300,385600
20220506,09:38,88.00,88.95,85.70,88.55,27625,401550
20220506,09:39,88.40,90.95,86.00,86.00,28950,401550
20220506,09:40,86.10,86.80,83.20,86.75,44250,401550
20220506,09:41,87.30,90.70,86.65,89.15,36925,401750
20220506,09:42,89.55,90.30,87.75,89.65,34925,401750
20220506,09:43,89.50,90.65,87.80,88.50,29625,401750
20220506,09:44,88.80,90.65,87.45,89.20,37250,410475
20220506,09:45,89.60,89.60,86.00,86.00,26100,410475
20220506,09:46,85.55,86.85,84.20,86.85,25075,410475
20220506,09:47,85.70,90.60,85.10,88.45,42650,418575
20220506,09:48,88.65,88.65,81.80,84.15,44150,418575
20220506,09:49,83.40,84.00,81.40,81.40,32525,418575
20220506,09:50,80.40,83.30,80.25,82.95,55725,424475
20220506,09:51,82.30,85.35,82.25,84.75,45575,424475
20220506,09:52,84.30,85.20,83.00,85.20,15875,424475
20220506,09:53,85.00,86.60,83.65,86.15,25825,416600
20220506,09:54,86.20,87.30,84.60,86.05,30600,416600
20220506,09:55,85.00,85.70,83.45,84.15,28550,416600
20220506,09:56,84.45,87.65,84.10,87.45,14825,429125
20220506,09:57,87.55,87.55,85.00,85.20,17275,429125
20220506,09:58,84.90,84.90,81.85,83.55,30850,429125
20220506,09:59,83.80,85.50,83.25,83.75,9550,434700
20220506,10:00,83.70,84.20,81.00,81.55,31625,434700
20220506,10:01,81.40,81.70,79.60,80.50,67825,434700
20220506,10:02,80.30,80.50,77.90,79.10,61550,449050
20220506,10:03,79.25,79.25,78.30,78.65,27400,449050
20220506,10:04,78.80,78.80,76.50,77.15,46200,449050
20220506,10:05,76.70,80.05,76.70,79.45,32850,448200
20220506,10:06,79.55,79.90,76.65,79.90,27275,448200
20220506,10:07,80.20,82.25,79.60,81.05,26875,448200
20220506,10:08,81.15,81.45,78.85,79.20,26375,449500
20220506,10:09,78.85,79.75,77.30,77.85,31475,449500
20220506,10:10,78.20,79.00,77.25,78.40,20225,449500
20220506,10:11,78.80,80.05,78.40,79.90,19175,455850
20220506,10:12,79.75,79.75,77.90,77.90,17125,455850
20220506,10:13,77.95,78.00,76.10,76.50,18000,455850
20220506,10:14,76.55,77.00,74.10,74.30,19925,459025
20220506,10:15,74.40,74.65,70.70,70.70,38525,459025
20220506,10:16,70.95,71.60,68.60,68.70,39350,459025
20220506,10:17,68.80,71.65,68.40,70.65,15625,463300
20220506,10:18,70.40,70.50,68.40,68.60,17500,463300
20220506,10:19,68.75,70.85,68.40,70.45,13400,463300
20220506,10:20,70.10,73.25,70.10,72.85,20675,464350
20220506,10:21,72.70,73.05,71.30,71.75,13525,464350
20220506,10:22,71.90,72.40,71.00,71.60,10700,464350
20220506,10:23,71.90,71.90,69.15,70.15,14925,470925
20220506,10:24,70.00,70.70,69.35,69.35,14850,470925
20220506,10:25,69.55,71.85,68.85,71.85,20900,470925
20220506,10:26,71.95,73.20,71.55,72.00,19225,473775
20220506,10:27,72.00,73.50,71.00,73.40,17000,473775
20220506,10:28,73.15,74.20,72.00,72.00,19250,473775
20220506,10:29,72.00,72.50,70.15,71.70,19500,476000
20220506,10:30,71.35,74.00,70.70,74.00,17050,476000
20220506,10:31,73.40,74.35,72.00,74.10,12150,476000
20220506,10:32,74.25,74.55,71.70,71.70,12275,479500
20220506,10:33,71.65,73.30,71.40,72.60,16175,479500
20220506,10:34,72.65,74.80,72.55,74.45,11550,479500
20220506,10:35,74.10,76.10,73.55,76.05,19550,481650
20220506,10:36,75.95,76.70,72.25,73.50,23925,481650
20220506,10:37,73.60,74.70,72.30,72.80,11625,481650
20220506,10:38,73.10,74.30,72.75,73.45,8175,482725
20220506,10:39,73.05,73.05,70.95,72.35,10950,482725
20220506,10:40,72.50,72.50,69.75,70.60,20050,482725
20220506,10:41,70.35,72.65,70.05,71.65,14850,486725
20220506,10:42,71.55,72.45,70.80,71.45,5075,486725
20220506,10:43,71.65,75.15,70.55,74.80,48025,486725
20220506,10:44,75.45,77.50,73.15,73.45,30350,483200
20220506,10:45,73.50,75.55,73.50,74.60,21825,483200
20220506,10:46,75.00,75.00,71.85,73.50,26850,483200
20220506,10:47,73.60,74.60,72.35,74.25,14250,487075
20220506,10:48,74.40,75.00,73.90,74.30,13350,487075
20220506,10:49,74.15,74.85,73.95,74.50,6275,487075
20220506,10:50,74.40,75.80,73.10,74.95,18325,486525
20220506,10:51,75.20,75.75,74.10,75.15,19725,486525
20220506,10:52,75.00,76.50,74.95,76.00,15850,486525
20220506,10:53,75.85,76.30,74.75,75.15,6850,490825
20220506,10:54,75.40,76.10,74.65,75.35,10650,490825
20220506,10:55,75.50,75.50,73.35,74.50,17275,490825
20220506,10:56,74.90,75.05,72.45,75.05,15125,493100
20220506,10:57,74.70,77.60,73.90,77.60,11825,493100
20220506,10:58,77.45,79.25,76.25,78.60,25550,493100
20220506,10:59,78.80,79.05,77.55,77.90,11300,497775
20220506,11:00,77.75,78.20,75.30,75.85,24950,497775
20220506,11:01,75.60,77.75,75.60,76.95,15350,497775
20220506,11:02,77.25,77.95,76.60,77.70,10750,500375
20220506,11:03,77.05,77.05,72.20,73.65,25350,500375
20220506,11:04,73.55,74.95,72.90,74.10,21275,500375
20220506,11:05,74.10,74.20,72.70,73.00,13350,501700
20220506,11:06,73.20,74.55,72.05,74.10,26825,501700
20220506,11:07,73.50,74.60,72.90,74.55,11025,501700
20220506,11:08,74.80,75.10,73.70,73.90,5875,497150
20220506,11:09,73.80,76.05,73.75,75.60,11800,497150
20220506,11:10,75.80,78.40,75.60,77.55,27700,497150
20220506,11:11,77.40,77.40,74.90,76.80,36725,496150
20220506,11:12,77.05,77.15,74.15,75.00,17800,496150
20220506,11:13,74.85,76.30,74.75,75.90,14350,496150
20220506,11:14,75.50,75.95,74.40,74.70,14375,503800
20220506,11:15,73.80,75.90,73.20,74.10,22925,503800
20220506,11:16,74.05,74.25,72.90,74.00,26725,503800
20220506,11:17,73.60,75.10,72.90,74.65,24050,509800
20220506,11:18,74.05,76.15,73.40,76.15,16675,509800
20220506,11:19,75.85,76.80,74.65,74.80,24700,509800
20220506,11:20,74.70,77.25,74.60,76.00,19550,508375
20220506,11:21,75.50,76.95,75.25,76.40,16375,508375
20220506,11:22,76.55,77.40,75.75,76.50,22275,508375
20220506,11:23,76.35,76.50,74.70,75.80,14500,508725
20220506,11:24,75.05,76.80,74.90,76.10,15100,508725
20220506,11:25,75.65,76.05,75.05,75.30,12575,508725
20220506,11:26,75.55,76.00,73.80,75.80,22300,511700
20220506,11:27,75.65,76.00,74.00,74.45,20075,511700
20220506,11:28,74.20,74.85,73.55,74.35,19800,511700
20220506,11:29,74.20,75.60,73.85,75.05,21625,510175
20220506,11:30,75.35,75.35,74.00,74.80,12975,510175
20220506,11:31,74.75,75.10,73.00,73.85,10100,510175
20220506,11:32,74.15,77.45,74.15,77.45,16850,514150
20220506,11:33,77.10,83.10,76.70,83.10,41125,514150
20220506,11:34,83.20,85.00,81.40,84.75,51050,514150
20220506,11:35,84.30,84.70,81.35,84.70,38250,512875
20220506,11:36,84.80,87.30,84.80,87.00,38625,512875
20220506,11:37,87.50,89.50,84.85,84.85,42750,512875
20220506,11:38,84.75,85.05,82.40,84.75,22100,512550
20220506,11:39,84.50,87.85,84.50,86.40,21700,512550
20220506,11:40,86.05,87.10,84.30,86.80,25725,512550
20220506,11:41,87.10,92.80,87.10,90.35,60150,520100
20220506,11:42,90.70,90.70,87.35,88.10,30175,520100
20220506,11:43,88.15,88.60,86.20,86.95,16125,520100
20220506,11:44,87.35,90.85,87.10,89.00,27150,518275
20220506,11:45,89.35,90.55,84.70,84.90,31550,518275
20220506,11:46,84.90,88.20,84.05,84.05,28525,518275
20220506,11:47,84.10,86.55,84.00,85.95,28550,522400
20220506,11:48,85.75,85.95,83.25,84.45,15550,522400
20220506,11:49,83.35,83.90,80.75,82.10,26225,522400
20220506,11:50,81.75,85.40,80.60,85.20,19150,526250
20220506,11:51,85.30,86.00,83.25,84.70,15950,526250
20220506,11:52,85.00,85.10,82.25,83.30,14800,526250
20220506,11:53,83.50,84.05,82.50,83.85,11775,527475
20220506,11:54,83.90,83.90,81.60,82.70,18125,527475
20220506,11:55,83.10,84.60,80.25,84.30,30100,527475
20220506,11:56,84.25,84.70,81.35,81.75,11075,531950
20220506,11:57,81.35,83.75,80.95,83.40,20900,531950
20220506,11:58,83.55,84.20,82.45,83.45,13650,531950
20220506,11:59,83.00,83.40,81.55,82.30,13250,533575
20220506,12:00,82.40,85.85,82.00,85.70,22425,533575
20220506,12:01,85.15,85.75,84.15,84.75,14250,533575
20220506,12:02,84.80,86.00,83.70,86.00,16350,534900
20220506,12:03,86.05,87.25,84.25,85.80,19350,534900
20220506,12:04,85.60,86.30,84.15,84.60,19650,534900
20220506,12:05,84.60,85.90,84.00,85.80,16875,536875
20220506,12:06,85.45,86.55,84.55,85.60,13925,536875
20220506,12:07,86.25,87.75,85.35,87.50,19925,536875
20220506,12:08,87.20,87.55,85.50,86.45,27325,552700
20220506,12:09,86.25,86.60,84.90,86.15,19350,552700
20220506,12:10,86.10,86.30,84.25,84.85,10450,552700
20220506,12:11,84.65,84.65,81.65,82.50,18275,555925
20220506,12:12,81.90,83.50,80.60,83.00,18725,555925
20220506,12:13,82.70,84.80,82.55,84.45,8775,555925
20220506,12:14,84.85,87.50,84.35,87.50,22175,555375
20220506,12:15,87.40,89.65,86.25,86.70,22800,555375
20220506,12:16,86.25,86.90,83.20,83.55,20825,555375
20220506,12:17,83.80,84.85,83.20,83.35,13375,552600
20220506,12:18,83.40,84.35,81.85,82.55,14850,552600
20220506,12:19,82.40,83.40,81.20,81.20,12975,552600
20220506,12:20,80.30,80.80,71.45,74.30,68800,554025
20220506,12:21,74.55,80.75,72.85,80.75,54475,554025
20220506,12:22,80.40,80.40,78.00,79.10,14675,554025
20220506,12:23,79.00,80.30,78.75,79.05,18750,552575
20220506,12:24,79.00,81.45,78.05,80.00,18600,552575
20220506,12:25,78.75,81.00,78.75,79.50,15100,552575
20220506,12:26,79.85,80.65,77.60,77.85,14400,553800
20220506,12:27,77.40,78.40,75.80,77.35,15250,553800
20220506,12:28,78.25,78.35,76.25,77.60,17975,553800
20220506,12:29,77.70,78.05,74.10,74.10,29925,565225
20220506,12:30,74.80,75.00,71.70,75.00,31150,565225
20220506,12:31,74.95,75.60,72.55,73.00,36400,565225
20220506,12:32,74.00,74.20,72.45,72.55,19800,563425
20220506,12:33,72.45,75.05,72.45,73.15,29950,563425
20220506,12:34,72.95,74.80,72.95,73.70,30625,563425
20220506,12:35,73.70,73.90,71.00,73.90,32375,555975
20220506,12:36,73.50,74.40,72.60,73.40,23025,555975
20220506,12:37,73.20,76.45,72.45,76.45,20275,555975
20220506,12:38,75.90,76.50,73.35,73.40,25450,557125
20220506,12:39,73.75,74.00,72.00,72.20,13250,557125
20220506,12:40,72.30,72.30,70.35,72.00,22450,557125
20220506,12:41,71.55,73.20,70.80,73.20,18300,562075
20220506,12:42,72.40,75.35,71.75,74.70,23875,562075
20220506,12:43,74.65,75.85,73.95,75.00,17900,562075
20220506,12:44,74.85,77.40,74.70,76.65,23125,560450
20220506,12:45,77.95,79.15,77.05,79.15,26575,560450
20220506,12:46,79.45,83.65,79.35,81.35,41875,560450
20220506,12:47,81.35,81.60,79.15,81.40,18575,558975
20220506,12:48,81.45,81.45,78.75,79.40,18450,558975
20220506,12:49,79.90,79.90,77.30,78.55,15600,558975
20220506,12:50,78.65,79.70,77.80,77.95,16500,561725
20220506,12:51,77.65,77.75,74.95,76.80,36450,561725
20220506,12:52,76.85,77.45,74.00,74.50,14025,561725
20220506,12:53,75.10,75.40,72.60,72.80,20825,561925
20220506,12:54,73.05,74.15,72.00,72.65,14925,561925
20220506,12:55,72.20,74.40,72.10,73.35,23825,561925
20220506,12:56,73.90,74.85,73.50,73.80,9525,567900
20220506,12:57,73.15,74.50,72.85,73.80,27925,567900
20220506,12:58,74.00,75.05,72.95,73.65,10525,567900
20220506,12:59,73.60,75.25,73.20,74.20,10900,570825
20220506,13:00,74.10,76.75,73.55,75.00,18975,570825
20220506,13:01,75.00,76.10,73.65,74.05,20950,570825
20220506,13:02,73.40,74.25,72.85,73.40,13650,579375
20220506,13:03,73.25,74.90,72.80,73.05,35050,579375
20220506,13:04,72.60,74.30,72.60,72.90,18425,579375
20220506,13:05,72.80,74.20,71.15,73.65,60675,602600
20220506,13:06,73.60,75.00,73.05,73.15,19625,602600
20220506,13:07,73.30,73.30,71.00,71.05,13200,602600
20220506,13:08,71.35,71.55,69.05,69.85,27775,607425
20220506,13:09,69.75,71.20,68.55,70.60,28350,607425
20220506,13:10,70.60,70.60,67.20,69.95,39575,607425
20220506,13:11,69.40,70.55,69.25,69.50,16900,611350
20220506,13:12,69.35,70.25,68.50,69.40,14475,611350
20220506,13:13,69.40,72.95,68.75,72.70,35300,611350
20220506,13:14,73.00,73.85,70.70,70.90,28375,608325
20220506,13:15,70.75,71.65,69.20,71.45,28550,608325
20220506,13:16,71.10,74.85,71.00,72.95,25450,608325
20220506,13:17,72.95,73.65,70.80,72.35,32450,608850
20220506,13:18,72.40,72.60,70.80,72.00,11300,608850
20220506,13:19,72.10,72.10,70.00,70.30,11850,608850
20220506,13:20,70.55,72.05,69.75,71.05,23550,612050
20220506,13:21,70.60,71.25,69.85,70.95,10525,612050
20220506,13:22,70.80,71.60,70.25,70.40,9675,612050
20220506,13:23,71.00,73.75,70.35,72.55,19900,614150
20220506,13:24,72.25,75.00,72.25,74.05,22025,614150
20220506,13:25,75.70,78.35,74.05,78.25,60500,614150
20220506,13:26,78.20,84.00,78.10,82.35,88500,598200
20220506,13:27,82.10,86.00,81.00,83.45,61850,598200
20220506,13:28,83.90,88.20,83.90,87.60,60650,598200
20220506,13:29,87.80,89.35,86.20,87.60,47425,580825
20220506,13:30,88.50,93.10,84.00,84.00,93725,580825
20220506,13:31,84.35,85.00,81.00,82.35,54800,580825
20220506,13:32,82.25,86.60,80.75,86.60,39725,559625
20220506,13:33,86.30,86.30,81.90,84.40,28575,559625
20220506,13:34,83.65,84.85,82.25,83.45,17775,559625
20220506,13:35,83.85,86.65,82.50,83.00,30100,557675
20220506,13:36,83.50,85.15,82.20,84.20,20100,557675
20220506,13:37,84.10,88.95,84.10,86.85,18825,557675
20220506,13:38,85.30,87.85,83.30,85.45,29725,553025
20220506,13:39,85.30,88.15,84.70,84.70,23500,553025
20220506,13:40,86.00,87.35,83.20,84.95,30050,553025
20220506,13:41,84.50,86.10,78.85,79.80,25050,552925
20220506,13:42,80.20,80.20,75.65,78.20,35550,552925
20220506,13:43,77.85,77.85,72.60,73.65,25675,552925
20220506,13:44,74.55,74.55,71.10,71.10,19975,546050
20220506,13:45,70.95,71.60,67.10,68.45,67050,546050
20220506,13:46,69.00,69.00,64.25,68.40,34300,546050
20220506,13:47,67.85,68.40,66.55,67.20,14325,560875
20220506,13:48,67.00,70.40,66.80,69.80,17250,560875
20220506,13:49,69.15,74.35,69.15,74.35,25350,560875
20220506,13:50,74.25,76.60,73.10,73.55,65000,548825
20220506,13:51,72.95,73.60,70.25,71.15,24600,548825
20220506,13:52,71.60,72.50,70.00,71.80,19350,548825
20220506,13:53,71.70,73.10,71.55,72.50,10675,550925
20220506,13:54,71.35,72.35,70.15,72.35,43375,550925
20220506,13:55,72.75,73.40,70.65,71.80,18600,550925
20220506,13:56,72.15,73.00,70.45,72.40,7750,571350
20220506,13:57,73.50,74.10,72.05,72.60,16800,571350
20220506,13:58,72.25,72.85,71.25,71.35,12125,571350
20220506,13:59,71.60,73.80,71.45,73.10,7075,571350
20220506,14:00,72.95,80.00,72.95,77.30,70325,570475
20220506,14:01,77.45,82.60,77.40,82.25,26600,570475
20220506,14:02,82.65,85.85,82.10,84.70,31850,570475
20220506,14:03,85.00,87.75,84.60,86.60,37875,550975
20220506,14:04,86.90,89.20,81.90,81.90,59150,550975
20220506,14:05,82.40,83.55,67.60,71.05,69650,550975
20220506,14:06,70.95,77.45,70.95,74.45,37825,555850
20220506,14:07,73.60,78.80,73.45,77.20,23150,555850
20220506,14:08,77.30,81.90,75.30,81.15,28000,555850
20220506,14:09,81.10,97.55,81.00,97.55,101800,543525
20220506,14:10,97.65,100.05,88.40,88.85,94800,543525
20220506,14:11,88.20,92.85,83.00,83.00,49000,543525
20220506,14:12,84.10,90.30,84.10,85.65,40125,545075
20220506,14:13,85.70,87.00,82.25,85.65,27650,545075
20220506,14:14,85.50,89.65,84.95,87.15,30225,545075
20220506,14:15,87.95,90.70,82.75,83.40,32975,535625
20220506,14:16,83.10,88.65,82.85,87.85,21000,535625
20220506,14:17,88.00,88.25,84.35,86.10,15975,535625
20220506,14:18,85.80,88.15,82.55,83.45,15775,535775
20220506,14:19,83.80,86.60,74.90,78.15,53675,535775
20220506,14:20,78.30,82.45,78.00,78.00,27625,535775
20220506,14:21,78.05,79.45,76.05,76.45,16725,539825
20220506,14:22,76.85,86.60,74.30,86.10,47475,539825
20220506,14:23,87.00,94.70,77.70,77.85,90950,539825
20220506,14:24,77.00,77.00,66.95,74.60,91500,533875
20220506,14:25,75.35,81.15,73.65,78.05,33225,533875
20220506,14:26,78.70,78.70,75.30,78.00,19350,533875
20220506,14:27,78.40,79.65,76.55,77.10,22825,524575
20220506,14:28,76.95,77.00,71.30,71.60,27875,524575
20220506,14:29,71.90,74.00,71.00,71.65,37350,524575
20220506,14:30,70.95,74.60,70.35,72.75,40550,534875
20220506,14:31,73.25,73.35,70.40,70.65,21800,534875
20220506,14:32,71.45,73.45,71.00,72.45,16600,534875
20220506,14:33,72.20,77.15,71.80,75.30,31675,533975
20220506,14:34,75.45,77.20,72.00,72.30,24300,533975
20220506,14:35,72.30,75.65,72.30,73.10,18925,533975
20220506,14:36,73.25,74.50,72.45,73.10,14000,534925
20220506,14:37,72.80,73.35,71.10,71.10,11875,534925
20220506,14:38,71.10,71.20,65.60,68.05,54600,534925
20220506,14:39,68.05,68.75,66.75,67.30,20600,528800
20220506,14:40,66.70,70.75,66.25,70.05,29350,528800
20220506,14:41,69.45,71.85,67.85,70.45,27200,528800
20220506,14:42,69.90,71.20,68.20,69.75,20050,528800
20220506,14:43,70.05,70.10,66.85,67.30,16275,528800
20220506,14:44,67.55,68.20,63.75,66.60,26475,528800
20220506,14:45,66.10,66.75,64.20,64.40,20900,529800
20220506,14:46,64.30,69.00,64.30,67.15,27000,529800
20220506,14:47,66.70,67.05,60.50,63.00,39575,529800
20220506,14:48,62.90,63.15,58.95,60.05,43300,530325
20220506,14:49,60.45,61.20,59.20,60.00,37175,530325
20220506,14:50,60.05,65.90,60.05,65.35,41400,530325
20220506,14:51,64.95,65.40,60.75,61.65,25125,535775
20220506,14:52,60.85,61.25,59.25,60.00,26125,535775
20220506,14:53,60.05,62.60,59.95,61.70,19875,535775
20220506,14:54,61.50,63.70,61.25,62.60,22200,536125
20220506,14:55,63.00,64.60,62.80,63.70,23775,536125
20220506,14:56,63.90,64.50,62.75,63.20,14300,536125
20220506,14:57,63.30,67.80,62.80,66.60,35100,530825
20220506,14:58,67.20,67.55,63.80,65.05,22125,530825
20220506,14:59,65.10,65.35,63.90,64.00,21875,530825
20220506,15:00,64.10,66.95,62.25,64.05,32175,525450
20220506,15:01,64.05,66.35,63.05,63.25,22250,525450
20220506,15:02,63.05,67.10,61.10,67.10,32850,525450
20220506,15:03,67.65,71.15,67.50,70.45,44375,521500
20220506,15:04,69.70,69.95,62.10,65.05,45675,521500
20220506,15:05,65.75,66.00,61.80,62.20,34900,521500
20220506,15:06,62.20,62.80,57.50,57.50,32150,504150
20220506,15:07,57.50,60.30,57.50,58.05,32575,504150
20220506,15:08,58.15,58.65,57.15,58.15,25075,504150
20220506,15:09,58.35,59.80,57.05,58.45,25050,502100
20220506,15:10,58.80,59.45,57.00,59.10,30875,502100
20220506,15:11,58.75,61.25,57.80,59.45,26525,502100
20220506,15:12,59.60,60.65,59.10,59.10,25825,490900
20220506,15:13,59.30,64.35,58.85,64.25,41000,490900
20220506,15:14,64.25,67.00,62.40,66.90,53025,490900
20220506,15:15,67.15,71.25,64.40,71.15,76200,481775
20220506,15:16,70.75,71.25,64.75,65.50,71625,481775
20220506,15:17,66.00,68.65,65.00,67.25,42850,481775
20220506,15:18,67.05,68.40,65.50,65.90,39775,467800
20220506,15:19,65.50,66.85,61.10,63.95,53400,467800
20220506,15:20,63.90,66.30,63.65,64.80,40425,467800
20220506,15:21,64.85,67.70,64.60,64.60,34025,456400
20220506,15:22,64.70,66.95,64.35,65.40,57350,456400
20220506,15:23,65.60,66.40,64.20,65.50,48925,456400
20220506,15:24,65.85,66.90,64.65,65.40,37450,447075
20220506,15:25,66.00,66.05,59.50,62.35,95125,447075
20220506,15:26,62.35,63.80,62.20,63.55,39800,447075
20220506,15:27,64.15,64.40,63.10,63.70,33850,433525
20220506,15:28,63.70,63.75,62.40,62.85,32500,433525
20220506,15:29,62.50,62.80,60.00,60.00,53775,433525
20220506,15:30,61.25,61.25,61.25,61.25,275,433525
20220509,09:15,39.70,39.70,23.95,26.70,118778,437950
20220509,09:16,26.60,28.80,26.55,28.25,85075,437950
20220509,09:17,27.95,27.95,26.45,26.65,74100,465300
20220509,09:18,26.80,27.50,26.10,26.35,63200,465300
20220509,09:19,26.00,26.10,25.10,25.10,86575,465300
20220509,09:20,24.95,25.65,24.50,25.60,81550,520350
20220509,09:21,25.65,26.25,25.35,25.50,47225,520350
20220509,09:22,25.40,26.15,25.00,25.20,44750,520350
20220509,09:23,25.15,25.25,23.90,24.15,59775,534300
20220509,09:24,24.10,24.15,23.00,23.40,50300,534300
20220509,09:25,23.15,23.75,22.05,23.45,73025,534300
20220509,09:26,23.55,23.55,22.40,22.70,31850,560525
20220509,09:27,22.75,23.00,22.30,22.50,35125,560525
20220509,09:28,22.40,23.05,22.35,22.60,24675,560525
20220509,09:29,22.75,22.90,22.25,22.35,22675,572500
20220509,09:30,22.40,22.55,21.90,22.45,37800,572500
20220509,09:31,22.35,22.60,22.20,22.40,15850,572500
20220509,09:32,22.30,22.45,21.85,22.05,18100,584025
20220509,09:33,22.00,22.20,20.75,20.75,35200,584025
20220509,09:34,20.35,21.20,20.35,20.75,29275,584025
20220509,09:35,20.60,21.00,20.25,20.65,31550,582625
20220509,09:36,20.60,21.50,20.60,21.45,22425,582625
20220509,09:37,21.50,21.80,21.20,21.45,36225,582625
20220509,09:38,21.45,21.80,21.20,21.40,22125,592500
20220509,09:39,21.60,22.00,21.50,21.80,30750,592500
20220509,09:40,21.65,21.90,21.35,21.45,20750,592500
20220509,09:41,21.35,21.85,21.20,21.80,17650,609625
20220509,09:42,21.80,22.10,21.65,21.95,17650,609625
20220509,09:43,21.95,22.00,21.55,21.70,19325,609625
20220509,09:44,21.75,21.80,21.10,21.10,18575,613350
20220509,09:45,21.10,21.35,20.75,20.85,18625,613350
20220509,09:46,20.85,20.95,20.50,20.70,12625,613350
20220509,09:47,20.80,21.30,20.45,21.30,24400,616300
20220509,09:48,21.35,21.85,21.10,21.70,26875,616300
20220509,09:49,21.65,22.15,21.65,22.00,21675,616300
20220509,09:50,22.15,22.35,21.75,22.00,25475,620550
20220509,09:51,22.00,22.40,21.65,21.65,19025,620550
20220509,09:52,21.85,21.90,21.35,21.75,11400,620550
20220509,09:53,21.70,21.85,21.15,21.45,11600,626075
20220509,09:54,21.25,21.35,20.75,21.30,10675,626075
20220509,09:55,21.45,21.85,21.10,21.80,8975,626075
20220509,09:56,21.75,21.95,21.50,21.75,8525,628300
20220509,09:57,21.75,21.90,21.45,21.65,11050,628300
20220509,09:58,21.55,22.10,21.50,21.90,17975,628300
20220509,09:59,21.95,22.10,21.50,21.70,11250,628725
20220509,10:00,21.50,21.60,20.95,21.35,18700,628725
20220509,10:01,21.30,21.55,21.00,21.50,9900,628725
20220509,10:02,21.50,22.15,21.30,22.05,16025,630550
20220509,10:03,22.05,22.05,21.30,21.30,13300,630550
20220509,10:04,21.30,21.55,20.95,21.20,26175,630550
20220509,10:05,21.20,21.55,20.80,21.55,11050,639875
20220509,10:06,21.65,22.05,21.50,21.85,23000,639875
20220509,10:07,21.85,22.00,21.60,21.80,18000,639875
20220509,10:08,21.90,22.00,21.70,21.95,12125,634800
20220509,10:09,21.70,21.90,21.30,21.35,10700,634800
20220509,10:10,21.45,21.85,21.30,21.70,13700,634800
20220509,10:11,21.65,21.70,21.30,21.40,7900,634850
20220509,10:12,21.30,21.70,21.25,21.60,9425,634850
20220509,10:13,21.60,21.80,21.45,21.60,7725,634850
20220509,10:14,21.65,22.15,21.55,21.80,18775,631100
20220509,10:15,21.85,22.15,21.85,21.95,7725,631100
20220509,10:16,21.85,22.15,21.65,21.85,6925,631100
20220509,10:17,21.80,22.25,21.75,22.20,9575,631575
20220509,10:18,22.15,22.25,21.80,21.95,17950,631575
20220509,10:19,22.00,22.20,21.80,22.05,11725,631575
20220509,10:20,22.10,22.25,21.80,22.25,11075,637950
20220509,10:21,22.20,22.35,21.90,22.20,10050,637950
20220509,10:22,22.25,22.65,21.90,22.55,13375,637950
20220509,10:23,22.50,24.25,22.45,24.00,35775,638900
20220509,10:24,24.30,24.30,23.40,23.65,19900,638900
20220509,10:25,23.55,23.65,22.65,23.20,27275,638900
20220509,10:26,23.05,23.35,22.80,22.90,11575,636275
20220509,10:27,22.90,22.90,22.40,22.40,8500,636275
20220509,10:28,22.50,22.60,22.10,22.30,7925,636275
20220509,10:29,22.25,22.65,22.15,22.55,12325,643575
20220509,10:30,22.45,22.80,22.45,22.60,7375,643575
20220509,10:31,22.75,22.80,22.50,22.75,3100,643575
20220509,10:32,22.70,22.80,22.55,22.80,5800,645150
20220509,10:33,22.80,23.05,22.65,23.00,13725,645150
20220509,10:34,23.05,23.75,22.50,22.50,26725,645150
20220509,10:35,22.40,22.80,22.30,22.60,11225,648625
20220509,10:36,22.45,22.60,22.00,22.30,8550,648625
20220509,10:37,22.35,22.70,22.15,22.70,11850,648625
20220509,10:38,22.60,23.10,22.60,22.95,18400,648725
20220509,10:39,23.00,23.05,22.70,22.85,7900,648725
20220509,10:40,22.85,22.95,22.45,22.85,10775,648725
20220509,10:41,22.70,23.10,22.60,22.75,8750,653100
20220509,10:42,22.65,22.80,22.00,22.00,8975,653100
20220509,10:43,22.00,22.40,22.00,22.35,6425,653100
20220509,10:44,22.40,22.85,22.40,22.55,9400,652975
20220509,10:45,22.65,22.65,22.45,22.60,4700,652975
20220509,10:46,22.45,22.80,22.45,22.65,5550,652975
20220509,10:47,22.60,22.90,22.50,22.85,6450,652150
20220509,10:48,22.80,22.90,22.55,22.70,6375,652150
20220509,10:49,22.70,22.90,22.40,22.40,8575,652150
20220509,10:50,22.30,22.60,22.30,22.60,8925,655800
20220509,10:51,22.50,22.90,22.50,22.90,7925,655800
20220509,10:52,22.85,22.85,22.10,22.15,14275,655800
20220509,10:53,22.25,22.65,22.20,22.30,10375,656625
20220509,10:54,22.25,22.40,22.05,22.05,8100,656625
20220509,10:55,22.05,22.05,21.65,21.65,15975,656625
20220509,10:56,21.75,22.00,21.70,21.90,8175,656825
20220509,10:57,21.95,21.95,21.50,21.85,6375,656825
20220509,10:58,21.75,21.90,21.55,21.80,4750,656825
20220509,10:59,21.75,22.00,21.65,21.90,6650,655575
20220509,11:00,21.90,22.00,21.65,21.95,4750,655575
20220509,11:01,22.00,22.20,21.85,22.20,10750,655575
20220509,11:02,22.15,22.25,21.85,21.85,14325,656850
20220509,11:03,21.90,22.15,21.80,21.95,15650,656850
20220509,11:04,22.00,22.15,21.75,21.75,7725,656850
20220509,11:05,21.75,22.25,21.70,21.95,13825,657375
20220509,11:06,22.00,22.05,21.75,21.80,9125,657375
20220509,11:07,21.85,22.15,21.80,22.05,8250,657375
20220509,11:08,22.05,22.25,22.00,22.25,12250,658100
20220509,11:09,22.25,22.25,21.45,21.55,21450,658100
20220509,11:10,21.65,21.65,21.30,21.45,11600,658100
20220509,11:11,21.55,22.45,21.45,21.85,47550,675950
20220509,11:12,21.85,22.10,21.35,21.70,14950,675950
20220509,11:13,21.65,21.85,21.45,21.65,13775,675950
20220509,11:14,21.80,21.90,21.60,21.60,5925,684325
20220509,11:15,21.60,21.90,21.55,21.60,4900,684325
20220509,11:16,21.55,21.85,20.80,20.80,18600,684325
20220509,11:17,20.90,21.35,20.35,20.70,26250,683225
20220509,11:18,20.60,21.05,20.55,20.85,9350,683225
20220509,11:19,20.80,20.90,20.35,20.75,12350,683225
20220509,11:20,20.75,20.80,20.35,20.80,7625,675325
20220509,11:21,20.65,21.00,20.65,20.75,6375,675325
20220509,11:22,20.80,20.95,20.65,20.75,4675,675325
20220509,11:23,20.85,20.95,20.70,20.75,5975,672925
20220509,11:24,20.80,21.05,20.75,21.00,5700,672925
20220509,11:25,20.95,21.15,20.75,21.05,12000,672925
20220509,11:26,20.95,21.10,20.90,21.05,4100,675825
20220509,11:27,20.95,21.25,20.95,21.10,8300,675825
20220509,11:28,21.10,21.25,20.95,21.00,3450,675825
20220509,11:29,21.15,21.15,20.75,20.95,5125,676125
20220509,11:30,20.95,21.40,20.85,21.30,8650,676125
20220509,11:31,21.15,21.55,21.10,21.45,9375,676125
20220509,11:32,21.40,21.65,21.40,21.50,7250,675625
20220509,11:33,21.60,21.85,21.45,21.80,14375,675625
20220509,11:34,21.75,22.05,21.70,21.90,10825,675625
20220509,11:35,22.05,22.80,21.90,22.50,18950,672375
20220509,11:36,22.55,22.80,22.40,22.55,11600,672375
20220509,11:37,22.75,22.75,22.15,22.45,10350,672375
20220509,11:38,22.40,22.80,22.10,22.80,8675,670625
20220509,11:39,22.65,24.50,22.65,24.05,41275,670625
20220509,11:40,23.85,26.50,23.85,26.25,56225,670625
20220509,11:41,25.75,26.85,25.75,26.35,30050,666450
20220509,11:42,26.20,29.65,26.20,28.00,53525,666450
20220509,11:43,28.20,29.15,27.55,27.85,25000,666450
20220509,11:44,28.10,28.65,27.60,28.20,26875,646425
20220509,11:45,28.05,29.25,27.65,28.80,27150,646425
20220509,11:46,29.05,29.60,28.00,28.05,27025,646425
20220509,11:47,28.00,28.10,26.00,26.30,29000,643975
20220509,11:48,26.25,27.65,25.70,27.45,17375,643975
20220509,11:49,27.50,27.70,26.75,27.35,9825,643975
20220509,11:50,27.10,28.65,26.95,28.65,25025,644375
20220509,11:51,28.85,28.85,27.40,27.80,23225,644375
20220509,11:52,27.75,27.75,26.15,26.50,19500,644375
20220509,11:53,26.75,26.75,25.70,26.25,12075,646900
20220509,11:54,26.50,26.90,26.15,26.30,8700,646900
20220509,11:55,26.50,26.50,25.90,26.35,12725,646900
20220509,11:56,26.25,26.85,26.25,26.65,10100,649050
20220509,11:57,26.75,27.75,26.70,27.50,10150,649050
20220509,11:58,27.45,27.75,26.95,27.40,6900,649050
20220509,11:59,27.40,27.80,27.05,27.20,4275,647075
20220509,12:00,27.25,28.50,27.25,27.80,19925,647075
20220509,12:01,27.55,27.75,26.40,27.00,16100,647075
20220509,12:02,26.70,27.80,26.50,27.80,12525,653575
20220509,12:03,27.80,27.80,26.50,26.85,6625,653575
20220509,12:04,26.75,27.00,25.95,26.85,14350,653575
20220509,12:05,26.65,26.85,26.40,26.70,5400,654925
20220509,12:06,26.85,27.10,26.65,26.85,8450,654925
20220509,12:07,26.85,27.05,26.50,26.90,2150,654925
20220509,12:08,27.10,27.65,26.65,27.65,7675,657025
20220509,12:09,27.60,29.40,27.60,29.10,27775,657025
20220509,12:10,29.20,30.00,28.55,29.10,23325,657025
20220509,12:11,29.20,32.90,29.20,32.65,67500,669050
20220509,12:12,32.85,34.30,32.70,32.80,50325,669050
20220509,12:13,32.90,34.30,32.90,33.20,28350,669050
20220509,12:14,33.15,33.80,32.90,33.65,16950,668900
20220509,12:15,33.85,34.80,33.00,34.80,18550,668900
20220509,12:16,35.00,35.00,32.90,33.10,33225,668900
20220509,12:17,33.20,33.35,31.15,31.15,20750,667125
20220509,12:18,30.80,30.80,28.30,29.00,35525,667125
20220509,12:19,28.90,31.20,28.90,30.65,13725,667125
20220509,12:20,30.55,31.00,30.05,30.30,17225,668675
20220509,12:21,30.45,31.55,30.35,31.45,10150,668675
20220509,12:22,31.25,32.20,31.00,32.15,6075,668675
20220509,12:23,32.00,32.20,31.30,31.65,6450,672175
20220509,12:24,32.45,33.65,32.25,33.40,12550,672175
20220509,12:25,33.80,34.20,33.50,33.65,18850,672175
20220509,12:26,33.75,36.30,33.75,36.30,17125,680725
20220509,12:27,35.70,36.35,33.95,34.05,26325,680725
20220509,12:28,34.00,34.20,31.75,33.25,35100,680725
20220509,12:29,33.25,33.70,32.25,32.90,10600,697050
20220509,12:30,32.35,33.45,31.40,33.40,9175,697050
20220509,12:31,33.40,35.55,33.40,34.55,19100,697050
20220509,12:32,34.25,36.05,34.05,35.05,12900,696450
20220509,12:33,35.05,35.95,34.65,35.25,18125,696450
20220509,12:34,35.00,36.00,34.00,34.80,11175,696450
20220509,12:35,35.10,35.15,33.70,33.90,9425,695725
20220509,12:36,34.15,35.35,34.10,34.40,7975,695725
20220509,12:37,34.25,35.50,33.95,34.55,9900,695725
20220509,12:38,34.40,34.90,34.20,34.25,6025,693750
20220509,12:39,34.25,34.65,33.90,34.50,8350,693750
20220509,12:40,34.40,35.45,32.50,35.45,14950,693750
20220509,12:41,35.50,38.75,35.50,37.65,48775,693625
20220509,12:42,37.70,43.80,37.40,41.65,60775,693625
20220509,12:43,41.80,46.40,41.80,46.10,61450,693625
20220509,12:44,45.55,46.00,43.80,46.00,37100,691575
20220509,12:45,45.75,47.30,43.25,43.50,52850,691575
20220509,12:46,44.10,44.80,42.00,43.65,30925,691575
20220509,12:47,43.95,43.95,41.00,41.10,37675,672175
20220509,12:48,41.30,43.10,41.25,42.05,17050,672175
20220509,12:49,41.80,41.80,39.25,40.20,32025,672175
20220509,12:50,39.75,40.40,38.05,38.35,32575,662725
20220509,12:51,38.00,38.00,35.45,36.45,23625,662725
20220509,12:52,37.00,37.30,35.40,35.50,15275,662725
20220509,12:53,35.90,36.90,34.25,35.45,22225,666450
20220509,12:54,35.35,35.45,34.00,35.05,17425,666450
20220509,12:55,35.20,35.20,31.80,32.15,30875,666450
20220509,12:56,32.70,32.70,29.90,31.15,30100,669150
20220509,12:57,31.15,31.70,30.25,30.25,25525,669150
20220509,12:58,30.40,30.40,28.85,29.55,49575,669150
20220509,12:59,29.30,29.90,28.95,29.40,13375,669150
20220509,13:00,29.40,29.45,27.10,27.30,41975,698850
20220509,13:01,27.05,29.90,27.05,29.60,16225,698850
20220509,13:02,29.50,32.70,29.40,32.70,35100,698850
20220509,13:03,33.00,34.20,32.75,32.95,33125,696250
20220509,13:04,32.85,35.45,32.85,35.35,23375,696250
20220509,13:05,35.65,36.35,34.55,35.60,13425,696250
20220509,13:06,35.50,35.95,34.55,34.55,15650,697175
20220509,13:07,34.90,35.45,34.30,34.85,12300,697175
20220509,13:08,35.10,37.75,34.85,37.25,17400,697175
20220509,13:09,37.00,37.00,34.70,35.00,12775,698325
20220509,13:10,35.30,35.45,31.35,32.05,25525,698325
20220509,13:11,31.70,31.70,30.10,31.20,16725,698325
20220509,13:12,30.95,31.35,29.20,29.45,23775,704075
20220509,13:13,29.35,30.00,28.20,30.00,17050,704075
20220509,13:14,29.80,31.25,29.05,30.65,16250,704075
20220509,13:15,30.35,32.10,30.35,30.85,16100,703250
20220509,13:16,30.55,30.60,29.50,30.30,15000,703250
20220509,13:17,30.05,30.75,29.75,30.10,7025,703250
20220509,13:18,30.25,30.70,29.85,30.65,5325,709125
20220509,13:19,30.50,30.60,30.05,30.50,6400,709125
20220509,13:20,30.50,31.25,30.10,30.85,20675,709125
20220509,13:21,30.90,31.20,30.30,30.60,7100,705825
20220509,13:22,30.60,31.05,30.40,31.05,7525,705825
20220509,13:23,30.75,30.85,30.05,30.35,7875,705825
20220509,13:24,30.30,30.30,28.60,30.00,18625,709175
20220509,13:25,30.00,30.25,28.90,29.50,19600,709175
20220509,13:26,29.50,29.50,28.50,29.00,12550,709175
20220509,13:27,29.05,29.05,28.45,28.45,15425,715550
20220509,13:28,28.70,29.60,28.40,28.75,7200,715550
20220509,13:29,28.60,28.60,26.50,26.50,15175,715550
20220509,13:30,26.40,26.45,24.50,24.85,45000,710500
20220509,13:31,24.90,25.55,24.70,25.55,19850,710500
20220509,13:32,25.50,25.50,24.30,24.50,16800,710500
20220509,13:33,24.30,24.75,23.85,24.40,18075,712800
20220509,13:34,24.25,24.90,24.00,24.60,12075,712800
20220509,13:35,24.45,25.10,24.25,25.10,16450,712800
20220509,13:36,25.25,25.75,25.15,25.35,15850,715800
20220509,13:37,25.15,26.20,24.90,25.90,9550,715800
20220509,13:38,26.00,27.70,25.70,27.70,16550,715800
20220509,13:39,27.65,28.80,27.40,28.25,19475,722200
20220509,13:40,28.00,28.25,27.00,27.75,20075,722200
20220509,13:41,27.85,27.95,27.20,27.75,9050,722200
20220509,13:42,27.50,27.65,26.65,26.65,7350,728425
20220509,13:43,26.65,27.15,26.00,26.40,10275,728425
20220509,13:44,26.55,26.95,26.30,26.75,2950,728425
20220509,13:45,26.75,27.00,25.95,26.20,9325,726850
20220509,13:46,26.10,26.90,25.20,26.85,10350,726850
20220509,13:47,27.10,27.60,26.85,27.55,15325,726850
20220509,13:48,27.70,27.80,26.45,26.80,13250,726525
20220509,13:49,27.00,27.00,25.75,26.00,7625,726525
20220509,13:50,25.80,26.75,25.70,26.45,7975,726525
20220509,13:51,26.40,26.50,25.60,25.95,11050,730875
20220509,13:52,25.80,26.25,25.45,25.45,6500,730875
20220509,13:53,25.50,25.50,24.30,25.05,15375,730875
20220509,13:54,24.90,26.00,24.75,25.25,5800,729450
20220509,13:55,24.80,26.25,24.80,25.55,7525,729450
20220509,13:56,25.50,26.00,24.55,24.95,9325,729450
20220509,13:57,24.95,25.65,24.60,24.95,9650,733800
20220509,13:58,25.00,25.20,24.70,24.85,7675,733800
20220509,13:59,24.85,25.05,24.55,24.70,10150,733800
20220509,14:00,24.55,25.60,24.35,24.90,15475,734725
20220509,14:01,24.70,24.70,22.05,22.40,75650,734725
20220509,14:02,22.20,22.30,20.35,20.65,50875,734725
20220509,14:03,20.70,21.65,20.30,21.25,38200,729225
20220509,14:04,21.35,21.35,20.35,20.75,50725,729225
20220509,14:05,20.70,20.90,20.20,20.75,40850,729225
20220509,14:06,20.70,21.05,20.60,20.80,38850,738050
20220509,14:07,20.90,21.05,20.40,20.95,21425,738050
20220509,14:08,21.00,21.55,20.80,21.25,31900,738050
20220509,14:09,21.40,21.90,21.10,21.55,19825,734875
20220509,14:10,21.60,22.80,21.40,22.25,23325,734875
20220509,14:11,22.35,22.45,21.85,21.85,15175,734875
20220509,14:12,21.80,21.85,21.00,21.85,19625,730825
20220509,14:13,21.85,22.05,21.20,21.50,15850,730825
20220509,14:14,21.70,21.90,21.25,21.30,7650,730825
20220509,14:15,21.45,22.20,21.30,22.15,9275,729250
20220509,14:16,21.95,22.10,21.60,21.85,12050,729250
20220509,14:17,21.80,22.75,21.80,22.55,17475,729250
20220509,14:18,22.55,22.65,21.75,22.40,11175,725425
20220509,14:19,22.40,22.75,22.00,22.45,9025,725425
20220509,14:20,22.45,23.45,22.20,22.90,17975,725425
20220509,14:21,22.80,23.10,22.30,22.65,13925,725125
20220509,14:22,22.75,22.75,21.80,22.30,18575,725125
20220509,14:23,22.05,22.25,21.60,22.20,14775,725125
20220509,14:24,22.20,22.25,21.80,21.90,8425,719275
20220509,14:25,21.95,22.60,21.70,22.35,9575,719275
20220509,14:26,22.30,22.45,21.70,21.90,8375,719275
20220509,14:27,21.95,22.20,21.75,22.15,7350,719175
20220509,14:28,22.10,22.10,21.30,21.45,12675,719175
20220509,14:29,21.60,21.65,21.00,21.05,14450,719175
20220509,14:30,20.95,21.35,20.35,21.00,13975,716450
20220509,14:31,21.05,22.85,20.75,22.75,43325,716450
20220509,14:32,23.10,28.40,22.90,27.65,70450,716450
20220509,14:33,27.45,28.35,26.25,26.70,31375,701725
20220509,14:34,26.95,29.25,26.90,28.00,49775,701725
20220509,14:35,28.10,28.75,26.40,27.90,33075,701725
20220509,14:36,27.95,28.45,27.30,27.75,25675,693050
20220509,14:37,27.45,28.50,26.05,27.25,44200,693050
20220509,14:38,27.35,28.20,27.20,28.00,18750,693050
20220509,14:39,28.25,28.75,27.50,27.50,75600,682275
20220509,14:40,27.10,27.15,24.75,24.90,28675,682275
20220509,14:41,24.65,25.40,23.80,25.40,22900,682275
20220509,14:42,25.20,27.55,25.05,27.55,23250,667350
20220509,14:43,27.95,29.00,27.25,27.85,36325,667350
20220509,14:44,27.95,28.55,26.80,27.30,18625,667350
20220509,14:45,27.25,28.75,27.00,27.55,12725,667350
20220509,14:46,27.10,27.65,26.65,27.10,13350,667350
20220509,14:47,26.65,27.00,25.05,26.55,19575,667350
20220509,14:48,26.85,27.40,26.65,27.20,21225,658275
20220509,14:49,27.25,29.95,26.95,29.60,39850,658275
20220509,14:50,30.15,31.50,29.85,30.80,52200,658275
20220509,14:51,31.35,32.90,30.25,30.65,45800,651050
20220509,14:52,30.35,30.35,26.55,26.85,36900,651050
20220509,14:53,26.65,27.10,25.30,25.70,27875,651050
20220509,14:54,25.50,26.00,23.90,24.75,52500,648450
20220509,14:55,24.90,26.35,24.55,24.55,33375,648450
20220509,14:56,24.40,24.80,22.85,23.20,24625,648450
20220509,14:57,22.65,23.55,22.40,22.85,23600,636575
20220509,14:58,22.60,23.30,22.50,23.10,23225,636575
20220509,14:59,23.10,23.25,21.00,21.60,35100,636575
20220509,15:00,21.50,22.55,19.50,19.70,55275,627025
20220509,15:01,19.40,20.00,19.05,19.25,48325,627025
20220509,15:02,19.40,19.40,18.25,19.05,41950,627025
20220509,15:03,18.95,19.90,18.95,19.60,20050,622025
20220509,15:04,19.60,19.90,18.50,18.80,18125,622025
20220509,15:05,18.80,19.00,18.55,19.00,14975,622025
20220509,15:06,19.00,19.55,18.45,18.60,23575,614225
20220509,15:07,18.40,18.65,18.20,18.50,12650,614225
20220509,15:08,18.40,18.50,18.10,18.40,18300,614225
20220509,15:09,18.50,18.60,17.60,17.60,23550,615850
20220509,15:10,17.80,18.30,17.75,17.90,22675,615850
20220509,15:11,17.90,17.90,16.90,16.90,15075,615850
20220509,15:12,16.90,17.45,16.80,17.25,23825,599675
20220509,15:13,17.30,17.85,17.20,17.85,19325,599675
20220509,15:14,17.80,20.35,17.80,20.25,67125,599675
20220509,15:15,20.20,20.40,18.60,19.45,32650,590850
20220509,15:16,19.75,20.50,19.75,20.15,44925,590850
20220509,15:17,20.35,20.40,18.90,18.90,24975,590850
20220509,15:18,19.15,19.15,17.65,18.25,20050,586600
20220509,15:19,18.25,18.25,17.35,17.35,18825,586600
20220509,15:20,17.50,18.30,17.15,18.20,80750,586600
20220509,15:21,18.50,19.05,17.90,17.90,45275,612025
20220509,15:22,17.95,18.70,17.85,18.20,36475,612025
20220509,15:23,18.20,18.75,18.15,18.45,48250,612025
20220509,15:24,18.35,18.70,18.15,18.15,23350,593200
20220509,15:25,18.15,18.90,17.15,17.20,76800,593200
20220509,15:26,17.35,17.70,17.25,17.60,51150,593200
20220509,15:27,17.70,18.15,17.60,17.90,42825,570150
20220509,15:28,17.85,18.10,17.75,17.85,46975,570150
20220509,15:29,17.85,18.20,17.35,17.45,55025,570150
20220509,15:30,17.45,17.45,17.45,17.45,25,570150
20220510,09:15,13.85,21.75,11.70,19.35,152478,568200
20220510,09:16,19.30,21.65,19.10,21.00,125800,568200
20220510,09:17,20.90,22.70,20.25,20.85,110200,587050
20220510,09:18,20.65,21.80,20.05,20.20,65075,587050
20220510,09:19,20.15,20.65,19.65,19.70,39675,587050
20220510,09:20,19.75,20.30,19.25,20.10,42575,622075
20220510,09:21,20.00,20.05,19.10,19.45,41850,622075
20220510,09:22,19.50,19.60,18.95,19.35,49275,622075
20220510,09:23,19.50,19.50,18.70,18.70,35675,642975
20220510,09:24,18.70,19.70,18.60,19.20,35550,642975
20220510,09:25,19.20,19.20,18.50,18.85,37500,642975
20220510,09:26,18.80,19.50,18.70,19.30,42800,650425
20220510,09:27,19.10,19.30,18.80,19.15,38050,650425
20220510,09:28,19.25,19.45,18.90,19.05,25900,650425
20220510,09:29,19.10,19.40,18.85,18.95,25575,681775
20220510,09:30,19.05,19.35,18.65,19.00,47400,681775
20220510,09:31,18.90,18.95,18.05,18.60,34950,681775
20220510,09:32,18.45,18.80,17.80,17.95,34375,694500
20220510,09:33,17.75,17.90,17.40,17.60,32475,694500
20220510,09:34,17.70,18.60,17.65,18.50,35750,694500
20220510,09:35,18.50,18.60,18.20,18.45,24125,705300
20220510,09:36,18.55,18.75,18.30,18.50,20725,705300
20220510,09:37,18.30,18.50,18.00,18.00,21275,705300
20220510,09:38,18.00,18.10,17.55,17.65,12025,713025
20220510,09:39,17.45,17.85,17.00,17.60,25375,713025
20220510,09:40,17.80,18.45,17.65,18.20,18550,713025
20220510,09:41,18.05,18.55,18.05,18.15,7475,718250
20220510,09:42,18.15,18.35,17.90,18.10,14150,718250
20220510,09:43,18.20,18.30,17.80,18.15,9400,718250
20220510,09:44,18.20,18.20,17.75,17.95,8375,721525
20220510,09:45,17.85,17.95,17.65,17.70,8925,721525
20220510,09:46,17.75,18.95,17.55,18.60,64550,721525
20220510,09:47,18.65,18.65,17.95,18.00,19025,718875
20220510,09:48,18.05,18.20,17.70,17.95,9850,718875
20220510,09:49,17.80,18.00,17.60,17.75,7425,718875
20220510,09:50,17.75,18.00,17.60,17.60,8825,723125
20220510,09:51,17.55,17.80,17.30,17.60,31050,723125
20220510,09:52,17.75,17.85,17.60,17.70,9850,723125
20220510,09:53,17.70,17.90,17.50,17.50,8950,732025
20220510,09:54,17.60,18.15,17.45,17.60,21675,732025
20220510,09:55,17.35,17.95,17.20,17.25,20075,732025
20220510,09:56,17.30,17.60,17.15,17.35,19050,742925
20220510,09:57,17.40,17.50,17.05,17.15,14875,742925
20220510,09:58,17.10,17.45,16.95,17.30,19225,742925
20220510,09:59,17.35,17.60,17.10,17.20,14475,751475
20220510,10:00,17.20,17.45,17.10,17.35,11350,751475
20220510,10:01,17.40,17.65,17.30,17.55,10800,751475
20220510,10:02,17.65,17.85,17.45,17.60,10725,751150
20220510,10:03,17.70,17.90,17.50,17.55,11525,751150
20220510,10:04,17.60,17.80,17.45,17.50,15525,751150
20220510,10:05,17.50,17.90,17.40,17.55,13900,750100
20220510,10:06,17.60,17.80,17.50,17.70,17475,750100
20220510,10:07,17.70,17.90,17.50,17.80,7075,750100
20220510,10:08,17.80,18.00,17.75,17.80,4050,748800
20220510,10:09,17.90,18.00,17.55,17.85,10950,748800
20220510,10:10,17.80,18.10,17.70,17.95,9150,748800
20220510,10:11,17.90,18.15,17.80,17.85,7275,748025
20220510,10:12,17.90,18.10,17.80,17.90,13800,748025
20220510,10:13,17.90,18.05,17.75,17.95,10550,748025
20220510,10:14,17.90,18.00,17.75,18.00,6675,754250
20220510,10:15,17.95,18.55,17.95,18.30,19825,754250
20220510,10:16,18.30,18.50,18.15,18.35,5500,754250
20220510,10:17,18.40,18.45,17.90,17.95,7750,757425
20220510,10:18,17.85,18.20,17.85,18.00,5325,757425
20220510,10:19,17.95,18.35,17.95,18.25,13425,757425
20220510,10:20,18.05,18.45,17.95,18.40,6775,755175
20220510,10:21,18.40,18.45,18.10,18.10,17350,755175
20220510,10:22,18.30,18.45,18.15,18.35,3900,755175
20220510,10:23,18.30,18.65,18.30,18.65,6400,755925
20220510,10:24,18.60,18.90,18.45,18.80,15100,755925
20220510,10:25,18.75,18.95,18.60,18.95,14875,755925
20220510,10:26,19.00,19.00,18.65,18.80,8975,757450
20220510,10:27,19.05,19.85,19.05,19.65,26900,757450
20220510,10:28,19.75,19.90,19.15,19.20,17150,757450
20220510,10:29,19.40,19.55,19.05,19.35,5925,760950
20220510,10:30,19.35,19.85,19.05,19.15,20875,760950
20220510,10:31,19.00,19.15,18.70,18.80,11275,760950
20220510,10:32,18.75,18.85,18.40,18.80,9825,762300
20220510,10:33,18.85,18.85,18.45,18.80,11275,762300
20220510,10:34,18.80,18.80,18.30,18.50,11425,762300
20220510,10:35,18.65,19.15,18.65,19.05,19225,763600
20220510,10:36,18.95,19.20,18.90,19.10,17600,763600
20220510,10:37,19.20,19.40,18.85,19.30,12600,763600
20220510,10:38,19.30,19.40,19.00,19.40,7350,782375
20220510,10:39,19.40,19.75,19.40,19.55,11975,782375
20220510,10:40,19.60,19.85,19.10,19.15,58550,782375
20220510,10:41,19.20,19.70,19.00,19.50,20575,738450
20220510,10:42,19.55,19.75,19.30,19.70,19175,738450
20220510,10:43,19.65,19.85,19.55,19.60,19325,738450
20220510,10:44,19.65,19.80,19.50,19.60,11300,731025
20220510,10:45,19.65,19.85,19.15,19.60,21650,731025
20220510,10:46,19.55,20.15,19.55,19.85,13675,731025
20220510,10:47,19.85,19.85,19.15,19.35,16350,727950
20220510,10:48,19.30,19.65,19.30,19.30,4925,727950
20220510,10:49,19.20,19.20,19.00,19.00,6000,727950
20220510,10:50,19.00,19.00,17.90,18.00,16425,729975
20220510,10:51,17.90,17.90,17.30,17.55,10975,729975
20220510,10:52,17.45,17.50,17.00,17.05,11825,729975
20220510,10:53,17.05,17.75,16.80,17.75,18075,729750
20220510,10:54,17.55,18.30,17.55,18.10,5225,729750
20220510,10:55,18.10,18.40,17.80,18.30,5325,729750
20220510,10:56,18.20,18.65,18.10,18.50,4700,731600
20220510,10:57,18.40,19.75,18.40,19.60,11075,731600
20220510,10:58,19.50,19.85,19.25,19.45,12125,731600
20220510,10:59,19.45,19.60,18.95,19.00,7150,733800
20220510,11:00,19.00,19.05,18.40,18.65,6375,733800
20220510,11:01,18.65,18.90,18.60,18.90,4150,733800
20220510,11:02,19.00,19.25,18.70,19.25,5450,733500
20220510,11:03,19.15,19.15,18.50,18.65,6350,733500
20220510,11:04,18.55,19.00,18.45,18.75,6600,733500
20220510,11:05,18.70,18.70,18.30,18.35,7150,738500
20220510,11:06,18.20,18.40,17.90,18.05,11800,738500
20220510,11:07,17.95,18.25,17.90,18.15,3525,738500
20220510,11:08,18.05,18.10,17.50,17.75,7275,740200
20220510,11:09,17.80,17.95,17.60,17.70,8925,740200
20220510,11:10,17.70,17.90,17.55,17.80,5225,740200
20220510,11:11,17.70,17.70,17.55,17.70,5250,745050
20220510,11:12,17.75,17.90,17.55,17.90,5200,745050
20220510,11:13,17.75,18.15,17.75,18.10,6350,745050
20220510,11:14,18.10,18.15,17.95,18.15,4475,746600
20220510,11:15,18.10,18.40,18.00,18.35,8975,746600
20220510,11:16,18.30,18.65,18.30,18.45,16175,746600
20220510,11:17,18.50,18.55,18.30,18.50,5250,761200
20220510,11:18,18.50,18.50,18.00,18.20,6475,761200
20220510,11:19,18.00,18.10,17.70,18.00,8475,761200
20220510,11:20,17.80,18.20,17.80,18.20,5350,766400
20220510,11:21,18.15,18.45,18.10,18.10,6725,766400
20220510,11:22,18.30,18.55,18.10,18.55,7500,766400
20220510,11:23,18.55,18.60,17.70,17.90,15025,770500
20220510,11:24,18.00,18.10,17.65,17.95,7825,770500
20220510,11:25,17.90,17.95,17.70,17.80,5800,770500
20220510,11:26,17.75,17.80,17.40,17.50,9450,774675
20220510,11:27,17.45,17.50,17.05,17.30,13200,774675
20220510,11:28,17.40,17.45,17.15,17.30,5250,774675
20220510,11:29,17.25,17.55,17.25,17.40,4775,774400
20220510,11:30,17.30,17.35,16.90,16.95,14750,774400
20220510,11:31,16.95,16.95,16.60,16.80,7875,774400
20220510,11:32,16.80,17.10,16.80,17.10,6650,775050
20220510,11:33,17.10,17.50,16.95,17.50,10350,775050
20220510,11:34,17.50,18.35,17.45,18.35,15725,775050
20220510,11:35,18.30,19.55,18.20,19.35,41575,788450
20220510,11:36,19.40,19.50,18.75,18.75,20725,788450
20220510,11:37,18.60,18.90,18.30,18.55,10225,788450
20220510,11:38,18.55,18.55,17.95,18.15,6450,783475
20220510,11:39,18.05,18.05,17.10,17.10,7625,783475
20220510,11:40,17.15,17.15,16.80,17.00,11725,783475
20220510,11:41,16.90,17.85,16.90,17.50,9550,782000
20220510,11:42,17.85,18.20,17.65,17.70,10000,782000
20220510,11:43,17.85,18.20,17.55,17.85,3675,782000
20220510,11:44,17.95,18.35,17.85,18.25,5025,783800
20220510,11:45,18.15,18.30,17.65,18.00,6400,783800
20220510,11:46,18.00,18.10,17.80,17.95,2950,783800
20220510,11:47,17.95,18.25,17.95,18.20,4300,782350
20220510,11:48,18.15,18.65,18.15,18.25,5800,782350
20220510,11:49,18.30,18.30,17.80,17.80,5525,782350
20220510,11:50,17.70,18.00,17.45,17.50,5750,782550
20220510,11:51,17.60,17.95,17.50,17.80,3325,782550
20220510,11:52,17.80,18.00,17.65,17.90,2775,782550
20220510,11:53,17.90,18.20,17.80,18.20,3625,785000
20220510,11:54,18.20,18.55,18.20,18.30,25500,785000
20220510,11:55,18.30,18.60,18.10,18.45,8600,785000
20220510,11:56,18.50,18.90,18.40,18.70,10800,788100
20220510,11:57,18.75,18.90,18.50,18.50,3875,788100
20220510,11:58,18.55,18.70,18.50,18.65,1800,788100
20220510,11:59,18.55,19.15,18.45,19.00,13425,788225
20220510,12:00,18.95,20.00,18.95,19.90,76625,788225
20220510,12:01,19.90,20.00,19.50,19.80,15200,788225
20220510,12:02,19.80,22.25,19.80,21.50,48825,755175
20220510,12:03,21.35,21.85,21.20,21.55,22325,755175
20220510,12:04,21.30,21.65,20.85,20.95,30350,755175
20220510,12:05,21.05,21.20,20.25,21.15,36875,747050
20220510,12:06,21.15,21.60,20.95,21.00,30575,747050
20220510,12:07,20.90,21.00,20.20,20.25,16000,747050
20220510,12:08,20.30,20.65,19.70,20.65,19200,744750
20220510,12:09,20.65,21.90,20.55,21.55,31100,744750
20220510,12:10,21.45,21.55,20.85,21.10,16600,744750
20220510,12:11,21.15,21.45,20.80,21.05,13000,747550
20220510,12:12,21.05,21.20,20.45,21.20,16975,747550
20220510,12:13,21.00,22.90,21.00,22.55,48600,747550
20220510,12:14,22.55,22.95,21.95,22.45,51900,748875
20220510,12:15,22.60,23.00,21.50,21.50,33200,748875
20220510,12:16,21.75,22.20,20.90,20.95,21200,748875
20220510,12:17,20.95,21.15,20.30,20.90,62875,752050
20220510,12:18,20.90,21.00,20.45,20.95,22450,752050
20220510,12:19,20.90,21.00,20.50,20.55,20300,752050
20220510,12:20,20.65,20.75,19.70,19.95,24700,751275
20220510,12:21,19.90,20.70,19.40,20.70,17325,751275
20220510,12:22,20.75,22.60,20.65,22.60,38275,751275
20220510,12:23,22.55,24.55,22.55,23.40,85625,731125
20220510,12:24,23.50,23.55,22.50,23.55,26000,731125
20220510,12:25,23.45,24.35,23.00,23.50,41625,731125
20220510,12:26,23.45,24.40,23.45,23.60,34400,713850
20220510,12:27,23.60,25.40,22.70,22.70,48475,713850
20220510,12:28,22.85,23.90,22.65,23.50,21625,713850
20220510,12:29,23.65,23.95,23.00,23.00,24300,709875
20220510,12:30,23.35,23.40,22.00,22.40,20825,709875
20220510,12:31,22.45,22.65,22.10,22.55,11975,709875
20220510,12:32,22.40,22.60,21.30,21.60,21375,713250
20220510,12:33,21.60,22.55,21.15,22.20,16675,713250
20220510,12:34,22.25,23.00,21.70,22.35,27150,713250
20220510,12:35,22.30,23.70,21.85,23.70,14550,706975
20220510,12:36,23.70,23.70,23.00,23.15,18950,706975
20220510,12:37,23.10,24.85,23.10,24.80,28050,706975
20220510,12:38,25.00,27.50,24.95,25.00,49850,699000
20220510,12:39,25.05,26.00,24.80,25.00,58950,699000
20220510,12:40,25.05,26.00,24.85,25.50,24075,699000
20220510,12:41,25.55,26.00,24.90,25.45,20000,699000
20220510,12:42,25.15,25.15,24.50,24.70,21300,685825
20220510,12:43,24.80,24.80,23.60,24.70,13225,685825
20220510,12:44,24.70,25.45,24.55,25.40,10825,685825
20220510,12:45,25.15,25.90,24.75,25.05,14275,678050
20220510,12:46,25.45,25.65,24.90,25.40,12225,678050
20220510,12:47,25.25,25.85,24.75,25.50,12900,682975
20220510,12:48,25.40,25.70,22.10,23.05,28450,682975
20220510,12:49,23.15,25.45,23.15,24.40,23325,682975
20220510,12:50,24.35,24.90,23.80,24.10,26925,680975
20220510,12:51,24.30,24.60,23.75,23.90,23900,680975
20220510,12:52,23.95,25.05,23.25,24.90,31875,680975
20220510,12:53,25.00,25.55,24.10,24.70,26775,680975
20220510,12:54,24.60,26.10,24.45,25.75,33450,667325
20220510,12:55,25.75,26.65,24.85,25.90,57475,667325
20220510,12:56,25.95,26.25,25.45,25.80,26850,667325
20220510,12:57,25.85,26.50,25.10,25.10,48250,651925
20220510,12:58,25.00,25.90,24.80,25.00,24550,651925
20220510,12:59,24.75,25.45,24.60,25.10,21175,651925
20220510,13:00,24.85,24.85,22.65,23.45,43525,646900
20220510,13:01,23.00,24.05,23.00,23.25,18850,646900
20220510,13:02,23.40,23.85,22.95,23.65,18975,646900
20220510,13:03,23.80,23.80,22.70,23.30,12925,647375
20220510,13:04,23.15,23.95,21.30,21.35,29875,647375
20220510,13:05,21.55,22.50,20.60,22.30,46225,647375
20220510,13:06,22.10,22.10,21.20,21.45,19525,636200
20220510,13:07,21.50,22.65,21.50,21.70,28900,636200
20220510,13:08,21.75,24.55,21.75,24.35,37075,636200
20220510,13:09,24.60,24.95,24.20,24.20,16825,635600
20220510,13:10,24.20,25.30,23.95,24.65,34150,635600
20220510,13:11,25.00,25.20,24.35,24.80,15050,635600
20220510,13:12,24.65,25.30,23.35,23.40,39150,626050
20220510,13:13,23.30,24.10,22.85,23.10,16625,626050
20220510,13:14,23.45,23.45,22.90,23.30,11200,626050
20220510,13:15,23.30,23.75,22.90,23.05,13925,636825
20220510,13:16,22.95,23.15,21.25,21.25,21375,636825
20220510,13:17,21.30,22.40,20.95,21.70,39250,636825
20220510,13:18,21.65,21.75,19.60,19.60,30900,639300
20220510,13:19,19.90,19.90,17.95,18.05,59925,639300
20220510,13:20,17.85,18.75,17.55,17.70,36350,639300
20220510,13:21,17.85,19.25,17.60,19.20,27025,649425
20220510,13:22,19.25,19.65,18.90,19.50,24050,649425
20220510,13:23,19.55,19.55,18.50,18.70,29725,649425
20220510,13:24,18.85,19.45,18.45,19.05,19250,662975
20220510,13:25,19.20,20.25,18.75,20.15,27475,662975
20220510,13:26,20.20,21.00,19.80,20.05,32925,662975
20220510,13:27,20.25,21.10,19.90,20.60,28900,670400
20220510,13:28,20.65,21.10,20.40,20.45,17700,670400
20220510,13:29,20.50,20.70,18.60,18.60,39600,670400
20220510,13:30,18.40,18.95,17.40,18.05,36750,684575
20220510,13:31,18.25,18.70,18.00,18.00,11800,684575
20220510,13:32,17.95,18.00,17.15,17.15,25850,684575
20220510,13:33,17.20,17.85,16.95,17.15,21100,694500
20220510,13:34,17.20,18.10,17.20,18.00,8875,694500
20220510,13:35,17.55,18.15,17.40,18.00,14600,694500
20220510,13:36,18.10,18.95,17.85,18.45,16650,699025
20220510,13:37,18.55,18.90,18.10,18.90,12325,699025
20220510,13:38,18.75,19.80,18.45,19.55,17275,699025
20220510,13:39,19.70,20.20,19.35,19.65,16800,706475
20220510,13:40,19.70,20.00,19.25,19.50,15775,706475
20220510,13:41,19.45,19.60,18.90,18.90,16225,706475
20220510,13:42,18.95,20.15,18.75,19.75,22750,704600
20220510,13:43,19.90,20.30,19.30,19.40,31350,704600
20220510,13:44,19.35,19.70,18.10,18.35,28800,704600
20220510,13:45,18.40,19.75,18.30,19.60,12125,710200
20220510,13:46,19.60,19.80,18.90,19.40,15050,710200
20220510,13:47,19.30,19.30,18.50,18.70,11025,710200
20220510,13:48,18.55,19.15,18.20,18.55,10200,711275
20220510,13:49,18.70,18.80,18.20,18.40,10425,711275
20220510,13:50,18.40,19.00,18.30,18.75,8975,711275
20220510,13:51,18.55,18.95,18.10,18.10,4175,715600
20220510,13:52,18.00,19.00,17.60,18.90,18500,715600
20220510,13:53,19.00,19.45,18.20,18.40,13950,715600
20220510,13:54,18.00,18.95,18.00,18.75,9850,716900
20220510,13:55,18.60,18.80,18.10,18.30,6825,716900
20220510,13:56,18.70,18.90,18.20,18.20,6750,716900
20220510,13:57,18.40,18.90,18.30,18.50,4275,716650
20220510,13:58,18.40,18.75,18.10,18.40,8375,716650
20220510,13:59,18.25,18.35,17.95,18.15,8100,716650
20220510,14:00,18.05,18.50,18.00,18.25,13425,717600
20220510,14:01,18.30,18.55,18.25,18.35,6750,717600
20220510,14:02,18.45,18.85,18.30,18.50,7250,717600
20220510,14:03,18.55,18.65,18.20,18.20,9050,715350
20220510,14:04,18.15,18.50,18.00,18.50,6725,715350
20220510,14:05,18.45,18.50,18.10,18.15,7875,715350
20220510,14:06,18.40,18.80,18.25,18.30,9675,716650
20220510,14:07,18.40,18.80,18.30,18.75,8750,716650
20220510,14:08,18.70,18.85,18.50,18.85,13125,716650
20220510,14:09,18.80,21.55,18.40,21.55,55075,719725
20220510,14:10,22.00,22.85,21.20,22.40,98350,719725
20220510,14:11,22.40,25.25,22.35,24.05,69875,719725
20220510,14:12,24.20,24.55,22.75,22.80,51600,724525
20220510,14:13,22.70,24.25,22.70,23.75,27525,724525
20220510,14:14,23.80,24.30,23.65,23.75,17425,724525
20220510,14:15,23.95,24.20,22.70,23.40,26225,725800
20220510,14:16,23.60,24.30,23.15,23.85,30700,725800
20220510,14:17,23.70,24.90,23.20,24.45,24400,725800
20220510,14:18,24.55,24.75,23.60,24.10,25875,713350
20220510,14:19,24.05,25.45,24.05,24.10,37050,713350
20220510,14:20,24.05,25.05,24.05,24.45,24825,713350
20220510,14:21,24.40,25.80,23.60,25.00,39575,702300
20220510,14:22,24.75,25.80,24.30,24.80,36200,702300
20220510,14:23,24.95,25.20,24.05,24.75,16075,702300
20220510,14:24,24.75,24.95,23.85,24.35,26800,702925
20220510,14:25,24.30,25.60,24.25,24.25,27400,702925
20220510,14:26,24.55,24.65,23.00,23.00,31775,702925
20220510,14:27,22.45,22.95,19.40,19.40,68850,698550
20220510,14:28,19.15,21.40,18.20,21.30,47450,698550
20220510,14:29,20.95,21.50,20.60,20.65,19800,698550
20220510,14:30,20.55,21.00,19.15,19.20,29975,688375
20220510,14:31,19.40,21.00,19.35,20.05,27400,688375
20220510,14:32,19.95,21.35,19.90,21.30,35325,688375
20220510,14:33,21.30,22.60,21.30,21.90,38450,691050
20220510,14:34,21.80,22.40,20.85,20.85,28025,691050
20220510,14:35,21.10,22.30,21.00,21.75,22375,691050
20220510,14:36,21.75,22.45,21.60,22.00,19575,693525
20220510,14:37,22.00,22.50,21.80,22.30,25425,693525
20220510,14:38,22.25,22.45,21.50,21.85,16875,693525
20220510,14:39,21.65,22.20,21.40,22.05,15400,690400
20220510,14:40,22.10,22.10,21.40,21.70,11525,690400
20220510,14:41,21.65,24.50,21.55,24.05,47600,690400
20220510,14:42,23.70,24.05,22.90,22.95,24450,683750
20220510,14:43,22.90,23.65,22.85,23.05,12875,683750
20220510,14:44,22.90,24.10,22.60,23.30,22225,683750
20220510,14:45,23.65,24.25,21.65,21.65,35900,680175
20220510,14:46,21.90,23.35,21.80,21.80,25100,680175
20220510,14:47,21.60,22.30,19.70,19.70,29750,680175
20220510,14:48,19.70,21.05,19.70,20.00,18525,689900
20220510,14:49,20.15,20.55,19.05,20.00,19500,689900
20220510,14:50,19.85,20.15,18.90,19.75,28250,689900
20220510,14:51,20.15,20.85,20.00,20.20,19750,685575
20220510,14:52,20.25,20.45,20.00,20.45,12450,685575
20220510,14:53,20.45,20.55,19.80,20.10,21550,685575
20220510,14:54,20.10,20.10,17.15,18.00,59900,685075
20220510,14:55,18.10,18.10,15.60,16.05,73475,685075
20220510,14:56,15.95,16.40,14.70,14.90,48025,685075
20220510,14:57,14.95,15.10,13.90,14.55,58500,658375
20220510,14:58,14.65,15.45,14.60,15.35,52550,658375
20220510,14:59,15.15,15.55,14.20,14.25,50825,658375
20220510,15:00,14.90,15.30,14.30,14.45,53225,668925
20220510,15:01,14.40,15.00,12.65,12.65,92800,668925
20220510,15:02,12.55,12.85,11.15,11.55,94050,668925
20220510,15:03,11.55,12.30,11.50,11.85,48875,679700
20220510,15:04,11.80,12.35,11.50,11.50,48625,679700
20220510,15:05,11.55,12.25,11.30,11.55,111400,679700
20220510,15:06,11.55,11.75,10.65,10.85,70975,666075
20220510,15:07,10.75,10.85,10.25,10.75,59200,666075
20220510,15:08,10.65,11.95,10.65,11.95,44050,666075
20220510,15:09,11.90,12.50,11.75,12.30,54700,664125
20220510,15:10,12.35,12.40,11.80,12.30,56075,664125
20220510,15:11,12.30,12.40,11.65,11.95,43000,664125
20220510,15:12,11.90,12.15,11.70,11.75,33075,657625
20220510,15:13,11.60,11.95,10.65,10.75,32000,657625
20220510,15:14,10.90,10.95,10.35,10.55,48325,657625
20220510,15:15,10.65,11.00,10.05,10.95,58125,649900
20220510,15:16,11.10,11.20,10.45,10.55,35850,649900
20220510,15:17,10.65,11.00,10.50,10.60,30000,649900
20220510,15:18,10.60,10.80,10.25,10.55,29575,639375
20220510,15:19,10.50,10.70,10.10,10.40,41975,639375
20220510,15:20,10.50,10.60,10.05,10.30,47025,639375
20220510,15:21,10.20,10.45,9.80,9.90,35925,650125
20220510,15:22,10.00,10.65,9.90,9.95,59550,650125
20220510,15:23,9.95,10.40,9.95,10.40,32275,650125
20220510,15:24,10.50,10.50,10.05,10.15,80150,637875
20220510,15:25,10.15,10.20,9.20,9.65,114825,637875
20220510,15:26,9.55,10.05,9.50,9.95,52450,637875
20220510,15:27,9.85,10.05,9.70,10.05,63775,605225
20220510,15:28,9.95,10.05,9.50,9.55,67350,605225
20220510,15:29,9.55,10.35,9.15,9.15,75425,605225
20220510,15:30,9.85,9.85,9.85,9.85,250,605225
20220511,09:15,11.70,13.15,9.05,12.35,176153,592900
20220511,09:16,12.00,13.30,11.80,12.25,92975,592900
20220511,09:17,12.20,13.35,12.15,12.75,105350,618375
20220511,09:18,12.80,13.00,12.40,12.45,51575,618375
20220511,09:19,12.35,12.75,12.20,12.60,44800,618375
20220511,09:20,12.50,12.55,11.85,12.40,49650,642875
20220511,09:21,12.45,12.55,11.50,11.60,54000,642875
20220511,09:22,11.70,11.70,11.15,11.55,32700,642875
20220511,09:23,11.60,11.85,11.30,11.85,20200,651825
20220511,09:24,11.80,11.80,11.40,11.55,40975,651825
20220511,09:25,11.50,11.55,10.90,11.15,41225,651825
20220511,09:26,11.25,11.35,10.90,11.30,28550,643650
20220511,09:27,11.30,11.85,11.15,11.70,36000,643650
20220511,09:28,11.70,11.85,11.60,11.80,23675,643650
20220511,09:29,11.80,11.95,11.65,11.95,35525,643525
20220511,09:30,11.90,11.90,11.40,11.40,38725,643525
20220511,09:31,11.45,11.80,11.20,11.30,42975,643525
20220511,09:32,11.25,11.50,11.15,11.50,25525,646550
20220511,09:33,11.35,11.35,10.95,11.05,30950,646550
20220511,09:34,11.05,11.10,10.75,10.80,30125,646550
20220511,09:35,10.80,11.00,10.65,11.00,19675,657375
20220511,09:36,11.00,11.05,10.75,10.80,28850,657375
20220511,09:37,10.80,11.15,10.60,11.15,56325,657375
20220511,09:38,11.10,11.35,11.00,11.15,34575,666700
20220511,09:39,11.30,11.60,11.15,11.30,30650,666700
20220511,09:40,11.30,11.55,11.20,11.55,33550,666700
20220511,09:41,11.45,11.60,11.25,11.25,43325,680225
20220511,09:42,11.35,11.50,11.10,11.25,32250,680225
20220511,09:43,11.35,11.60,11.20,11.30,35375,680225
20220511,09:44,11.35,11.45,11.05,11.10,22675,683275
20220511,09:45,11.20,11.50,10.65,11.00,63175,683275
20220511,09:46,10.95,11.35,10.80,11.15,27025,683275
20220511,09:47,11.15,11.45,11.05,11.25,22800,693275
20220511,09:48,11.20,11.55,11.20,11.20,18875,693275
20220511,09:49,11.15,11.40,11.15,11.40,17250,693275
20220511,09:50,11.40,11.75,11.40,11.75,59450,705200
20220511,09:51,11.65,12.10,11.55,11.70,99225,705200
20220511,09:52,11.70,11.80,11.50,11.50,28700,705200
20220511,09:53,11.60,11.70,11.00,11.00,41775,773425
20220511,09:54,11.05,11.15,10.60,10.60,46575,773425
20220511,09:55,10.70,11.20,10.35,11.20,60900,773425
20220511,09:56,11.30,11.60,11.10,11.45,44350,780725
20220511,09:57,11.55,11.55,10.95,11.25,28275,780725
20220511,09:58,11.25,11.35,11.00,11.00,24250,780725
20220511,09:59,11.10,11.25,11.05,11.15,28775,793400
20220511,10:00,11.05,11.25,10.95,11.00,22450,793400
20220511,10:01,11.15,11.15,10.70,11.00,29650,793400
20220511,10:02,10.95,11.10,10.80,10.95,24050,814275
20220511,10:03,10.85,11.00,10.80,10.90,11475,814275
20220511,10:04,10.95,11.00,10.75,10.90,14500,814275
20220511,10:05,10.95,11.15,10.85,10.95,22525,823400
20220511,10:06,11.00,11.30,10.85,11.00,14375,823400
20220511,10:07,11.20,11.20,10.90,11.00,12300,823400
20220511,10:08,11.00,11.10,10.80,11.10,19150,829150
20220511,10:09,11.00,11.10,10.80,10.95,16875,829150
20220511,10:10,11.05,11.25,11.05,11.05,19275,829150
20220511,10:11,11.10,11.30,11.05,11.10,22775,833100
20220511,10:12,11.15,11.50,11.00,11.05,23250,833100
20220511,10:13,11.05,11.55,11.05,11.25,52075,833100
20220511,10:14,11.35,11.35,10.90,11.05,93950,778875
20220511,10:15,11.05,11.25,10.85,10.90,92500,778875
20220511,10:16,10.85,11.20,10.85,11.10,20850,778875
20220511,10:17,11.10,11.30,10.95,11.00,12350,722200
20220511,10:18,11.10,11.35,11.00,11.05,11725,722200
20220511,10:19,10.95,11.05,10.80,10.90,6950,722200
20220511,10:20,10.95,11.00,10.75,11.00,5975,724325
20220511,10:21,11.05,11.25,11.00,11.15,11425,724325
20220511,10:22,11.20,11.20,11.05,11.10,6500,724325
20220511,10:23,11.05,11.15,11.05,11.05,4350,727550
20220511,10:24,11.05,11.45,11.00,11.20,15750,727550
20220511,10:25,11.30,11.35,11.10,11.20,19800,727550
20220511,10:26,11.20,12.00,11.10,11.55,50225,724175
20220511,10:27,11.40,11.70,10.90,11.25,71325,724175
20220511,10:28,11.25,11.70,10.80,11.00,29525,724175
20220511,10:29,10.95,11.45,10.85,11.20,24125,741750
20220511,10:30,11.15,11.30,11.00,11.10,36325,741750
20220511,10:31,11.10,11.15,10.90,11.05,23950,741750
20220511,10:32,11.00,11.10,10.70,11.00,32875,743325
20220511,10:33,10.95,11.30,10.85,11.00,30850,743325
20220511,10:34,11.15,11.15,10.90,10.90,18425,743325
20220511,10:35,10.90,10.90,10.45,10.45,20075,741500
20220511,10:36,10.50,10.60,10.45,10.50,12575,741500
20220511,10:37,10.45,10.45,10.30,10.45,11500,741500
20220511,10:38,10.45,10.45,10.25,10.35,14375,742625
20220511,10:39,10.40,10.50,10.30,10.35,18050,742625
20220511,10:40,10.40,10.45,10.25,10.30,13750,742625
20220511,10:41,10.25,10.35,10.25,10.30,8900,738500
20220511,10:42,10.30,10.35,10.15,10.25,31825,738500
20220511,10:43,10.25,10.25,9.95,10.05,23750,738500
20220511,10:44,10.15,10.25,9.90,10.15,16400,727225
20220511,10:45,10.10,10.35,10.10,10.30,21775,727225
20220511,10:46,10.15,10.55,10.05,10.40,25400,727225
20220511,10:47,10.50,10.80,10.40,10.80,13900,723475
20220511,10:48,10.70,10.85,10.60,10.70,8475,723475
20220511,10:49,10.65,10.90,10.60,10.70,14175,723475
20220511,10:50,10.65,10.80,10.50,10.65,12750,720450
20220511,10:51,10.75,10.85,10.60,10.65,10825,720450
20220511,10:52,10.65,10.75,10.60,10.65,6000,720450
20220511,10:53,10.55,10.80,10.55,10.55,18675,721575
20220511,10:54,10.65,10.75,10.50,10.70,12175,721575
20220511,10:55,10.75,10.95,10.70,10.75,13250,721575
20220511,10:56,10.75,10.75,10.45,10.50,16050,726325
20220511,10:57,10.60,10.70,10.10,10.10,13000,726325
20220511,10:58,10.15,10.35,10.10,10.30,11300,726325
20220511,10:59,10.25,10.35,10.15,10.35,10225,727325
20220511,11:00,10.20,10.35,10.15,10.30,8875,727325
20220511,11:01,10.25,10.40,10.15,10.20,5050,727325
20220511,11:02,10.20,10.35,10.10,10.30,6350,724725
20220511,11:03,10.35,10.80,10.30,10.50,14175,724725
20220511,11:04,10.50,10.50,10.20,10.30,12225,724725
20220511,11:05,10.35,10.40,10.10,10.10,5550,726700
20220511,11:06,10.10,10.25,10.00,10.20,8025,726700
20220511,11:07,10.30,10.30,10.05,10.15,8225,726700
20220511,11:08,10.20,10.25,10.10,10.15,6800,727275
20220511,11:09,10.10,10.30,10.10,10.20,4900,727275
20220511,11:10,10.20,10.20,9.95,10.05,34525,727275
20220511,11:11,10.05,10.20,9.95,10.00,5950,728600
20220511,11:12,9.95,10.05,9.90,10.05,11750,728600
20220511,11:13,10.05,10.10,9.95,9.95,11475,728600
20220511,11:14,10.00,10.15,10.00,10.00,5500,735800
20220511,11:15,10.00,10.10,9.85,9.90,14825,735800
20220511,11:16,9.95,10.10,9.90,10.00,12700,735800
20220511,11:17,9.90,10.05,9.90,9.95,10300,738500
20220511,11:18,10.00,10.10,9.90,10.00,12250,738500
20220511,11:19,10.00,10.05,9.75,9.75,13800,738500
20220511,11:20,9.80,10.00,9.75,10.00,14225,729575
20220511,11:21,9.95,10.35,9.95,10.30,11400,729575
20220511,11:22,10.40,10.45,10.05,10.05,31450,729575
20220511,11:23,10.05,10.15,10.00,10.00,11950,728275
20220511,11:24,10.10,10.20,10.05,10.15,8525,728275
20220511,11:25,10.25,10.40,10.20,10.40,7950,728275
20220511,11:26,10.45,10.65,10.35,10.55,8175,728075
20220511,11:27,10.65,10.75,10.55,10.65,10750,728075
20220511,11:28,10.65,10.70,10.55,10.55,9175,728075
20220511,11:29,10.60,10.65,10.45,10.55,4525,728575
20220511,11:30,10.50,10.55,10.30,10.50,13475,728575
20220511,11:31,10.50,10.60,10.40,10.55,8550,728575
20220511,11:32,10.45,10.50,10.30,10.40,8050,731575
20220511,11:33,10.40,10.65,10.30,10.55,7625,731575
20220511,11:34,10.65,10.65,10.45,10.60,7450,731575
20220511,11:35,10.55,10.80,10.55,10.65,6400,735075
20220511,11:36,10.65,10.65,10.50,10.60,5850,735075
20220511,11:37,10.60,10.75,10.55,10.70,5475,735075
20220511,11:38,10.60,10.75,10.45,10.45,12100,741575
20220511,11:39,10.40,10.50,10.25,10.25,6450,741575
20220511,11:40,10.30,10.40,10.05,10.15,6775,741575
20220511,11:41,10.10,10.20,10.05,10.10,7025,738425
20220511,11:42,10.15,10.50,10.05,10.40,60400,738425
20220511,11:43,10.35,10.65,10.25,10.55,31275,738425
20220511,11:44,10.60,10.70,10.45,10.65,25400,725050
20220511,11:45,10.65,11.20,10.55,10.55,43600,725050
20220511,11:46,10.45,10.65,10.25,10.30,8750,725050
20220511,11:47,10.30,10.55,10.25,10.25,13450,721050
20220511,11:48,10.25,10.30,10.05,10.10,9200,721050
20220511,11:49,10.15,10.40,10.10,10.40,10625,721050
20220511,11:50,10.30,10.35,10.00,10.15,17975,723200
20220511,11:51,10.10,10.20,10.00,10.10,11225,723200
20220511,11:52,10.10,10.20,10.05,10.15,7450,723200
20220511,11:53,10.15,10.15,9.90,10.00,9000,722700
20220511,11:54,10.00,10.10,9.80,9.90,3950,722700
20220511,11:55,9.90,9.95,9.55,9.65,6950,722700
20220511,11:56,9.45,9.50,8.80,9.40,27600,721225
20220511,11:57,9.40,9.75,9.40,9.50,14275,721225
20220511,11:58,9.35,9.40,8.95,9.30,7375,721225
20220511,11:59,9.25,9.40,9.15,9.20,6425,715575
20220511,12:00,9.20,9.30,9.15,9.30,2625,715575
20220511,12:01,9.35,9.40,9.10,9.15,10350,715575
20220511,12:02,9.10,9.25,8.85,9.25,16500,710375
20220511,12:03,9.40,9.60,9.30,9.40,12125,710375
20220511,12:04,9.30,9.35,9.05,9.10,9325,710375
20220511,12:05,9.10,9.35,9.05,9.15,6025,709050
20220511,12:06,9.15,9.25,8.95,9.00,4575,709050
20220511,12:07,9.05,9.20,8.90,9.05,11450,709050
20220511,12:08,9.05,9.15,8.80,8.85,8750,709300
20220511,12:09,8.85,9.15,8.75,9.10,21675,709300
20220511,12:10,9.05,9.20,9.00,9.10,8975,709300
20220511,12:11,9.10,9.20,9.00,9.20,7875,709050
20220511,12:12,9.10,9.30,9.05,9.15,15725,709050
20220511,12:13,9.10,9.20,8.80,9.00,14450,709050
20220511,12:14,9.00,9.10,8.95,9.10,14050,715875
20220511,12:15,9.10,9.10,8.90,9.00,6375,715875
20220511,12:16,9.00,9.10,8.90,8.90,4175,715875
20220511,12:17,8.90,9.00,8.75,8.85,8300,718250
20220511,12:18,8.85,8.90,8.75,8.75,14250,718250
20220511,12:19,8.75,8.95,8.65,8.90,10000,718250
20220511,12:20,9.00,9.00,8.85,9.00,9425,710850
20220511,12:21,9.00,9.10,8.90,9.10,14275,710850
20220511,12:22,9.00,9.10,8.90,9.10,6425,710850
20220511,12:23,9.05,9.10,8.95,9.00,4400,708950
20220511,12:24,8.95,9.05,8.90,8.95,7050,708950
20220511,12:25,8.95,9.00,8.85,8.95,5900,708950
20220511,12:26,8.95,9.00,8.85,8.95,7025,708950
20220511,12:27,8.95,8.95,8.85,8.85,10350,712025
20220511,12:28,8.90,9.00,8.75,8.85,12875,712025
20220511,12:29,8.75,8.85,8.60,8.75,21450,710400
20220511,12:30,8.85,9.00,8.65,8.65,13250,710400
20220511,12:31,8.60,8.70,8.40,8.55,25625,710400
20220511,12:32,8.55,8.80,8.55,8.75,12250,711300
20220511,12:33,8.75,8.85,8.70,8.75,16925,711300
20220511,12:34,8.85,8.85,8.55,8.65,20725,711300
20220511,12:35,8.65,8.65,8.35,8.40,34025,711300
20220511,12:36,8.45,8.50,8.35,8.45,13900,705075
20220511,12:37,8.40,8.55,8.35,8.50,10875,705075
20220511,12:38,8.45,8.50,8.35,8.40,16000,705075
20220511,12:39,8.40,8.50,8.35,8.40,8275,696275
20220511,12:40,8.30,8.50,8.30,8.45,16175,696275
20220511,12:41,8.40,8.40,8.30,8.35,7575,696275
20220511,12:42,8.35,8.40,8.30,8.30,6000,693625
20220511,12:43,8.35,8.35,8.20,8.20,13825,693625
20220511,12:44,8.25,8.55,8.25,8.30,26250,693625
20220511,12:45,8.35,8.50,8.10,8.45,44025,690225
20220511,12:46,8.45,8.55,8.35,8.45,23025,690225
20220511,12:47,8.55,8.70,8.45,8.50,26500,690225
20220511,12:48,8.55,8.60,8.35,8.50,21100,682925
20220511,12:49,8.40,8.65,8.35,8.55,19525,682925
20220511,12:50,8.60,8.95,8.55,8.85,21000,682925
20220511,12:51,8.85,9.10,8.80,8.95,19050,677575
20220511,12:52,8.90,9.15,8.85,9.10,15100,677575
20220511,12:53,9.10,9.10,8.55,8.60,17225,677575
20220511,12:54,8.60,8.75,8.35,8.50,16775,677275
20220511,12:55,8.50,8.85,8.50,8.65,32375,677275
20220511,12:56,8.70,9.15,8.65,9.10,13175,677275
20220511,12:57,9.10,9.15,8.90,9.00,65850,688525
20220511,12:58,9.00,9.05,8.85,9.00,23000,688525
20220511,12:59,8.85,8.90,8.65,8.70,19975,688525
20220511,13:00,8.70,9.15,8.60,8.95,21050,686600
20220511,13:01,9.05,9.10,8.90,9.05,43050,686600
20220511,13:02,9.10,9.15,8.95,9.10,11775,686600
20220511,13:03,9.05,9.20,8.95,9.20,17775,691125
20220511,13:04,9.10,9.20,8.85,8.95,20075,691125
20220511,13:05,8.95,9.20,8.90,9.05,14350,691125
20220511,13:06,9.10,9.30,9.00,9.25,29225,698825
20220511,13:07,9.30,9.35,9.00,9.15,16875,698825
20220511,13:08,9.20,9.50,9.05,9.45,21675,698825
20220511,13:09,9.40,9.65,9.30,9.40,10375,697875
20220511,13:10,9.45,9.70,9.45,9.50,14400,697875
20220511,13:11,9.45,9.70,9.45,9.65,15625,697875
20220511,13:12,9.70,9.80,9.50,9.50,9800,694525
20220511,13:13,9.50,9.60,9.20,9.30,16000,694525
20220511,13:14,9.35,9.45,9.10,9.25,20450,694525
20220511,13:15,9.25,9.40,9.15,9.15,19625,687875
20220511,13:16,9.10,9.15,9.00,9.05,8800,687875
20220511,13:17,9.00,9.10,8.95,9.00,5675,687875
20220511,13:18,9.05,9.05,8.65,8.95,15400,689400
20220511,13:19,9.00,9.20,9.00,9.15,8275,689400
20220511,13:20,9.15,9.25,8.95,9.00,7350,689400
20220511,13:21,8.95,9.15,8.95,9.10,14250,686725
20220511,13:22,9.15,9.50,9.10,9.35,26450,686725
20220511,13:23,9.30,9.40,9.05,9.10,8250,686725
20220511,13:24,9.05,9.25,8.95,9.25,6050,695875
20220511,13:25,9.30,9.45,9.20,9.35,4400,695875
20220511,13:26,9.45,9.45,9.25,9.30,7425,695875
20220511,13:27,9.30,9.55,9.25,9.55,6500,696725
20220511,13:28,9.50,9.60,9.35,9.45,13425,696725
20220511,13:29,9.45,9.55,9.30,9.50,12200,696725
20220511,13:30,9.50,9.80,9.45,9.55,10900,701425
20220511,13:31,9.60,9.65,9.45,9.50,12750,701425
20220511,13:32,9.50,9.75,9.50,9.65,7300,701425
20220511,13:33,9.65,9.90,9.65,9.80,12950,702825
20220511,13:34,9.80,9.85,9.30,9.35,15300,702825
20220511,13:35,9.35,9.45,9.00,9.45,14000,702825
20220511,13:36,9.40,9.40,8.95,8.95,17325,703500
20220511,13:37,8.95,9.00,8.70,8.75,12375,703500
20220511,13:38,8.75,8.75,8.55,8.70,16400,703500
20220511,13:39,8.65,8.90,8.65,8.85,17625,705200
20220511,13:40,8.85,9.00,8.80,9.00,9875,705200
20220511,13:41,9.00,9.05,8.50,8.55,12675,705200
20220511,13:42,8.55,8.65,8.40,8.40,9325,708750
20220511,13:43,8.40,8.55,8.35,8.40,6600,708750
20220511,13:44,8.35,8.50,8.30,8.30,3225,708750
20220511,13:45,8.35,8.45,8.25,8.30,7550,706150
20220511,13:46,8.20,8.25,8.00,8.25,17325,706150
20220511,13:47,8.20,8.35,8.15,8.25,13200,706150
20220511,13:48,8.30,8.35,8.00,8.00,11100,704175
20220511,13:49,8.00,8.20,7.95,8.05,8700,704175
20220511,13:50,8.15,8.20,8.00,8.05,6450,704175
20220511,13:51,8.05,8.05,7.80,7.80,16125,706600
20220511,13:52,7.85,8.05,7.85,7.95,10175,706600
20220511,13:53,7.85,8.05,7.65,7.70,18325,706600
20220511,13:54,7.75,7.85,7.60,7.70,7475,700725
20220511,13:55,7.80,7.85,7.50,7.55,21500,700725
20220511,13:56,7.65,7.80,7.60,7.80,14425,700725
20220511,13:57,7.85,7.95,7.75,7.80,22525,687100
20220511,13:58,7.85,7.90,7.75,7.80,13275,687100
20220511,13:59,7.80,7.85,7.70,7.80,24075,687100
20220511,14:00,7.85,8.60,7.85,8.30,61125,678625
20220511,14:01,8.20,8.70,8.10,8.55,28850,678625
20220511,14:02,8.55,8.80,8.30,8.60,46000,678625
20220511,14:03,8.75,9.00,8.45,8.60,38650,668800
20220511,14:04,8.65,9.10,8.60,9.10,39275,668800
20220511,14:05,9.05,9.45,8.70,9.45,41475,668800
20220511,14:06,9.50,10.50,9.50,10.30,41825,670275
20220511,14:07,10.25,10.35,9.60,9.80,71725,670275
20220511,14:08,9.80,10.10,9.65,9.65,35475,670275
20220511,14:09,9.70,10.00,9.50,9.55,26975,663225
20220511,14:10,9.55,9.60,8.90,8.95,40775,663225
20220511,14:11,8.75,9.00,8.65,8.90,66125,663225
20220511,14:12,8.80,9.20,8.55,9.20,75050,655300
20220511,14:13,9.20,9.35,8.70,9.10,51975,655300
20220511,14:14,9.15,9.20,8.85,9.05,24675,655300
20220511,14:15,9.05,9.25,8.80,8.85,20100,662750
20220511,14:16,8.90,8.90,8.35,8.50,24825,662750
20220511,14:17,8.45,8.85,8.35,8.85,18050,662750
20220511,14:18,8.80,9.00,8.55,8.65,30450,667175
20220511,14:19,8.70,8.80,8.30,8.75,26500,667175
20220511,14:20,8.70,8.95,8.25,8.45,48025,667175
20220511,14:21,8.50,8.85,8.50,8.70,12375,655200
20220511,14:22,8.70,8.80,8.30,8.65,31950,655200
20220511,14:23,8.65,8.70,8.25,8.25,25100,655200
20220511,14:24,8.25,8.55,8.15,8.30,31625,652475
20220511,14:25,8.35,8.55,8.25,8.55,17650,652475
20220511,14:26,8.55,8.55,8.10,8.25,19375,652475
20220511,14:27,8.15,8.50,8.10,8.15,13700,659850
20220511,14:28,8.20,8.40,8.10,8.40,19950,659850
20220511,14:29,8.40,8.45,8.05,8.25,25725,659850
20220511,14:30,8.30,8.30,7.70,7.75,31225,663175
20220511,14:31,7.55,7.65,7.05,7.10,39400,663175
20220511,14:32,7.05,7.05,6.70,6.85,56825,663175
20220511,14:33,6.90,7.15,6.90,7.10,36400,658525
20220511,14:34,7.05,7.10,6.90,6.95,29400,658525
20220511,14:35,7.00,7.00,6.65,6.90,29150,658525
20220511,14:36,6.85,7.00,6.65,6.90,29100,644050
20220511,14:37,6.95,7.20,6.60,6.80,31500,644050
20220511,14:38,6.80,6.95,6.55,6.70,32375,644050
20220511,14:39,6.80,7.00,6.65,6.85,30050,626375
20220511,14:40,6.90,7.65,6.80,7.55,37650,626375
20220511,14:41,7.45,7.75,7.35,7.70,31350,626375
20220511,14:42,7.70,7.70,7.20,7.60,52750,616175
20220511,14:43,7.55,7.70,7.25,7.30,34200,616175
20220511,14:44,7.40,7.65,7.25,7.55,42025,616175
20220511,14:45,7.40,7.55,6.85,7.55,50525,597725
20220511,14:46,7.55,7.65,7.00,7.25,33975,597725
20220511,14:47,7.25,7.40,7.00,7.00,17800,597725
20220511,14:48,7.05,7.20,6.65,7.15,34825,586150
20220511,14:49,7.10,7.15,6.55,6.65,30450,586150
20220511,14:50,6.75,7.00,6.75,6.80,22075,586150
20220511,14:51,6.85,7.00,6.65,6.90,24925,566125
20220511,14:52,6.95,6.95,6.75,6.85,22975,566125
20220511,14:53,6.85,7.25,6.65,6.70,44125,566125
20220511,14:54,6.75,6.90,6.30,6.30,32700,559800
20220511,14:55,6.25,6.75,6.25,6.50,25350,559800
20220511,14:56,6.50,6.65,6.45,6.50,17975,559800
20220511,14:57,6.45,6.50,6.20,6.35,23575,543075
20220511,14:58,6.35,6.40,6.05,6.30,31200,543075
20220511,14:59,6.35,6.50,6.30,6.45,22150,543075
20220511,15:00,6.40,6.50,6.10,6.15,45475,512625
20220511,15:01,6.20,6.40,5.70,5.90,34750,512625
20220511,15:02,5.95,6.05,5.50,5.80,49975,512625
20220511,15:03,5.75,6.10,5.75,5.80,42250,513775
20220511,15:04,5.75,5.85,5.65,5.80,20650,513775
20220511,15:05,5.80,6.05,5.75,5.95,27450,513775
20220511,15:06,5.95,6.55,5.90,6.50,37125,499275
20220511,15:07,6.50,6.70,6.10,6.15,37350,499275
20220511,15:08,6.10,6.40,6.00,6.00,20125,499275
20220511,15:09,6.00,6.10,5.85,6.00,21900,494675
20220511,15:10,6.00,6.25,5.90,5.95,47600,494675
20220511,15:11,6.00,6.00,5.75,5.80,46375,494675
20220511,15:12,5.85,5.85,5.60,5.75,19200,505575
20220511,15:13,5.75,5.80,5.70,5.80,12450,505575
20220511,15:14,5.75,6.20,5.70,6.15,68050,505575
20220511,15:15,6.20,6.35,5.85,5.85,24825,521250
20220511,15:16,5.85,6.10,5.85,6.00,14450,521250
20220511,15:17,6.00,6.10,5.95,6.05,21475,521250
20220511,15:18,6.05,6.35,6.05,6.35,21575,513575
20220511,15:19,6.30,6.50,6.30,6.35,29375,513575
20220511,15:20,6.35,6.45,6.20,6.45,32350,513575
20220511,15:21,6.45,6.85,6.45,6.75,27600,523150
20220511,15:22,6.80,7.10,6.65,6.70,60250,523150
20220511,15:23,6.70,6.85,6.65,6.80,32725,523150
20220511,15:24,6.85,7.45,6.80,6.90,48775,521575
20220511,15:25,6.90,7.40,6.90,7.35,47500,521575
20220511,15:26,7.30,7.70,7.30,7.65,57600,521575
20220511,15:27,7.75,8.50,7.70,8.45,57250,512525
20220511,15:28,8.35,9.10,7.95,8.00,95250,512525
20220511,15:29,8.00,8.20,7.40,7.70,90175,512525
20220511,15:30,8.00,8.00,8.00,8.00,25,512525
20220512,09:15,4.95,4.95,2.85,3.25,162253,492800
20220512,09:16,3.25,3.45,3.15,3.25,129900,492800
20220512,09:17,3.25,3.40,3.15,3.15,73200,534475
20220512,09:18,3.15,3.15,2.65,2.70,112050,534475
20220512,09:19,2.70,2.85,2.70,2.80,55875,534475
20220512,09:20,2.80,3.40,2.80,3.35,73325,540550
20220512,09:21,3.30,3.45,3.30,3.35,59500,540550
20220512,09:22,3.35,3.35,3.25,3.30,30500,540550
20220512,09:23,3.30,3.45,3.30,3.35,60750,539675
20220512,09:24,3.35,3.45,3.25,3.45,51200,539675
20220512,09:25,3.35,3.45,3.30,3.40,50100,539675
20220512,09:26,3.35,3.55,3.30,3.55,32000,553250
20220512,09:27,3.50,3.70,3.45,3.60,47875,553250
20220512,09:28,3.60,3.80,3.60,3.75,128050,553250
20220512,09:29,3.80,3.95,3.75,3.90,51525,643975
20220512,09:30,3.90,4.15,3.90,4.10,49350,643975
20220512,09:31,4.05,4.30,4.05,4.20,52725,643975
20220512,09:32,4.20,4.20,4.05,4.10,47600,661625
20220512,09:33,4.10,4.15,3.90,3.90,41300,661625
20220512,09:34,3.90,4.05,3.75,3.95,103600,661625
20220512,09:35,3.90,4.05,3.85,4.05,74475,754050
20220512,09:36,4.05,4.35,4.05,4.30,40450,754050
20220512,09:37,4.30,5.00,4.25,4.55,48650,754050
20220512,09:38,4.55,4.70,4.20,4.20,42625,758375
20220512,09:39,4.20,4.35,4.10,4.35,22475,758375
20220512,09:40,4.35,4.70,4.25,4.65,27450,758375
20220512,09:41,4.65,4.95,4.65,4.70,23075,756475
20220512,09:42,4.70,4.90,4.65,4.85,88300,756475
20220512,09:43,4.85,4.95,4.70,4.85,68075,756475
20220512,09:44,4.85,5.40,4.80,5.35,32275,719775
20220512,09:45,5.30,5.55,5.25,5.50,30175,719775
20220512,09:46,5.55,5.85,5.45,5.50,26525,719775
20220512,09:47,5.50,5.75,5.35,5.75,78275,740275
20220512,09:48,5.75,5.80,5.60,5.70,20725,740275
20220512,09:49,5.75,6.00,5.70,6.00,26675,740275
20220512,09:50,5.95,6.10,5.95,6.00,30950,739375
20220512,09:51,6.10,6.40,5.80,5.80,92425,739375
20220512,09:52,5.85,5.90,5.40,5.50,85950,739375
20220512,09:53,5.50,5.90,5.50,5.90,22100,746750
20220512,09:54,5.85,6.05,5.80,6.00,11550,746750
20220512,09:55,6.00,6.20,5.95,6.15,17600,746750
20220512,09:56,6.15,6.15,5.80,5.85,24850,740475
20220512,09:57,5.80,5.90,5.70,5.85,25675,740475
20220512,09:58,5.85,6.20,5.80,6.10,36975,740475
20220512,09:59,6.15,6.15,5.75,5.80,20575,746025
20220512,10:00,5.85,5.85,5.70,5.75,13750,746025
20220512,10:01,5.80,5.80,5.50,5.55,23325,746025
20220512,10:02,5.55,5.75,5.30,5.30,74025,779625
20220512,10:03,5.35,5.65,5.20,5.55,295225,779625
20220512,10:04,5.50,5.60,5.35,5.45,23800,779625
20220512,10:05,5.50,5.90,5.50,5.75,90375,973050
20220512,10:06,5.80,5.85,5.55,5.55,13450,973050
20220512,10:07,5.55,5.65,5.35,5.40,22725,973050
20220512,10:08,5.30,5.40,5.25,5.25,12175,973325
20220512,10:09,5.30,5.45,5.10,5.35,21700,973325
20220512,10:10,5.40,5.75,5.30,5.75,35250,973325
20220512,10:11,5.75,5.80,5.65,5.75,27750,993200
20220512,10:12,5.75,6.00,5.75,5.95,12525,993200
20220512,10:13,5.85,6.10,5.85,6.00,20300,993200
20220512,10:14,6.00,6.00,5.80,5.85,16625,995000
20220512,10:15,5.80,6.40,5.80,6.40,24525,995000
20220512,10:16,6.50,6.90,6.45,6.45,45100,995000
20220512,10:17,6.45,6.45,5.95,5.95,10375,1016850
20220512,10:18,5.95,6.25,5.95,6.25,20200,1016850
20220512,10:19,6.25,6.65,6.20,6.65,22150,1016850
20220512,10:20,6.65,8.00,6.60,7.65,216000,974250
20220512,10:21,7.65,7.70,6.05,6.10,261650,974250
20220512,10:22,6.15,6.20,6.05,6.10,35900,974250
20220512,10:23,6.00,6.05,5.85,5.95,12650,762400
20220512,10:24,5.95,6.10,5.85,6.05,15975,762400
20220512,10:25,6.00,6.15,6.00,6.10,13950,762400
20220512,10:26,6.10,6.15,6.00,6.15,37700,756475
20220512,10:27,6.20,6.20,6.05,6.05,28900,756475
20220512,10:28,6.05,6.10,5.95,6.05,12575,756475
20220512,10:29,6.10,6.35,6.00,6.10,24500,738025
20220512,10:30,6.05,6.25,5.95,6.00,14475,738025
20220512,10:31,6.00,6.20,5.95,6.00,44350,738025
20220512,10:32,6.00,6.05,5.95,6.05,7150,764450
20220512,10:33,6.05,6.05,5.90,6.00,5750,764450
20220512,10:34,5.95,6.00,5.80,5.85,14600,764450
20220512,10:35,5.75,6.05,5.75,6.05,17050,763625
20220512,10:36,6.00,6.00,5.85,6.00,5750,763625
20220512,10:37,5.95,6.00,5.65,5.75,12400,763625
20220512,10:38,5.75,5.75,5.45,5.45,8975,765650
20220512,10:39,5.40,5.45,5.05,5.15,18975,765650
20220512,10:40,5.10,5.25,5.05,5.10,11550,765650
20220512,10:41,5.05,5.20,5.00,5.15,12175,751125
20220512,10:42,5.15,5.30,5.10,5.15,8600,751125
20220512,10:43,5.15,5.35,5.10,5.20,9175,751125
20220512,10:44,5.20,5.35,5.20,5.35,5375,750250
20220512,10:45,5.30,5.40,5.25,5.35,15100,750250
20220512,10:46,5.35,5.40,5.20,5.40,23775,750250
20220512,10:47,5.40,5.40,5.20,5.35,15450,750100
20220512,10:48,5.35,5.40,5.15,5.15,12475,750100
20220512,10:49,5.15,5.25,5.10,5.15,4100,750100
20220512,10:50,5.15,5.20,5.05,5.10,8850,752925
20220512,10:51,5.10,5.35,5.10,5.35,8150,752925
20220512,10:52,5.40,5.80,5.40,5.65,14600,752925
20220512,10:53,5.70,5.70,5.55,5.65,33175,769350
20220512,10:54,5.65,5.80,5.55,5.80,10575,769350
20220512,10:55,5.75,6.00,5.75,5.80,14175,769350
20220512,10:56,5.75,6.15,5.70,6.15,14400,780500
20220512,10:57,6.15,6.30,6.15,6.15,16425,780500
20220512,10:58,6.10,6.70,6.10,6.70,21450,780500
20220512,10:59,6.70,6.75,6.35,6.40,18875,787975
20220512,11:00,6.35,6.95,6.25,6.80,17600,787975
20220512,11:01,6.95,6.95,6.75,6.75,11775,787975
20220512,11:02,6.80,6.90,6.70,6.80,44500,769900
20220512,11:03,6.75,6.95,6.75,6.75,24450,769900
20220512,11:04,6.85,7.10,6.60,6.60,27300,769900
20220512,11:05,6.60,6.75,6.60,6.75,6100,756550
20220512,11:06,6.65,6.75,6.50,6.50,8750,756550
20220512,11:07,6.60,6.65,6.35,6.35,4475,756550
20220512,11:08,6.25,6.40,6.20,6.40,9175,759475
20220512,11:09,6.45,6.55,6.30,6.50,19075,759475
20220512,11:10,6.45,6.70,6.35,6.60,259225,759475
20220512,11:11,6.60,6.65,6.55,6.65,61325,943375
20220512,11:12,6.55,6.80,6.50,6.80,45025,943375
20220512,11:13,6.75,7.15,6.75,7.00,40300,943375
20220512,11:14,7.00,7.25,7.00,7.10,20225,975300
20220512,11:15,7.10,7.40,7.10,7.10,29525,975300
20220512,11:16,7.05,7.45,6.95,7.40,43500,975300
20220512,11:17,7.35,7.45,7.20,7.25,47125,1009125
20220512,11:18,7.30,7.40,7.20,7.35,8500,1009125
20220512,11:19,7.40,7.65,7.35,7.60,18975,1009125
20220512,11:20,7.65,7.95,7.65,7.80,18925,1029975
20220512,11:21,7.90,7.90,7.55,7.55,14950,1029975
20220512,11:22,7.60,7.60,7.40,7.50,18525,1029975
20220512,11:23,7.50,7.65,7.40,7.45,6500,1035700
20220512,11:24,7.50,7.50,6.90,6.95,20700,1035700
20220512,11:25,6.95,6.95,6.15,6.15,21625,1035700
20220512,11:26,6.10,6.15,5.60,5.65,25450,1035925
20220512,11:27,5.65,5.75,5.45,5.55,12750,1035925
20220512,11:28,5.50,5.60,5.50,5.60,9275,1035925
20220512,11:29,5.50,5.70,5.50,5.65,10175,1038075
20220512,11:30,5.65,5.65,5.30,5.30,20025,1038075
20220512,11:31,5.35,5.35,5.10,5.10,10475,1038075
20220512,11:32,5.10,5.25,5.10,5.10,12175,1039175
20220512,11:33,5.20,5.20,4.85,4.90,10175,1039175
20220512,11:34,4.80,4.90,4.65,4.80,27800,1039175
20220512,11:35,4.85,4.85,4.65,4.70,20300,1047300
20220512,11:36,4.70,4.90,4.70,4.75,18650,1047300
20220512,11:37,4.75,4.80,4.65,4.70,6225,1047300
20220512,11:38,4.70,4.70,4.55,4.55,16125,1057625
20220512,11:39,4.55,4.65,4.55,4.65,11225,1057625
20220512,11:40,4.65,4.70,4.55,4.60,16075,1057625
20220512,11:41,4.60,4.70,4.50,4.70,10750,1053050
20220512,11:42,4.60,4.75,4.60,4.70,6650,1053050
20220512,11:43,4.75,4.85,4.65,4.75,14025,1053050
20220512,11:44,4.75,4.75,4.55,4.60,9625,1053750
20220512,11:45,4.50,4.60,4.20,4.25,13550,1053750
20220512,11:46,4.15,4.25,3.95,3.95,8525,1053750
20220512,11:47,4.00,4.15,3.90,4.10,23550,1052400
20220512,11:48,4.20,4.25,4.15,4.15,6525,1052400
20220512,11:49,4.20,4.20,4.10,4.15,3175,1052400
20220512,11:50,4.15,4.20,4.10,4.15,6275,1052400
20220512,11:51,4.15,4.15,3.95,4.05,18175,1051250
20220512,11:52,4.05,4.20,4.00,4.20,11050,1051250
20220512,11:53,4.15,4.25,4.05,4.15,26525,1051250
20220512,11:54,4.15,4.25,4.00,4.10,22300,1060325
20220512,11:55,4.05,4.05,3.85,3.85,11875,1060325
20220512,11:56,3.90,3.90,3.80,3.80,4700,1060325
20220512,11:57,3.80,3.80,3.60,3.65,15350,1074175
20220512,11:58,3.65,3.70,3.60,3.65,4500,1074175
20220512,11:59,3.70,3.70,3.60,3.60,24925,1073150
20220512,12:00,3.60,3.70,3.55,3.60,6600,1073150
20220512,12:01,3.70,3.70,3.50,3.55,12625,1073150
20220512,12:02,3.50,3.55,3.45,3.50,6775,1073150
20220512,12:03,3.45,3.50,3.40,3.50,9875,1074575
20220512,12:04,3.45,3.50,3.40,3.50,5875,1074575
20220512,12:05,3.50,3.60,3.45,3.55,8200,1074575
20220512,12:06,3.60,3.60,3.50,3.50,8625,1075050
20220512,12:07,3.55,3.60,3.40,3.45,20750,1075050
20220512,12:08,3.45,3.45,3.35,3.35,4225,1075050
20220512,12:09,3.35,3.35,3.20,3.25,11300,1076375
20220512,12:10,3.25,3.25,3.05,3.10,8675,1076375
20220512,12:11,3.05,3.10,2.75,2.75,12825,1076375
20220512,12:12,2.75,2.75,2.55,2.55,13350,1075875
20220512,12:13,2.55,2.55,2.40,2.45,9550,1075875
20220512,12:14,2.45,2.50,2.40,2.45,11850,1075875
20220512,12:15,2.50,2.50,2.30,2.40,14325,1075575
20220512,12:16,2.35,2.35,2.30,2.35,5950,1075575
20220512,12:17,2.35,2.45,2.30,2.40,14375,1075575
20220512,12:18,2.50,2.55,2.40,2.50,8650,1073200
20220512,12:19,2.55,2.65,2.55,2.60,8175,1073200
20220512,12:20,2.65,2.85,2.60,2.85,9175,1073200
20220512,12:21,2.85,2.95,2.85,2.85,5875,1074800
20220512,12:22,2.90,2.95,2.85,2.90,11375,1074800
20220512,12:23,2.90,3.10,2.90,3.10,13525,1074800
20220512,12:24,3.10,3.10,3.00,3.00,10050,1070700
20220512,12:25,3.00,3.05,2.95,3.00,11925,1070700
20220512,12:26,3.00,3.00,2.85,2.85,7400,1070700
20220512,12:27,2.85,2.90,2.85,2.90,8750,1073100
20220512,12:28,2.90,3.05,2.90,3.00,5525,1073100
20220512,12:29,2.95,3.00,2.95,3.00,925,1073100
20220512,12:30,2.95,3.05,2.95,3.05,5200,1071675
20220512,12:31,3.05,3.10,3.00,3.05,13325,1071675
20220512,12:32,3.05,3.15,3.00,3.10,23975,1071675
20220512,12:33,3.10,3.20,3.10,3.15,22425,1064300
20220512,12:34,3.05,3.15,3.00,3.10,10100,1064300
20220512,12:35,3.15,3.30,3.10,3.20,4575,1064300
20220512,12:36,3.25,3.25,3.10,3.20,10625,1065475
20220512,12:37,3.20,3.35,3.20,3.35,1750,1065475
20220512,12:38,3.30,3.45,3.30,3.35,9925,1065475
20220512,12:39,3.40,3.45,3.35,3.40,7250,1067775
20220512,12:40,3.40,3.45,3.40,3.40,5475,1067775
20220512,12:41,3.40,3.45,3.25,3.30,69900,1067775
20220512,12:42,3.30,3.35,3.05,3.05,16300,1018650
20220512,12:43,3.15,3.20,3.10,3.15,5650,1018650
20220512,12:44,3.15,3.15,3.10,3.10,2425,1018650
20220512,12:45,3.10,3.15,3.05,3.10,2275,1007000
20220512,12:46,3.10,3.10,2.95,2.95,4325,1007000
20220512,12:47,2.90,2.90,2.80,2.85,5300,1007000
20220512,12:48,2.80,2.80,2.65,2.75,6600,1005325
20220512,12:49,2.70,2.80,2.70,2.75,12550,1005325
20220512,12:50,2.75,2.75,2.65,2.65,14225,1005325
20220512,12:51,2.65,2.65,2.35,2.35,15650,993200
20220512,12:52,2.30,2.55,2.25,2.45,45975,993200
20220512,12:53,2.45,2.75,2.45,2.75,13650,993200
20220512,12:54,2.70,2.80,2.65,2.80,36600,1024300
20220512,12:55,2.80,3.10,2.80,3.10,75675,1024300
20220512,12:56,3.10,3.10,2.95,3.00,8075,1024300
20220512,12:57,3.00,3.10,3.00,3.10,9425,1056725
20220512,12:58,3.10,3.15,3.00,3.05,3600,1056725
20220512,12:59,3.00,3.05,2.80,2.80,8425,1056725
20220512,13:00,2.85,2.85,2.70,2.70,13375,1055600
20220512,13:01,2.70,2.90,2.65,2.70,44025,1055600
20220512,13:02,2.70,2.75,2.65,2.65,29825,1055600
20220512,13:03,2.70,2.70,2.65,2.70,5200,1079475
20220512,13:04,2.65,2.75,2.65,2.70,4825,1079475
20220512,13:05,2.70,2.75,2.60,2.70,33400,1079475
20220512,13:06,2.70,2.80,2.55,2.55,48175,1096425
20220512,13:07,2.60,2.60,2.40,2.45,32525,1096425
20220512,13:08,2.45,2.45,2.30,2.30,24900,1096425
20220512,13:09,2.35,2.35,2.20,2.25,21450,1123275
20220512,13:10,2.30,2.35,2.25,2.25,9925,1123275
20220512,13:11,2.25,2.30,2.20,2.30,13950,1123275
20220512,13:12,2.30,2.40,2.30,2.40,7000,1125475
20220512,13:13,2.40,2.45,2.30,2.40,8100,1125475
20220512,13:14,2.35,2.35,2.30,2.30,12950,1125475
20220512,13:15,2.30,2.35,2.25,2.35,8350,1125950
20220512,13:16,2.30,2.35,2.25,2.35,20325,1125950
20220512,13:17,2.35,2.40,2.00,2.05,27225,1125950
20220512,13:18,2.05,2.30,2.00,2.25,17050,1133575
20220512,13:19,2.25,2.35,2.20,2.30,16425,1133575
20220512,13:20,2.30,2.30,2.10,2.15,21200,1133575
20220512,13:21,2.15,2.35,2.10,2.30,48150,1125675
20220512,13:22,2.35,2.50,2.30,2.45,22875,1125675
20220512,13:23,2.40,2.45,1.95,1.95,15000,1125675
20220512,13:24,1.95,1.95,1.75,1.80,16150,1091925
20220512,13:25,1.80,1.80,1.75,1.75,12425,1091925
20220512,13:26,1.75,1.90,1.75,1.90,7425,1091925
20220512,13:27,1.85,1.90,1.80,1.85,6325,1089850
20220512,13:28,1.80,1.80,1.75,1.75,5575,1089850
20220512,13:29,1.75,1.80,1.70,1.75,7400,1089850
20220512,13:30,1.80,1.80,1.75,1.80,4800,1089050
20220512,13:31,1.80,1.80,1.75,1.80,14050,1089050
20220512,13:32,1.80,1.85,1.80,1.80,6825,1089050
20220512,13:33,1.80,1.85,1.75,1.75,5300,1088875
20220512,13:34,1.75,1.75,1.45,1.45,14750,1088875
20220512,13:35,1.40,1.40,1.35,1.40,10100,1088875
20220512,13:36,1.40,1.40,1.35,1.35,14350,1084125
20220512,13:37,1.40,1.40,1.35,1.35,4800,1084125
20220512,13:38,1.35,1.40,1.30,1.30,5375,1084125
20220512,13:39,1.30,1.35,1.20,1.25,20900,1078425
20220512,13:40,1.20,1.30,1.20,1.30,5150,1078425
20220512,13:41,1.30,1.35,1.30,1.35,3025,1078425
20220512,13:42,1.30,1.45,1.30,1.40,5650,1076100
20220512,13:43,1.40,1.60,1.40,1.60,14700,1076100
20220512,13:44,1.55,1.60,1.50,1.60,8775,1076100
20220512,13:45,1.60,1.60,1.50,1.50,9725,1078025
20220512,13:46,1.55,1.55,1.35,1.35,8675,1078025
20220512,13:47,1.40,1.40,1.15,1.20,18150,1078025
20220512,13:48,1.10,1.15,1.10,1.10,23275,1069450
20220512,13:49,1.10,1.15,1.10,1.10,1775,1069450
20220512,13:50,1.15,1.30,1.10,1.25,18400,1069450
20220512,13:51,1.25,1.35,1.20,1.35,16650,1057725
20220512,13:52,1.40,1.50,1.40,1.45,16425,1057725
20220512,13:53,1.40,1.55,1.35,1.55,29475,1057725
20220512,13:54,1.55,1.65,1.45,1.50,18350,1065700
20220512,13:55,1.55,1.55,1.35,1.50,105850,1065700
20220512,13:56,1.50,1.55,1.40,1.40,16700,1065700
20220512,13:57,1.45,1.50,1.35,1.40,7625,1126075
20220512,13:58,1.40,1.40,1.35,1.35,7350,1126075
20220512,13:59,1.35,1.40,1.35,1.35,5125,1126075
20220512,14:00,1.35,1.50,1.35,1.50,12050,1120375
20220512,14:01,1.50,1.50,1.45,1.45,8675,1120375
20220512,14:02,1.50,1.65,1.45,1.65,6850,1120375
20220512,14:03,1.60,1.65,1.35,1.35,114650,1112225
20220512,14:04,1.35,1.35,0.65,1.30,516275,1112225
20220512,14:05,1.25,1.35,1.25,1.30,24825,1112225
20220512,14:06,1.30,1.40,1.20,1.25,18850,838375
20220512,14:07,1.20,1.25,1.15,1.20,51300,838375
20220512,14:08,1.20,1.30,1.20,1.30,10650,838375
20220512,14:09,1.30,1.50,1.30,1.45,29450,831100
20220512,14:10,1.40,1.45,1.15,1.15,35975,831100
20220512,14:11,1.15,1.20,1.00,1.00,17425,831100
20220512,14:12,1.05,1.15,1.00,1.15,11525,817700
20220512,14:13,1.10,1.20,1.00,1.15,85975,817700
20220512,14:14,1.10,1.25,1.10,1.15,66000,817700
20220512,14:15,1.15,1.20,1.10,1.10,32075,858525
20220512,14:16,1.05,1.10,1.05,1.05,16100,858525
20220512,14:17,1.05,1.10,1.00,1.00,8800,858525
20220512,14:18,1.00,1.00,0.95,1.00,13350,846800
20220512,14:19,1.00,1.00,0.95,1.00,3150,846800
20220512,14:20,0.95,1.20,0.95,1.05,83550,846800
20220512,14:21,1.05,1.05,1.00,1.05,8700,833275
20220512,14:22,1.00,1.10,1.00,1.10,17175,833275
20220512,14:23,1.05,1.10,1.00,1.00,11050,833275
20220512,14:24,1.00,1.00,0.95,1.00,10825,825700
20220512,14:25,1.00,1.10,0.95,1.00,12350,825700
20220512,14:26,1.00,1.05,0.95,1.00,16800,825700
20220512,14:27,0.95,1.05,0.95,1.00,4900,802975
20220512,14:28,1.00,1.05,1.00,1.05,5975,802975
20220512,14:29,1.00,1.05,0.95,1.00,3000,802975
20220512,14:30,1.05,1.05,0.90,0.90,14575,798575
20220512,14:31,0.90,0.90,0.85,0.90,10325,798575
20220512,14:32,0.90,0.90,0.80,0.85,17825,798575
20220512,14:33,0.80,0.90,0.75,0.80,12650,797675
20220512,14:34,0.85,0.90,0.80,0.80,17225,797675
20220512,14:35,0.85,0.90,0.80,0.85,11375,797675
20220512,14:36,0.85,0.90,0.80,0.85,6925,802025
20220512,14:37,0.90,0.90,0.80,0.90,9200,802025
20220512,14:38,0.95,0.95,0.80,0.80,8075,802025
20220512,14:39,0.80,0.80,0.70,0.70,25750,796225
20220512,14:40,0.70,0.80,0.65,0.70,19600,796225
20220512,14:41,0.70,0.70,0.65,0.65,7875,796225
20220512,14:42,0.70,0.70,0.55,0.65,17500,791050
20220512,14:43,0.60,0.70,0.55,0.65,7975,791050
20220512,14:44,0.60,0.70,0.55,0.55,6725,791050
20220512,14:45,0.60,0.65,0.55,0.60,7450,782025
20220512,14:46,0.60,0.70,0.55,0.65,8375,782025
20220512,14:47,0.60,0.60,0.50,0.55,10475,782025
20220512,14:48,0.60,0.60,0.40,0.45,11475,782925
20220512,14:49,0.55,0.60,0.50,0.60,9775,782925
20220512,14:50,0.65,0.65,0.60,0.60,7975,782925
20220512,14:51,0.65,0.75,0.60,0.65,9025,780825
20220512,14:52,0.65,0.75,0.60,0.65,6575,780825
20220512,14:53,0.60,0.65,0.55,0.55,9425,780825
20220512,14:54,0.55,0.65,0.55,0.65,6750,775625
20220512,14:55,0.65,0.65,0.50,0.50,10375,775625
20220512,14:56,0.50,0.50,0.40,0.40,11100,775625
20220512,14:57,0.40,0.45,0.35,0.35,10200,775250
20220512,14:58,0.40,0.40,0.35,0.35,7125,775250
20220512,14:59,0.35,0.35,0.30,0.30,2375,775250
20220512,15:00,0.30,0.35,0.30,0.30,10150,768900
20220512,15:01,0.30,0.35,0.25,0.25,16450,768900
20220512,15:02,0.25,0.35,0.25,0.30,4925,768900
20220512,15:03,0.25,0.35,0.10,0.25,146300,723550
20220512,15:04,0.25,0.30,0.15,0.25,19475,723550
20220512,15:05,0.30,0.30,0.25,0.25,2650,723550
20220512,15:06,0.25,0.25,0.20,0.20,11000,659075
20220512,15:07,0.20,0.35,0.10,0.25,24975,659075
20220512,15:08,0.10,0.40,0.10,0.20,11525,659075
20220512,15:09,0.15,0.25,0.10,0.10,12525,631150
20220512,15:10,0.25,0.25,0.10,0.15,6150,631150
20220512,15:11,0.15,0.25,0.15,0.25,6725,631150
20220512,15:12,0.25,0.30,0.15,0.15,6425,626400
20220512,15:13,0.25,0.30,0.15,0.25,3925,626400
20220512,15:14,0.15,0.25,0.15,0.20,3650,626400
20220512,15:15,0.20,0.25,0.15,0.25,7325,622625
20220512,15:16,0.25,0.30,0.20,0.25,7450,622625
20220512,15:17,0.20,0.25,0.15,0.15,10300,622625
20220512,15:18,0.20,0.20,0.10,0.10,5000,613475
20220512,15:19,0.10,0.15,0.10,0.15,2325,613475
20220512,15:20,0.15,0.25,0.10,0.10,11900,613475
20220512,15:21,0.10,0.20,0.10,0.15,6550,607825
20220512,15:22,0.10,0.15,0.10,0.10,3425,607825
20220512,15:23,0.20,0.20,0.10,0.20,3200,607825
20220512,15:24,0.15,0.20,0.10,0.10,3800,604175
20220512,15:25,0.20,0.20,0.10,0.10,7300,604175
20220512,15:26,0.10,0.15,0.10,0.15,525,604175
20220512,15:27,0.10,0.20,0.10,0.10,5775,599175
20220512,15:28,0.15,0.20,0.10,0.15,3925,599175
20220512,15:29,0.15,0.20,0.05,0.10,14875,599175
