20220107,14:26,685.35,685.35,685.35,685.35,26,25
20220107,14:43,675.00,675.00,675.00,675.00,25,25
20220111,09:19,938.55,938.55,938.55,938.55,51,25
20220111,09:24,950.30,950.30,950.30,950.30,75,50
20220111,14:36,979.65,979.65,979.65,979.65,25,75
20220112,15:28,1087.95,1087.95,1087.95,1087.95,26,75
20220112,15:29,1087.00,1087.00,1087.00,1087.00,50,75
20220113,09:16,1012.95,1012.95,1012.95,1012.95,76,125
20220113,09:28,1014.85,1014.85,1014.85,1014.85,50,200
20220113,10:22,1014.85,1014.85,1014.85,1014.85,75,250
20220113,10:54,949.25,949.25,949.25,949.25,25,325
20220114,09:29,829.75,829.75,829.75,829.75,26,325
20220114,10:51,833.00,833.00,833.00,833.00,50,325
20220114,11:09,845.00,845.00,845.00,845.00,50,375
20220114,11:53,845.00,845.00,845.00,845.00,25,350
20220114,14:20,956.70,956.70,956.70,956.70,75,350
20220117,15:07,849.50,849.50,849.50,849.50,26,300
20220118,11:02,914.95,914.95,914.95,914.95,26,300
20220118,13:23,1092.00,1092.00,1092.00,1092.00,25,325
20220118,13:24,1092.00,1092.00,1092.00,1092.00,125,325
20220118,13:29,1098.00,1098.00,1098.00,1098.00,50,475
20220118,13:34,1124.00,1124.00,1124.00,1124.00,50,525
20220118,13:37,1124.00,1124.00,1124.00,1124.00,25,575
20220118,13:38,1101.00,1101.00,1101.00,1101.00,25,575
20220118,13:39,1095.00,1095.00,1095.00,1095.00,75,575
20220118,13:40,1109.95,1109.95,1109.95,1109.95,25,700
20220118,13:42,1096.00,1096.00,1096.00,1096.00,50,700
20220118,14:02,1085.00,1085.00,1085.00,1085.00,50,650
20220118,14:05,1070.95,1070.95,1070.95,1070.95,25,700
20220118,14:14,1128.00,1128.00,1128.00,1128.00,50,725
20220118,14:29,1128.00,1128.00,1128.00,1128.00,50,775
20220118,14:40,1030.00,1030.00,1030.00,1030.00,25,775
20220118,14:50,1016.00,1016.00,1016.00,1016.00,50,800
20220118,14:51,999.00,999.00,983.05,983.05,50,800
20220118,14:53,947.00,951.00,947.00,951.00,50,850
20220118,14:54,947.00,947.00,947.00,947.00,25,850
20220118,15:01,900.00,900.00,900.00,900.00,25,875
20220120,10:51,766.00,766.00,766.00,766.00,51,900
20220120,13:46,656.10,656.10,656.10,656.10,100,875
20220120,14:17,656.10,656.10,656.10,656.10,50,950
20220120,15:04,734.00,734.00,734.00,734.00,100,925
20220120,15:08,715.00,715.00,715.00,715.00,50,1025
20220120,15:11,719.95,719.95,719.95,719.95,50,1025
20220120,15:12,716.50,716.50,716.50,716.50,50,1025
20220120,15:14,729.05,729.05,729.05,729.05,50,1125
20220120,15:15,730.85,730.85,730.85,730.85,50,1125
20220120,15:17,733.10,733.10,733.10,733.10,50,1175
20220120,15:18,732.05,732.05,732.05,732.05,50,1175
20220120,15:19,709.00,709.00,709.00,709.00,75,1175
20220121,09:58,595.95,595.95,595.95,595.95,26,1275
20220121,10:18,535.30,535.30,535.30,535.30,75,1300
20220121,10:28,535.30,535.30,535.30,535.30,25,1350
20220121,10:39,525.00,525.00,525.00,525.00,25,1350
20220121,11:37,525.00,525.00,525.00,525.00,25,1375
20220121,12:30,615.00,615.00,615.00,615.00,100,1350
20220121,12:45,615.00,615.00,615.00,615.00,25,1425
20220121,12:48,600.00,600.00,600.00,600.00,25,1450
20220121,14:00,579.05,579.05,579.05,579.05,25,1425
20220121,15:25,584.05,584.05,584.05,584.05,25,1400
20220124,12:16,526.50,526.50,526.50,526.50,26,1375
20220124,13:59,440.00,440.00,440.00,440.00,50,1375
20220124,14:08,435.00,435.00,435.00,435.00,25,1325
20220124,14:20,435.00,435.00,435.00,435.00,25,1325
20220124,14:23,455.00,455.00,455.00,455.00,25,1300
20220124,14:54,405.70,405.70,405.70,405.70,25,1275
20220124,14:55,405.00,405.00,405.00,405.00,25,1275
20220124,14:58,405.00,405.00,405.00,405.00,50,1250
20220124,15:29,430.40,430.40,430.40,430.40,25,1300
20220125,09:18,415.95,415.95,415.95,415.95,51,1275
20220125,09:26,475.70,475.70,475.70,475.70,25,1275
20220125,09:29,475.70,475.70,475.70,475.70,25,1275
20220125,09:30,477.40,494.95,477.40,494.95,100,1275
20220125,09:32,486.30,486.30,486.30,486.30,50,1275
20220125,09:33,468.10,468.10,468.10,468.10,75,1200
20220125,09:34,443.85,443.85,443.85,443.85,250,1200
20220125,09:35,441.20,441.20,441.20,441.20,175,1150
20220125,09:36,460.55,460.55,460.30,460.30,50,1150
20220125,11:21,449.45,449.45,449.45,449.45,25,1150
20220125,11:31,468.00,468.00,468.00,468.00,225,1125
20220125,12:00,395.70,395.70,395.70,395.70,200,1125
20220125,12:08,395.70,395.70,395.70,395.70,25,1100
20220125,12:13,467.70,467.70,467.70,467.70,25,1100
20220125,12:52,461.40,461.40,461.40,461.40,25,1100
20220125,12:54,466.80,466.80,466.80,466.80,50,1100
20220125,12:58,458.70,458.70,458.70,458.70,50,1100
20220125,13:00,461.95,461.95,461.95,461.95,50,1100
20220125,13:57,520.45,520.45,520.45,520.45,25,1100
20220125,14:10,554.95,554.95,554.95,554.95,50,1100
20220125,15:04,554.95,554.95,554.95,554.95,25,1150
20220125,15:07,565.95,565.95,565.95,565.95,25,1150
20220125,15:23,588.90,588.90,588.90,588.90,25,1150
20220127,09:18,430.75,430.75,430.75,430.75,51,1150
20220127,09:20,448.45,448.45,448.45,448.45,75,1150
20220127,09:46,448.45,448.45,448.45,448.45,50,1100
20220127,10:20,437.00,437.00,437.00,437.00,50,1100
20220127,11:05,408.50,408.50,408.50,408.50,50,1150
20220127,11:15,408.50,408.50,408.50,408.50,25,1175
20220127,11:24,457.95,457.95,457.95,457.95,25,1200
20220127,11:25,449.65,449.65,449.65,449.65,25,1175
20220127,11:26,450.45,450.45,438.65,438.65,50,1175
20220127,11:50,455.95,455.95,455.95,455.95,200,1150
20220127,11:52,423.15,423.15,423.15,423.15,25,1275
20220127,12:08,432.25,432.25,432.25,432.25,25,1275
20220127,12:23,431.45,431.45,431.45,431.45,25,1275
20220127,13:37,513.20,513.20,513.20,513.20,25,1275
20220127,13:40,563.25,563.25,563.25,563.25,25,1250
20220127,13:51,577.25,577.25,577.25,577.25,25,1275
20220127,13:53,577.25,577.25,577.25,577.25,25,1250
20220127,14:07,603.05,603.05,603.05,603.05,25,1275
20220127,14:08,603.05,603.05,603.05,603.05,25,1275
20220127,14:38,703.90,703.90,703.90,703.90,25,1300
20220127,14:47,703.90,703.90,703.90,703.90,50,1325
20220127,14:54,708.80,708.80,708.80,708.80,75,1325
20220127,14:55,708.80,708.80,708.80,708.80,100,1300
20220127,15:13,715.55,715.55,715.55,715.55,25,1300
20220127,15:14,715.55,715.55,715.55,715.55,25,1325
20220127,15:18,669.95,669.95,669.95,669.95,25,1325
20220127,15:22,649.20,649.20,649.20,649.20,25,1325
20220128,09:24,713.80,713.80,713.80,713.80,26,1300
20220128,09:25,773.65,773.65,773.65,773.65,50,1300
20220128,09:32,758.20,758.20,758.20,758.20,25,1325
20220128,09:34,788.65,788.65,788.65,788.65,25,1300
20220128,09:58,788.65,788.65,788.65,788.65,25,1325
20220128,10:00,788.65,788.65,788.65,788.65,25,1350
20220128,10:03,787.35,787.35,787.35,787.35,125,1325
20220128,10:08,780.10,780.10,780.10,780.10,200,1425
20220128,10:10,727.85,727.85,727.85,727.85,200,1550
20220128,10:12,707.10,707.10,707.10,707.10,350,1475
20220128,10:13,707.10,707.10,707.10,707.10,350,1475
20220128,10:18,700.05,700.05,700.05,700.05,150,1525
20220128,10:23,700.05,700.05,700.05,700.05,25,1450
20220128,10:34,720.25,726.20,720.25,726.20,50,1450
20220128,10:38,726.90,726.90,726.90,726.90,50,1475
20220128,10:39,700.05,700.05,700.00,700.00,75,1475
20220128,10:40,685.90,685.90,685.90,685.90,50,1475
20220128,11:06,722.70,722.70,722.70,722.70,25,1475
20220128,11:07,710.10,710.10,710.10,710.10,25,1475
20220128,11:09,729.90,729.90,729.90,729.90,25,1450
20220128,11:19,708.25,708.25,708.25,708.25,25,1450
20220128,11:24,712.50,712.50,712.50,712.50,25,1425
20220128,11:25,734.40,734.40,734.40,734.40,25,1425
20220128,11:30,725.85,725.85,725.85,725.85,50,1425
20220128,11:33,714.75,714.75,714.75,714.75,25,1450
20220128,11:36,713.75,713.75,713.75,713.75,25,1425
20220128,11:52,758.80,758.80,758.80,758.80,25,1425
20220128,11:59,749.85,749.85,749.85,749.85,25,1450
20220128,12:03,755.70,755.70,755.70,755.70,25,1475
20220128,12:11,765.45,765.45,765.45,765.45,25,1450
20220128,12:23,785.40,785.40,785.40,785.40,25,1450
20220128,12:27,768.75,768.75,768.75,768.75,25,1475
20220128,12:30,749.65,749.65,749.65,749.65,25,1475
20220128,12:39,733.00,733.00,733.00,733.00,75,1475
20220128,12:45,733.00,733.00,733.00,733.00,75,1525
20220128,12:47,755.60,755.60,755.60,755.60,25,1525
20220128,12:57,734.90,734.90,734.90,734.90,50,1500
20220128,12:58,732.75,734.10,732.75,734.10,100,1500
20220128,12:59,739.40,739.40,739.40,739.40,50,1500
20220128,13:00,738.00,740.65,738.00,740.65,150,1375
20220128,13:02,727.85,727.85,727.85,727.85,25,1375
20220128,13:03,726.60,726.60,726.60,726.60,25,1350
20220128,13:06,725.40,734.65,725.40,734.65,125,1375
20220128,13:11,717.55,717.55,717.55,717.55,25,1350
20220128,13:12,712.85,712.85,712.85,712.85,50,1350
20220128,13:14,725.95,725.95,725.95,725.95,25,1400
20220128,13:32,740.00,740.00,740.00,740.00,50,1400
20220128,13:39,703.75,703.75,703.75,703.75,25,1400
20220128,13:41,704.45,704.45,704.45,704.45,25,1400
20220128,13:46,647.85,647.85,647.85,647.85,75,1375
20220128,13:47,658.25,674.35,658.25,674.35,100,1375
20220128,13:49,682.10,682.10,682.10,682.10,25,1400
20220128,13:51,671.75,671.75,671.75,671.75,25,1400
20220128,14:02,652.10,653.20,652.10,653.20,50,1375
20220128,14:05,647.90,647.90,641.95,641.95,50,1375
20220128,14:07,621.95,621.95,621.95,621.95,100,1350
20220128,14:08,625.40,625.40,625.40,625.40,600,1350
20220128,14:09,619.30,619.85,619.30,619.85,575,1850
20220128,14:10,618.40,618.40,613.75,613.75,50,1850
20220128,14:11,613.75,613.75,613.75,613.75,25,1850
20220128,14:12,632.85,632.85,632.85,632.85,25,1850
20220128,14:13,624.20,624.20,624.20,624.20,50,2325
20220128,14:14,635.50,639.95,625.45,625.45,100,2325
20220128,14:15,601.05,601.05,601.05,601.05,150,2325
20220128,14:16,581.60,581.60,581.60,581.60,175,2175
20220128,14:17,581.60,581.60,581.60,581.60,175,2175
20220128,14:18,609.85,609.85,609.85,609.85,125,2200
20220128,14:19,613.10,613.10,607.25,607.25,50,2200
20220128,14:20,614.30,620.35,614.30,620.35,75,2200
20220128,14:21,630.65,630.65,630.65,630.65,100,2200
20220128,14:22,629.05,629.05,624.55,624.55,50,2275
20220128,14:23,621.20,621.20,621.20,621.20,100,2275
20220128,14:24,630.50,630.50,630.50,630.50,25,2200
20220128,14:25,637.55,637.55,637.55,637.55,25,2200
20220128,14:26,638.60,638.60,631.00,631.00,75,2200
20220128,14:27,595.90,595.90,595.90,595.90,25,2225
20220128,14:28,581.05,600.10,581.05,600.10,400,2225
20220128,14:29,589.55,589.55,589.55,589.55,25,2225
20220128,14:33,598.20,611.95,598.20,611.95,100,2300
20220128,14:35,608.60,608.60,608.60,608.60,25,2300
20220128,14:36,616.55,616.55,604.00,604.00,150,2300
20220128,14:37,605.55,605.55,605.55,605.55,775,2300
20220128,14:38,603.80,603.80,595.70,595.70,350,2300
20220128,14:39,595.90,597.15,595.90,597.15,150,2950
20220128,14:40,601.65,611.40,594.85,611.40,150,2950
20220128,14:42,610.85,610.85,610.85,610.85,75,2950
20220128,14:43,605.55,605.55,605.55,605.55,25,3050
20220128,14:44,611.75,611.75,611.75,611.75,25,3050
20220128,14:45,606.35,606.35,600.45,600.45,100,3050
20220128,14:46,612.15,621.95,612.15,621.95,150,3025
20220128,14:47,609.20,609.20,609.20,609.20,100,3025
20220128,14:48,619.00,619.00,619.00,619.00,100,3025
20220128,14:50,606.20,609.85,606.20,609.85,175,3075
20220128,14:51,589.10,589.10,589.10,589.10,100,3050
20220128,14:52,597.50,604.75,597.50,604.75,75,3050
20220128,14:53,609.45,609.45,607.45,607.45,50,3050
20220128,14:54,600.70,600.70,600.70,600.70,50,3050
20220128,14:55,597.40,597.40,597.40,597.40,25,3000
20220128,14:56,605.00,605.00,605.00,605.00,75,3000
20220128,14:57,603.85,603.85,603.85,603.85,25,3000
20220128,14:58,596.10,596.10,596.10,596.10,25,3050
20220128,15:00,587.95,595.05,587.95,595.05,50,3050
20220128,15:01,575.00,575.00,575.00,575.00,25,3050
20220128,15:02,549.60,549.60,549.60,549.60,50,3050
20220128,15:07,549.60,549.60,549.60,549.60,25,3025
20220128,15:08,556.30,556.30,556.30,556.30,100,3025
20220128,15:10,556.30,556.30,556.30,556.30,25,3050
20220128,15:11,551.00,551.00,547.80,547.80,150,3050
20220128,15:12,548.40,548.40,548.40,548.40,25,3050
20220128,15:15,555.05,555.05,555.05,555.05,100,3100
20220128,15:18,564.20,564.20,564.20,564.20,50,3050
20220128,15:20,566.65,566.65,566.65,566.65,50,3050
20220128,15:21,557.55,557.55,557.55,557.55,50,3050
20220128,15:25,565.75,565.75,550.50,550.50,125,3075
20220128,15:28,555.30,555.30,555.30,555.30,25,3000
20220131,09:17,650.35,660.55,649.00,660.55,702,3525
20220131,09:18,677.10,677.10,677.10,677.10,25,3525
20220131,09:19,677.10,677.10,677.10,677.10,250,3525
20220131,09:20,675.50,675.50,675.50,675.50,100,3525
20220131,09:23,671.30,671.30,671.30,671.30,25,3750
20220131,09:27,634.05,634.05,634.05,634.05,50,3775
20220131,09:30,634.05,634.05,634.05,634.05,25,3800
20220131,09:32,640.00,640.00,640.00,640.00,25,3825
20220131,09:39,645.95,645.95,645.95,645.95,25,3825
20220131,09:41,666.85,666.85,666.85,666.85,75,3825
20220131,09:42,655.75,655.75,655.75,655.75,50,3850
20220131,09:43,663.35,663.35,663.35,663.35,25,3850
20220131,09:44,662.65,662.65,662.65,662.65,50,3900
20220131,09:55,600.35,602.10,600.35,602.10,300,3875
20220131,09:56,604.55,609.15,598.80,609.15,225,4125
20220131,09:57,595.90,595.90,595.90,595.90,175,4125
20220131,09:58,600.00,600.00,595.85,595.85,375,4125
20220131,09:59,600.70,600.70,600.70,600.70,25,4125
20220131,10:00,565.25,565.25,565.25,565.25,75,4325
20220131,10:03,565.25,565.25,565.25,565.25,525,4300
20220131,10:04,579.55,579.55,579.55,579.55,25,4300
20220131,10:05,567.60,581.35,567.60,581.35,50,4050
20220131,10:07,576.45,576.45,576.45,576.45,25,4050
20220131,10:10,578.00,578.00,572.00,572.00,50,4050
20220131,10:11,582.45,582.45,582.45,582.45,25,4050
20220131,10:12,578.75,578.75,578.75,578.75,25,4075
20220131,10:17,560.55,560.55,560.55,560.55,50,4100
20220131,10:33,560.55,560.55,560.55,560.55,125,4125
20220131,10:34,560.55,560.55,560.55,560.55,25,4125
20220131,10:40,558.95,558.95,558.95,558.95,50,4200
20220131,10:44,549.95,549.95,549.95,549.95,25,4200
20220131,10:58,549.95,549.95,549.95,549.95,25,4175
20220131,10:59,558.60,558.60,558.60,558.60,150,4175
20220131,11:03,538.65,538.65,538.65,538.65,25,4050
20220131,11:05,538.65,538.65,538.65,538.65,50,4025
20220131,11:06,561.65,561.65,561.65,561.65,25,4025
20220131,11:07,562.35,562.35,560.20,560.20,125,4025
20220131,11:08,562.20,562.20,562.20,562.20,25,4025
20220131,11:11,568.55,568.55,568.55,568.55,25,4025
20220131,11:15,570.80,570.80,570.80,570.80,25,4000
20220131,11:16,565.20,565.20,565.20,565.20,75,4000
20220131,11:27,593.80,593.80,593.80,593.80,25,4075
20220131,11:28,576.15,586.30,576.15,586.30,50,4075
20220131,11:42,567.15,567.15,567.15,567.15,25,4100
20220131,11:45,575.00,575.00,575.00,575.00,50,4075
20220131,11:49,575.00,575.00,575.00,575.00,25,4125
20220131,11:55,580.00,580.00,573.20,573.20,100,4125
20220131,11:56,575.80,575.80,575.80,575.80,25,4125
20220131,12:00,602.25,602.25,602.25,602.25,75,4125
20220131,12:01,600.80,600.80,600.80,600.80,25,4125
20220131,12:04,598.40,598.40,598.40,598.40,150,4125
20220131,12:06,599.35,600.25,599.35,600.25,75,4175
20220131,12:07,600.85,600.85,600.85,600.85,25,4175
20220131,12:08,600.00,600.00,600.00,600.00,25,4175
20220131,12:10,615.40,615.40,615.40,615.40,25,4200
20220131,12:11,613.10,613.10,613.10,613.10,50,4200
20220131,12:15,612.25,612.25,612.25,612.25,150,4150
20220131,12:17,613.25,613.25,613.25,613.25,25,4150
20220131,12:18,621.80,624.25,621.80,624.25,225,4075
20220131,12:19,623.50,628.25,623.50,628.25,75,4075
20220131,12:21,624.15,624.15,624.15,624.15,25,4175
20220131,12:23,624.85,624.85,624.85,624.85,150,4175
20220131,12:24,625.90,625.90,625.90,625.90,25,4175
20220131,12:25,601.00,601.00,600.85,600.85,75,4175
20220131,12:29,617.05,620.55,617.05,620.55,350,4050
20220131,12:35,597.25,597.25,597.25,597.25,150,4125
20220131,12:37,604.10,604.10,604.10,604.10,25,4050
20220131,12:42,593.25,593.25,593.25,593.25,100,4050
20220131,12:43,584.00,584.00,581.35,581.35,75,4050
20220131,12:45,593.35,610.15,593.35,610.15,75,4075
20220131,12:48,634.55,634.55,634.55,634.55,25,4100
20220131,13:00,649.05,649.05,649.05,649.05,25,4025
20220131,13:28,614.65,614.65,614.65,614.65,50,4050
20220131,13:30,587.95,587.95,587.95,587.95,50,4025
20220131,13:36,590.70,590.70,590.70,590.70,25,4075
20220131,13:37,585.95,585.95,585.95,585.95,25,4075
20220131,13:41,588.50,588.50,588.50,588.50,50,4050
20220131,13:42,594.90,594.90,594.90,594.90,125,4100
20220131,13:44,606.80,606.80,606.80,606.80,25,4100
20220131,13:45,610.60,629.95,610.60,629.95,175,4100
20220131,13:46,607.20,607.20,607.20,607.20,25,4100
20220131,13:48,595.95,595.95,595.95,595.95,25,4100
20220131,13:52,595.75,595.75,595.75,595.75,50,4100
20220131,13:54,588.50,588.50,588.50,588.50,50,4100
20220131,13:55,588.90,588.90,588.90,588.90,25,4100
20220131,13:57,603.00,603.00,603.00,603.00,100,4100
20220131,13:59,594.65,594.65,594.65,594.65,25,4100
20220131,14:02,585.35,585.35,585.35,585.35,225,4150
20220131,14:03,586.35,586.35,586.35,586.35,25,4150
20220131,14:04,586.10,586.10,586.10,586.10,25,4125
20220131,14:06,602.10,602.10,602.10,602.10,25,4125
20220131,14:07,611.70,615.50,611.70,615.50,75,4150
20220131,14:09,621.30,621.30,621.30,621.30,25,4150
20220131,14:11,621.40,621.40,621.40,621.40,25,4100
20220131,14:13,620.30,620.30,620.30,620.30,50,4100
20220131,14:14,619.40,619.40,619.40,619.40,75,4100
20220131,14:16,614.30,614.30,614.30,614.30,25,4125
20220131,14:17,605.00,605.00,605.00,605.00,125,4125
20220131,14:24,630.40,630.40,630.40,630.40,100,4150
20220131,14:25,628.45,628.45,628.45,628.45,100,4100
20220131,14:27,653.05,653.05,653.05,653.05,25,4100
20220131,14:30,627.30,627.30,627.30,627.30,100,4175
20220131,14:31,616.60,634.05,616.60,634.05,125,4150
20220131,14:32,629.20,629.20,629.20,629.20,25,4150
20220131,14:36,625.80,625.80,625.80,625.80,75,4225
20220131,14:40,639.20,639.20,639.20,639.20,25,4200
20220131,14:43,620.05,620.05,611.10,611.10,100,4200
20220131,14:45,613.45,613.45,613.45,613.45,50,4200
20220131,14:50,613.90,613.90,613.90,613.90,50,4225
20220131,15:09,599.00,599.00,599.00,599.00,50,4150
20220131,15:10,598.95,599.00,598.95,599.00,175,4150
20220131,15:20,614.10,626.90,614.10,626.90,625,4200
20220131,15:25,617.55,617.55,600.70,600.70,50,4550
20220131,15:27,614.45,616.65,614.45,616.65,425,4350
20220131,15:28,615.70,615.70,613.00,613.00,125,4350
20220131,15:29,613.55,613.55,613.55,613.55,50,4350
20220201,09:16,699.95,700.00,699.95,700.00,77,4250
20220201,09:17,724.35,724.35,676.85,676.85,125,4275
20220201,09:22,760.00,760.00,760.00,760.00,25,4250
20220201,09:26,801.00,801.00,801.00,801.00,25,4250
20220201,09:27,801.00,801.00,801.00,801.00,25,4250
20220201,09:32,834.05,834.05,834.05,834.05,25,4250
20220201,09:33,847.70,847.70,847.70,847.70,25,4250
20220201,09:34,847.70,877.85,847.70,877.85,75,4250
20220201,09:35,886.80,886.80,883.00,883.00,425,4350
20220201,09:36,884.90,884.90,884.90,884.90,25,4350
20220201,09:37,882.05,886.05,882.05,886.05,100,4350
20220201,09:38,899.50,899.50,899.50,899.50,175,4325
20220201,09:40,856.00,856.00,856.00,856.00,125,4325
20220201,09:41,850.05,850.05,850.05,850.05,50,4325
20220201,09:44,825.25,825.25,825.25,825.25,25,4300
20220201,09:52,867.15,867.15,867.15,867.15,25,4275
20220201,09:53,863.00,863.00,863.00,863.00,25,4275
20220201,10:01,854.35,854.35,854.35,854.35,25,4250
20220201,10:02,862.30,862.30,862.30,862.30,150,4250
20220201,10:03,851.80,851.80,851.80,851.80,25,4300
20220201,10:10,869.90,869.90,869.90,869.90,50,4300
20220201,10:11,862.05,862.05,862.05,862.05,25,4300
20220201,10:17,896.45,896.45,896.45,896.45,25,4325
20220201,10:18,900.00,900.00,900.00,900.00,50,4325
20220201,10:19,901.95,901.95,901.95,901.95,75,4325
20220201,10:21,884.00,884.00,884.00,884.00,25,4375
20220201,10:25,887.95,887.95,887.95,887.95,25,4375
20220201,10:26,897.00,897.00,897.00,897.00,25,4375
20220201,10:34,861.45,861.45,861.45,861.45,25,4400
20220201,10:35,845.00,845.00,845.00,845.00,200,4400
20220201,10:37,821.95,821.95,821.95,821.95,25,4400
20220201,10:38,832.95,832.95,832.95,832.95,25,4400
20220201,10:54,814.60,814.60,814.60,814.60,25,4425
20220201,10:59,839.00,839.00,839.00,839.00,200,4400
20220201,11:00,839.00,839.00,839.00,839.00,125,4600
20220201,11:02,868.80,868.80,868.80,868.80,50,4600
20220201,11:03,866.15,866.15,866.15,866.15,25,4625
20220201,11:05,879.00,879.00,879.00,879.00,100,4625
20220201,11:06,878.00,878.00,878.00,878.00,25,4625
20220201,11:07,854.00,854.00,854.00,854.00,25,4625
20220201,11:09,856.00,856.00,856.00,856.00,50,4625
20220201,11:10,850.75,850.75,850.75,850.75,50,4625
20220201,11:13,839.75,839.75,839.75,839.75,25,4650
20220201,11:15,843.05,843.05,843.05,843.05,25,4700
20220201,11:16,848.05,848.05,848.05,848.05,25,4700
20220201,11:20,832.05,832.05,832.05,832.05,75,4650
20220201,11:25,819.65,819.65,819.65,819.65,50,4600
20220201,11:27,771.00,771.00,771.00,771.00,25,4600
20220201,11:28,716.05,742.00,716.05,742.00,425,4600
20220201,11:29,763.00,763.00,763.00,763.00,25,4600
20220201,11:30,760.00,760.00,734.00,747.05,150,4700
20220201,11:32,749.05,750.10,749.05,750.10,175,4700
20220201,11:33,741.95,745.50,736.80,745.50,125,4725
20220201,11:34,745.60,745.60,738.80,738.80,75,4725
20220201,11:35,727.05,727.05,719.15,719.15,150,4725
20220201,11:36,707.40,707.40,647.50,647.50,425,4700
20220201,11:37,653.60,677.40,653.60,677.40,50,4700
20220201,11:38,677.15,687.55,677.15,687.55,75,4700
20220201,11:39,687.20,698.30,687.20,698.30,50,4750
20220201,11:41,710.55,710.55,710.55,710.55,100,4750
20220201,11:42,707.10,707.10,707.10,707.10,25,4775
20220201,11:43,715.60,715.60,715.60,715.60,100,4775
20220201,11:45,730.80,730.80,730.80,730.80,125,4750
20220201,11:46,771.55,771.55,771.55,771.55,25,4750
20220201,11:47,770.95,770.95,763.60,763.60,150,4750
20220201,11:49,764.70,764.70,764.70,764.70,75,4700
20220201,11:50,754.20,754.20,754.20,754.20,75,4700
20220201,11:53,752.90,752.90,752.90,752.90,25,4675
20220201,11:54,795.85,795.85,795.85,795.85,50,4675
20220201,11:55,820.70,820.70,820.70,820.70,25,4675
20220201,12:00,822.00,822.00,822.00,822.00,25,4675
20220201,12:01,814.05,843.85,814.05,843.85,50,4675
20220201,12:02,842.00,842.00,842.00,842.00,25,4675
20220201,12:05,852.00,852.00,797.05,797.05,100,4675
20220201,12:09,822.80,822.80,822.80,822.80,25,4675
20220201,12:21,767.35,767.35,767.35,767.35,25,4700
20220201,12:22,786.80,786.80,786.80,786.80,25,4700
20220201,12:26,742.65,742.65,742.65,742.65,50,4700
20220201,12:28,744.00,756.65,744.00,756.65,50,4675
20220201,12:29,763.40,763.40,760.20,760.20,125,4675
20220201,12:30,773.00,775.00,773.00,775.00,700,4650
20220201,12:31,751.00,751.00,751.00,751.00,50,4650
20220201,12:32,673.15,690.95,673.15,690.95,700,4650
20220201,12:33,710.65,710.65,710.65,710.65,75,4650
20220201,12:34,613.60,613.60,600.10,600.10,150,4575
20220201,12:35,635.65,635.65,612.30,612.30,300,4575
20220201,12:36,633.60,633.60,617.05,617.05,50,4725
20220201,12:37,617.05,617.05,617.05,617.05,75,4725
20220201,12:38,623.25,635.55,623.25,635.55,75,4725
20220201,12:39,640.00,640.00,635.75,635.75,75,4775
20220201,12:40,626.10,649.15,626.10,649.15,125,4775
20220201,12:41,645.20,645.20,645.20,645.20,75,4775
20220201,12:42,665.50,665.50,665.50,665.50,25,4850
20220201,12:43,651.75,651.75,628.00,628.00,75,4850
20220201,12:44,640.55,640.55,615.00,615.00,175,4850
20220201,12:46,600.00,600.00,599.60,599.60,200,4700
20220201,12:47,597.40,597.40,572.20,572.20,125,4700
20220201,12:48,556.30,556.30,546.25,546.25,200,4800
20220201,12:49,557.75,576.10,557.75,565.65,200,4800
20220201,12:50,577.35,577.35,577.35,577.35,25,4800
20220201,12:51,598.70,598.70,584.85,584.85,75,4750
20220201,12:52,586.75,595.50,586.75,595.50,375,4750
20220201,12:53,589.85,589.85,589.85,589.85,25,4750
20220201,12:54,573.25,573.25,573.25,573.25,50,4575
20220201,12:55,583.15,594.65,583.15,594.65,75,4575
20220201,12:56,594.65,594.65,594.65,594.65,50,4575
20220201,12:57,587.75,587.75,581.80,581.80,75,4575
20220201,12:58,579.25,579.25,579.25,579.25,25,4575
20220201,13:00,531.00,531.00,531.00,531.00,50,4575
20220201,13:01,508.55,508.55,508.55,508.55,50,4575
20220201,13:02,489.20,489.20,489.20,489.20,50,4575
20220201,13:03,484.85,484.85,484.85,484.85,25,4550
20220201,13:04,469.90,478.35,444.10,478.35,275,4550
20220201,13:05,464.20,464.20,459.95,459.95,175,4550
20220201,13:06,461.95,475.55,461.95,475.55,325,4700
20220201,13:08,464.75,470.15,464.75,470.15,175,4700
20220201,13:09,470.95,476.35,470.95,476.35,175,4800
20220201,13:10,474.35,474.35,474.35,474.35,50,4800
20220201,13:12,440.60,440.60,440.60,440.60,50,4775
20220201,13:13,400.00,400.00,400.00,400.00,125,4775
20220201,13:14,398.15,398.15,398.15,398.15,500,4775
20220201,13:15,365.45,365.45,365.45,365.45,100,4625
20220201,13:16,401.45,401.45,401.45,401.45,100,4625
20220201,13:17,433.70,433.70,433.70,433.70,25,4625
20220201,13:18,415.50,438.25,415.50,438.25,525,4625
20220201,13:19,445.45,445.45,445.25,445.25,125,4975
20220201,13:20,447.00,447.00,447.00,447.00,25,4975
20220201,13:21,440.70,440.70,440.70,440.70,25,4975
20220201,13:22,439.65,439.65,439.65,439.65,25,4850
20220201,13:25,464.40,464.40,464.40,464.40,75,4850
20220201,13:26,459.05,459.05,459.05,459.05,25,4850
20220201,13:27,469.65,469.65,469.65,469.65,25,4850
20220201,13:31,480.80,480.80,480.80,480.80,100,4925
20220201,13:33,504.85,504.85,495.25,495.25,175,4950
20220201,13:34,496.40,500.05,496.40,500.05,125,4950
20220201,13:35,500.00,500.00,500.00,500.00,25,4950
20220201,13:36,500.20,500.20,482.30,482.30,75,4950
20220201,13:38,480.00,480.00,480.00,480.00,100,5000
20220201,13:39,478.00,478.00,478.00,478.00,50,5000
20220201,13:47,524.45,524.45,524.45,524.45,75,5050
20220201,13:48,535.85,535.85,535.70,535.70,150,5100
20220201,13:49,533.95,533.95,533.95,533.95,50,5100
20220201,13:57,524.75,527.60,524.75,527.60,50,5025
20220201,13:58,509.10,512.40,509.10,512.40,75,5025
20220201,13:59,505.30,505.30,505.30,505.30,75,5025
20220201,14:00,522.60,522.60,522.60,522.60,25,5025
20220201,14:03,530.60,530.60,530.60,530.60,25,5025
20220201,14:04,533.35,533.35,533.35,533.35,50,5025
20220201,14:05,519.00,519.00,513.60,513.60,125,5025
20220201,14:06,512.45,523.40,512.45,523.40,75,5125
20220201,14:07,512.45,519.75,512.45,519.75,100,5125
20220201,14:09,517.60,533.55,517.60,533.55,100,5125
20220201,14:13,533.00,533.00,533.00,533.00,275,5225
20220201,14:14,539.75,539.75,539.75,539.75,50,5225
20220201,14:15,544.65,544.65,544.65,544.65,25,5225
20220201,14:16,544.65,544.65,544.65,544.65,250,5425
20220201,14:17,534.15,534.15,534.15,534.15,50,5425
20220201,14:20,536.60,536.60,536.60,536.60,50,5375
20220201,14:21,550.70,562.50,550.70,551.70,250,5375
20220201,14:22,550.00,550.00,550.00,550.00,25,5375
20220201,14:24,570.80,571.10,570.80,571.10,150,5400
20220201,14:25,570.80,570.80,570.80,570.80,75,5400
20220201,14:26,600.50,600.50,600.50,600.50,250,5400
20220201,14:27,629.40,629.40,629.40,629.40,25,5225
20220201,14:28,635.50,635.50,632.05,632.05,75,5225
20220201,14:33,629.25,636.50,629.25,636.50,75,5225
20220201,14:34,625.35,625.35,625.35,625.35,25,5225
20220201,14:35,626.70,643.75,626.70,643.75,100,5225
20220201,14:36,638.05,638.05,638.05,638.05,25,5225
20220201,14:37,633.10,633.10,633.10,633.10,25,5200
20220201,14:40,592.10,592.10,592.10,592.10,25,5100
20220201,14:41,600.00,600.00,600.00,600.00,100,5100
20220201,14:42,612.00,612.00,612.00,612.00,250,5100
20220201,14:43,609.45,609.45,609.45,609.45,50,5100
20220201,14:44,630.05,640.65,630.05,640.65,225,5100
20220201,14:45,652.95,652.95,652.95,652.95,50,5100
20220201,14:46,652.95,652.95,652.95,652.95,25,5075
20220201,14:49,616.60,616.60,616.60,616.60,25,5075
20220201,14:50,626.95,626.95,622.15,622.15,50,5075
20220201,14:51,603.10,603.10,581.75,581.75,50,5075
20220201,14:52,597.65,597.65,584.15,584.15,125,5075
20220201,14:54,604.85,604.85,604.85,604.85,50,5075
20220201,14:56,620.00,620.00,595.65,595.65,100,4975
20220201,14:57,606.55,606.55,606.55,606.55,25,4975
20220201,14:59,600.45,600.45,597.15,597.15,75,4950
20220201,15:00,587.75,587.75,587.75,587.75,50,4950
20220201,15:01,568.60,568.60,568.60,568.60,125,5000
20220201,15:02,580.00,580.00,580.00,580.00,50,5000
20220201,15:03,585.35,585.35,573.75,573.75,125,5000
20220201,15:04,579.30,579.30,579.30,579.30,50,5000
20220201,15:12,594.35,594.35,594.35,594.35,25,4950
20220201,15:13,593.95,593.95,593.95,593.95,25,4925
20220201,15:16,621.00,621.00,621.00,621.00,25,4925
20220201,15:17,632.75,632.75,632.75,632.75,25,4925
20220201,15:18,615.05,615.05,615.00,615.00,250,4925
20220201,15:19,612.75,612.75,612.75,612.75,25,5000
20220201,15:20,612.75,612.75,612.75,612.75,100,5000
20220201,15:21,612.70,612.70,612.60,612.60,50,5000
20220201,15:23,615.45,615.45,615.45,615.45,25,5050
20220201,15:25,625.05,625.10,625.05,625.10,100,5050
20220201,15:27,638.60,638.60,638.60,638.60,125,5050
20220202,09:15,698.95,699.85,698.95,699.85,76,5025
20220202,09:16,699.90,708.95,695.00,708.95,275,5025
20220202,09:17,723.95,723.95,723.95,723.95,100,5025
20220202,09:18,723.95,723.95,710.05,710.05,75,5025
20220202,09:19,719.85,719.85,715.25,715.25,200,5025
20220202,09:20,726.15,726.15,726.15,726.15,50,5025
20220202,09:22,737.70,740.00,710.80,710.80,300,5150
20220202,09:23,715.20,720.95,704.95,707.00,200,5325
20220202,09:24,724.25,730.40,724.20,730.40,200,5325
20220202,09:25,740.95,740.95,740.95,740.95,75,5325
20220202,09:26,770.75,784.75,770.75,784.75,100,5500
20220202,09:27,785.95,805.75,785.95,805.75,475,5500
20220202,09:28,805.00,807.50,798.15,798.15,500,5500
20220202,09:30,798.15,798.15,789.70,790.05,200,5700
20220202,09:31,794.05,794.05,776.95,776.95,575,5700
20220202,09:32,776.95,776.95,764.05,764.05,275,6050
20220202,09:33,770.00,771.85,765.05,765.05,150,6050
20220202,09:34,770.00,774.00,750.00,750.00,425,6050
20220202,09:35,742.85,758.00,742.85,758.00,375,6975
20220202,09:36,756.00,756.00,741.00,745.05,100,6975
20220202,09:38,755.00,755.00,755.00,755.00,50,6900
20220202,09:39,750.00,750.00,750.00,750.00,50,6900
20220202,09:42,752.00,773.95,752.00,773.95,200,7000
20220202,09:43,767.50,767.50,767.50,767.50,25,7000
20220202,09:44,759.05,759.05,759.05,759.05,75,6800
20220202,09:46,766.90,766.90,766.90,766.90,75,6800
20220202,09:47,772.05,772.05,764.10,764.10,225,7000
20220202,09:48,763.00,764.95,763.00,764.95,125,7000
20220202,09:49,762.00,764.00,762.00,764.00,50,7000
20220202,09:50,768.35,768.35,768.35,768.35,25,7150
20220202,09:51,778.60,779.85,772.00,779.85,250,7150
20220202,09:52,770.00,770.00,764.00,764.00,125,7150
20220202,09:53,770.05,770.05,768.05,770.00,300,7450
20220202,09:54,765.25,766.85,763.55,763.55,75,7450
20220202,09:55,753.95,753.95,750.25,750.25,75,7450
20220202,09:56,753.05,756.05,753.05,756.05,150,7600
20220202,09:57,756.05,761.05,753.00,753.00,200,7600
20220202,09:58,752.00,752.00,742.00,743.00,175,7600
20220202,09:59,739.00,740.00,735.00,740.00,200,7825
20220202,10:00,748.00,772.55,748.00,769.00,275,7825
20220202,10:01,771.00,794.05,771.00,794.05,325,7825
20220202,10:02,795.00,795.00,787.15,790.10,275,8400
20220202,10:03,791.80,821.00,791.80,809.05,1000,8400
20220202,10:04,814.95,814.95,807.55,809.60,100,8400
20220202,10:05,820.15,820.15,819.05,819.05,175,8875
20220202,10:06,815.05,828.40,815.05,815.05,150,8875
20220202,10:07,805.15,815.05,805.15,815.05,100,8875
20220202,10:09,809.00,815.05,809.00,815.05,125,8775
20220202,10:10,815.05,825.00,815.05,825.00,125,8775
20220202,10:11,826.20,829.40,815.00,829.40,1125,8925
20220202,10:12,823.95,823.95,819.55,819.55,50,8925
20220202,10:13,813.50,814.05,813.50,814.05,50,8925
20220202,10:15,813.80,816.05,810.00,810.00,150,9100
20220202,10:16,800.00,800.00,794.30,794.30,225,9100
20220202,10:17,797.05,797.05,797.05,797.05,25,9100
20220202,10:18,794.10,810.00,793.05,806.05,425,9175
20220202,10:19,819.45,824.05,818.90,824.05,175,9175
20220202,10:20,821.10,824.00,818.85,824.00,200,9175
20220202,10:21,825.00,825.00,823.50,823.50,75,9625
20220202,10:22,824.00,825.55,824.00,825.55,50,9625
20220202,10:23,826.40,826.40,824.75,824.75,50,9625
20220202,10:24,818.65,818.65,818.65,818.65,75,9625
20220202,10:26,813.00,813.00,808.80,808.80,75,9625
20220202,10:27,808.70,812.15,808.70,812.15,100,9700
20220202,10:28,815.40,815.40,806.95,806.95,125,9700
20220202,10:29,812.20,815.05,812.20,814.55,75,9700
20220202,10:30,814.90,817.55,814.40,815.85,150,9825
20220202,10:31,812.10,812.10,811.55,811.55,50,9825
20220202,10:32,806.30,811.00,806.00,806.35,275,10100
20220202,10:33,809.70,809.70,809.20,809.20,75,10100
20220202,10:34,809.10,812.60,805.00,812.60,75,10100
20220202,10:35,812.60,816.95,812.25,813.00,1050,10400
20220202,10:36,813.05,821.60,808.55,808.55,475,10400
20220202,10:37,803.50,807.45,780.00,792.80,1250,10400
20220202,10:38,790.40,790.40,759.70,759.70,225,11025
20220202,10:39,760.10,760.10,752.00,752.00,50,11025
20220202,10:40,745.90,755.35,745.90,755.35,75,11025
20220202,10:41,765.15,765.15,750.45,750.45,75,11025
20220202,10:42,757.25,762.50,757.25,762.50,50,10975
20220202,10:43,765.80,768.00,765.80,768.00,50,10975
20220202,10:44,763.15,763.15,763.15,763.15,25,10875
20220202,10:45,763.85,763.85,763.85,763.85,25,10875
20220202,10:46,765.15,769.95,764.70,769.95,300,10875
20220202,10:47,771.80,771.80,762.30,762.30,50,10875
20220202,10:48,760.95,760.95,760.95,760.95,25,11100
20220202,10:51,760.85,762.90,760.85,762.90,50,11125
20220202,10:54,757.10,758.05,757.10,758.00,75,11075
20220202,10:55,759.00,761.60,758.30,761.60,125,11075
20220202,10:56,766.40,766.40,766.30,766.30,75,11075
20220202,10:57,775.00,775.00,775.00,775.00,25,11300
20220202,10:58,778.45,780.00,773.05,780.00,125,11300
20220202,10:59,780.00,780.00,780.00,780.00,25,11300
20220202,11:00,779.90,780.95,779.90,780.95,50,11250
20220202,11:01,780.90,780.90,778.00,778.00,50,11250
20220202,11:02,777.00,785.00,777.00,785.00,175,11250
20220202,11:03,793.00,797.55,791.95,797.55,275,11250
20220202,11:04,797.95,797.95,797.95,797.95,50,11250
20220202,11:05,800.05,800.05,800.00,800.05,100,11250
20220202,11:07,800.05,800.95,800.00,800.00,75,11325
20220202,11:09,810.00,815.65,807.00,815.65,375,11325
20220202,11:10,817.80,820.00,808.95,808.95,525,11325
20220202,11:11,809.00,811.00,809.00,811.00,125,11325
20220202,11:12,802.00,802.00,795.95,795.95,150,11375
20220202,11:13,796.10,796.10,796.10,796.10,25,11375
20220202,11:14,793.15,794.15,790.85,794.15,225,11375
20220202,11:15,794.25,799.00,794.25,798.20,175,11375
20220202,11:16,794.25,794.25,788.75,788.75,75,11375
20220202,11:17,787.40,789.95,787.40,789.95,50,11375
20220202,11:18,781.85,781.85,781.85,781.85,25,11350
20220202,11:19,783.25,783.25,771.75,771.85,275,11350
20220202,11:20,774.10,774.10,766.05,770.35,250,11350
20220202,11:21,768.55,768.55,768.55,768.55,25,11300
20220202,11:22,775.15,776.35,775.15,776.35,75,11300
20220202,11:23,779.85,779.85,779.85,779.85,100,11300
20220202,11:24,790.65,793.35,786.00,786.00,150,11425
20220202,11:25,795.95,795.95,794.00,794.00,50,11425
20220202,11:26,790.00,790.30,790.00,790.00,150,11425
20220202,11:27,787.00,787.00,786.00,786.95,125,11375
20220202,11:28,786.00,788.35,786.00,788.35,250,11375
20220202,11:31,800.00,800.00,800.00,800.00,150,11525
20220202,11:32,796.95,796.95,796.95,796.95,25,11525
20220202,11:33,797.00,798.00,794.25,795.90,950,11425
20220202,11:35,795.90,795.90,794.35,794.35,325,11425
20220202,11:37,797.15,797.15,797.15,797.15,25,11650
20220202,11:38,788.20,788.20,785.90,785.90,100,11650
20220202,11:39,787.40,796.05,787.40,796.05,150,11625
20220202,11:40,792.05,792.05,792.05,792.05,25,11625
20220202,11:41,793.00,799.45,793.00,799.45,750,11625
20220202,11:42,797.55,797.55,795.45,795.45,50,11550
20220202,11:43,798.50,798.50,798.50,798.50,50,11550
20220202,11:44,797.25,802.35,797.25,802.35,75,11550
20220202,11:45,802.05,823.95,802.05,823.95,525,11425
20220202,11:46,818.50,822.80,816.30,822.80,150,11425
20220202,11:47,823.95,837.10,823.95,829.00,200,11425
20220202,11:48,830.95,830.95,827.40,828.00,175,11500
20220202,11:49,825.00,829.95,825.00,829.95,325,11500
20220202,11:50,828.80,828.80,828.30,828.70,625,11500
20220202,11:51,830.00,835.15,830.00,832.05,425,11925
20220202,11:52,833.05,837.50,832.00,832.00,125,11925
20220202,11:53,836.95,836.95,834.90,834.90,75,11925
20220202,11:54,839.95,839.95,839.95,839.95,25,11925
20220202,11:55,839.95,839.95,834.35,838.65,125,11925
20220202,11:56,832.00,832.00,832.00,832.00,50,11925
20220202,11:57,832.85,832.85,831.95,831.95,75,11850
20220202,11:58,833.60,834.00,833.60,834.00,75,11850
20220202,11:59,836.70,841.45,836.70,838.00,350,11850
20220202,12:00,840.25,843.00,840.25,843.00,175,11825
20220202,12:01,844.10,848.70,841.30,841.30,150,11825
20220202,12:02,845.00,845.00,837.55,837.55,225,11825
20220202,12:03,830.00,830.00,824.05,829.25,575,11850
20220202,12:04,830.00,830.55,830.00,830.55,150,11850
20220202,12:05,835.00,840.00,835.00,840.00,425,11850
20220202,12:07,845.85,845.85,845.00,845.00,175,12025
20220202,12:08,844.45,844.45,844.45,844.45,25,12025
20220202,12:09,848.00,852.00,848.00,852.00,675,12275
20220202,12:10,854.30,860.00,852.65,852.65,675,12275
20220202,12:11,852.65,852.65,838.70,845.00,100,12275
20220202,12:12,835.00,837.95,830.05,837.95,475,11775
20220202,12:13,825.00,825.00,824.00,824.00,525,11775
20220202,12:14,828.75,835.00,828.75,835.00,200,11775
20220202,12:15,820.00,820.00,813.65,813.95,250,11850
20220202,12:16,820.00,829.60,820.00,825.05,675,11850
20220202,12:17,827.50,844.85,827.50,844.85,200,11850
20220202,12:18,843.30,852.00,843.30,852.00,550,12050
20220202,12:19,855.60,858.70,851.15,858.70,900,12050
20220202,12:20,862.90,862.90,850.25,850.25,725,12050
20220202,12:21,856.90,858.00,854.35,854.35,225,12875
20220202,12:22,854.35,854.35,848.75,848.75,150,12875
20220202,12:23,843.95,843.95,840.70,840.70,75,12875
20220202,12:24,840.70,848.00,840.70,848.00,1150,12975
20220202,12:25,842.00,845.85,834.95,834.95,225,12975
20220202,12:26,834.95,834.95,820.05,820.05,225,12975
20220202,12:27,817.55,817.55,815.00,816.95,200,13550
20220202,12:28,820.00,826.55,818.25,826.55,175,13550
20220202,12:29,834.10,834.10,834.10,834.10,25,13550
20220202,12:30,836.95,836.95,836.95,836.95,100,13300
20220202,12:31,835.95,835.95,835.95,835.95,150,13300
20220202,12:32,831.60,831.60,815.45,815.45,125,13300
20220202,12:33,819.95,829.95,819.00,821.15,400,13425
20220202,12:34,821.30,826.95,821.30,826.95,50,13425
20220202,12:35,820.00,821.95,820.00,820.00,75,13425
20220202,12:36,821.30,826.95,821.30,826.95,75,13525
20220202,12:37,825.00,826.60,825.00,826.60,75,13525
20220202,12:38,827.90,827.90,818.00,818.00,250,13525
20220202,12:39,812.00,824.95,804.45,819.20,425,13675
20220202,12:41,826.95,831.85,825.35,831.85,125,13675
20220202,12:42,831.00,840.95,831.00,836.00,275,13600
20220202,12:43,831.00,835.15,831.00,835.15,125,13600
20220202,12:44,830.75,830.75,830.75,830.75,25,13600
20220202,12:45,836.05,836.05,836.05,836.05,25,13875
20220202,12:46,833.50,833.50,826.30,826.30,75,13875
20220202,12:47,826.30,826.30,826.30,826.30,50,13875
20220202,12:48,841.90,841.90,841.90,841.90,50,13925
20220202,12:49,839.25,844.35,839.25,843.85,150,13925
20220202,12:50,836.05,836.05,830.10,830.10,75,13925
20220202,12:51,831.65,831.65,831.65,831.65,25,13925
20220202,12:52,826.00,826.00,816.50,816.50,75,14025
20220202,12:53,815.25,815.25,811.85,811.85,150,14025
20220202,12:54,823.50,823.50,819.45,819.45,50,14025
20220202,12:55,819.20,819.20,816.85,816.85,175,14075
20220202,12:56,817.35,819.95,807.20,807.20,200,14075
20220202,12:57,807.55,807.55,807.55,807.55,50,14075
20220202,12:58,807.00,807.00,803.95,803.95,125,14125
20220202,12:59,805.00,808.20,803.00,803.00,150,14125
20220202,13:00,802.20,812.10,802.20,809.85,350,14150
20220202,13:01,809.45,809.45,809.45,809.45,25,14150
20220202,13:02,814.55,817.50,814.55,817.50,350,14150
20220202,13:06,804.90,804.90,804.90,804.90,100,14100
20220202,13:07,811.70,811.70,784.90,790.00,400,14100
20220202,13:08,792.20,805.95,792.20,805.95,125,14100
20220202,13:09,808.50,808.50,799.65,807.00,300,14175
20220202,13:10,804.20,815.00,804.20,814.25,275,14175
20220202,13:11,813.00,813.00,808.50,811.60,200,14175
20220202,13:12,813.55,813.55,813.55,813.55,250,14150
20220202,13:14,808.00,808.00,804.30,806.30,150,14150
20220202,13:15,799.10,799.10,799.10,799.10,50,14150
20220202,13:16,806.95,806.95,806.95,806.95,25,14125
20220202,13:17,813.00,813.00,813.00,813.00,25,14125
20220202,13:18,821.95,821.95,821.95,821.95,25,14150
20220202,13:19,824.50,825.70,824.50,825.70,175,14150
20220202,13:20,843.00,843.00,832.00,841.35,700,14150
20220202,13:23,830.65,830.65,830.65,830.65,50,13875
20220202,13:24,821.20,821.20,821.20,821.20,50,13875
20220202,13:25,820.95,820.95,820.00,820.00,275,13850
20220202,13:26,820.00,821.50,820.00,820.00,75,13850
20220202,13:27,823.00,823.00,823.00,823.00,100,14000
20220202,13:28,815.00,815.00,813.30,813.30,175,14000
20220202,13:29,811.05,811.05,811.05,811.05,25,14000
20220202,13:30,800.00,800.00,800.00,800.00,25,13900
20220202,13:31,799.10,800.00,799.10,800.00,50,13900
20220202,13:32,814.20,830.00,814.20,828.05,475,13900
20220202,13:33,831.70,831.70,820.00,820.00,150,13800
20220202,13:34,819.15,819.95,814.65,819.85,150,13800
20220202,13:35,815.00,815.00,813.05,813.05,75,13800
20220202,13:36,817.20,817.20,817.20,817.20,25,13975
20220202,13:38,815.00,815.00,815.00,815.00,50,13975
20220202,13:39,815.00,816.30,815.00,816.30,50,13975
20220202,13:40,812.60,812.60,812.60,812.60,50,14050
20220202,13:41,827.95,827.95,826.65,826.65,50,14050
20220202,13:42,815.00,815.05,812.60,812.60,100,14050
20220202,13:44,823.05,823.05,823.05,823.05,75,14125
20220202,13:45,829.70,829.70,824.00,824.00,275,14100
20220202,13:46,819.35,819.35,815.00,815.00,75,14100
20220202,13:47,810.75,810.75,810.75,810.75,25,14100
20220202,13:49,812.00,812.00,812.00,812.00,25,14025
20220202,13:51,815.10,815.10,815.10,815.10,25,14000
20220202,13:52,813.90,813.90,779.95,779.95,475,14000
20220202,13:53,775.35,793.75,775.25,793.75,225,14000
20220202,13:54,783.25,790.00,783.25,790.00,150,13975
20220202,13:56,802.00,802.00,802.00,802.00,50,13975
20220202,13:57,802.00,802.00,801.35,801.35,1025,13975
20220202,13:59,799.45,799.45,799.45,799.45,1000,13975
20220202,14:00,801.45,808.00,801.45,806.65,75,13975
20220202,14:01,816.10,822.50,816.10,822.50,125,14700
20220202,14:02,817.65,817.65,817.65,817.65,50,14700
20220202,14:03,815.00,816.15,815.00,816.15,75,14750
20220202,14:04,814.65,814.65,807.25,807.25,100,14750
20220202,14:05,806.85,806.85,806.85,806.85,50,14750
20220202,14:06,806.30,806.30,806.30,806.30,25,14750
20220202,14:09,813.35,813.35,770.95,776.80,475,14825
20220202,14:10,778.15,782.40,766.40,780.40,550,14825
20220202,14:11,783.10,783.10,783.10,783.10,25,14825
20220202,14:12,814.40,818.00,812.95,818.00,1250,14700
20220202,14:13,813.85,845.00,813.85,845.00,500,14700
20220202,14:14,855.00,855.00,850.00,853.90,600,14700
20220202,14:15,850.00,856.00,847.85,851.00,275,15850
20220202,14:16,860.00,860.85,846.85,850.95,900,15850
20220202,14:17,841.10,841.35,840.00,840.00,450,15850
20220202,14:18,837.70,838.05,836.80,838.05,975,16025
20220202,14:19,835.20,835.20,835.00,835.00,150,16025
20220202,14:20,836.45,839.95,835.00,835.00,100,16025
20220202,14:21,845.05,845.05,835.00,835.00,100,16100
20220202,14:22,836.30,840.95,836.00,836.00,225,16100
20220202,14:23,835.70,838.05,835.70,838.05,75,16100
20220202,14:24,838.05,840.00,838.05,840.00,50,16475
20220202,14:25,843.95,845.65,842.00,843.75,375,16475
20220202,14:26,845.00,845.00,841.00,845.00,375,16475
20220202,14:27,843.00,850.70,843.00,848.10,450,16350
20220202,14:28,851.25,860.00,851.25,860.00,350,16350
20220202,14:29,860.00,875.35,857.00,875.35,1375,16350
20220202,14:30,876.85,876.85,857.00,857.00,1325,16100
20220202,14:31,854.30,861.95,854.30,855.80,275,16100
20220202,14:32,862.30,870.00,862.30,869.55,375,16100
20220202,14:33,870.00,870.95,864.00,866.95,775,16600
20220202,14:34,872.40,894.70,872.40,894.70,1150,16600
20220202,14:35,894.85,898.00,885.30,885.95,550,16600
20220202,14:36,890.00,915.75,887.55,915.75,2025,15875
20220202,14:37,915.75,916.75,910.00,916.75,1500,15875
20220202,14:38,916.75,916.75,908.00,910.65,1000,15875
20220202,14:39,910.65,919.75,910.65,915.65,350,15700
20220202,14:40,913.80,916.50,906.40,907.90,575,15700
20220202,14:41,914.10,919.10,914.10,915.55,350,15700
20220202,14:42,915.05,915.55,914.45,914.45,150,15725
20220202,14:43,914.20,914.20,891.90,898.60,250,15725
20220202,14:44,899.10,902.85,899.10,902.85,150,15725
20220202,14:45,920.00,921.00,916.20,916.20,525,15925
20220202,14:46,920.00,926.75,917.05,926.75,475,15925
20220202,14:47,926.75,926.75,916.80,922.70,450,15925
20220202,14:48,922.60,922.60,903.25,906.70,500,15625
20220202,14:49,908.45,908.45,901.50,904.60,100,15625
20220202,14:50,909.45,916.40,909.05,909.05,100,15625
20220202,14:51,903.10,905.00,900.80,905.00,300,15750
20220202,14:52,900.00,900.00,900.00,900.00,75,15750
20220202,14:53,901.35,902.55,899.45,901.00,450,15750
20220202,14:54,905.00,905.00,905.00,905.00,25,15575
20220202,14:55,909.95,910.00,905.00,905.00,225,15575
20220202,14:56,910.30,910.30,910.00,910.00,100,15575
20220202,14:57,901.50,909.55,900.05,900.15,175,15725
20220202,14:58,900.00,901.10,886.80,898.65,575,15725
20220202,14:59,896.65,897.05,896.65,897.00,75,15725
20220202,15:00,897.50,897.50,889.80,895.75,200,15725
20220202,15:01,907.90,908.75,895.00,895.10,300,15600
20220202,15:02,897.45,897.70,895.00,897.70,75,15600
20220202,15:03,895.00,896.50,883.70,883.70,250,15500
20220202,15:04,885.00,888.00,885.00,887.00,125,15500
20220202,15:05,890.00,892.00,887.00,892.00,150,15500
20220202,15:06,896.40,898.90,896.40,898.45,150,15500
20220202,15:07,903.90,903.90,900.25,900.25,100,15275
20220202,15:08,902.95,902.95,888.70,888.70,400,15275
20220202,15:09,893.00,901.90,893.00,901.90,75,15275
20220202,15:10,902.15,902.15,902.15,902.15,300,15350
20220202,15:11,902.40,902.40,894.30,894.30,325,15350
20220202,15:12,896.85,897.70,892.80,895.80,475,15300
20220202,15:13,895.85,900.00,893.80,893.80,275,15300
20220202,15:14,895.20,904.00,895.20,903.95,250,15300
20220202,15:15,904.00,907.00,903.10,903.10,450,15350
20220202,15:16,901.05,902.55,900.00,900.60,150,15350
20220202,15:17,897.60,898.35,892.10,896.55,300,15350
20220202,15:18,892.05,899.30,892.05,899.25,125,15650
20220202,15:19,902.65,906.00,901.65,906.00,150,15650
20220202,15:20,905.95,909.85,904.35,906.70,1150,15650
20220202,15:21,907.05,912.65,907.05,909.15,975,15650
20220202,15:22,906.45,906.45,896.90,898.85,500,15275
20220202,15:23,898.85,898.85,892.50,897.35,150,15275
20220202,15:24,897.35,897.50,892.50,892.50,450,15275
20220202,15:25,897.30,897.95,893.00,897.60,475,15625
20220202,15:26,898.00,907.05,894.10,896.50,750,15625
20220202,15:27,897.05,899.85,894.25,899.85,700,15625
20220202,15:28,899.85,903.40,895.00,899.95,1450,15750
20220202,15:29,902.05,915.00,895.00,910.00,925,15750
20220203,09:15,866.90,917.70,845.70,912.85,2176,16750
20220203,09:16,912.45,912.45,888.30,888.30,1150,16750
20220203,09:17,885.00,885.00,830.10,830.10,4375,19100
20220203,09:18,829.70,859.20,818.70,859.20,1525,19100
20220203,09:19,860.00,887.00,860.00,885.40,700,19100
20220203,09:20,881.25,901.15,877.55,886.45,900,18850
20220203,09:21,879.35,879.35,861.55,870.00,650,18850
20220203,09:22,866.95,866.95,856.00,859.45,450,18850
20220203,09:23,861.00,884.60,861.00,878.70,350,19300
20220203,09:24,875.70,881.50,869.00,869.00,400,19300
20220203,09:25,869.00,869.00,858.90,863.10,700,19300
20220203,09:26,862.00,862.95,862.00,862.95,150,19875
20220203,09:27,858.95,858.95,853.25,858.45,100,19875
20220203,09:28,859.75,869.65,859.75,869.65,175,19875
20220203,09:29,855.05,858.75,843.95,843.95,1175,20675
20220203,09:30,843.00,843.60,816.35,816.35,2175,20675
20220203,09:31,816.35,836.25,816.35,836.25,675,20675
20220203,09:32,829.50,840.10,825.65,825.65,250,21700
20220203,09:33,820.00,829.65,820.00,829.65,225,21700
20220203,09:34,827.70,831.85,823.00,825.00,225,21700
20220203,09:35,819.05,825.95,806.25,825.95,775,22100
20220203,09:36,817.55,818.00,805.00,805.00,325,22100
20220203,09:37,805.00,815.00,805.00,811.05,250,22100
20220203,09:38,811.35,812.00,809.30,810.85,500,22425
20220203,09:39,805.00,812.85,805.00,809.90,200,22425
20220203,09:40,806.35,830.00,806.35,830.00,625,22425
20220203,09:41,824.90,845.95,824.90,841.75,850,22600
20220203,09:42,842.35,842.35,836.75,842.00,600,22600
20220203,09:43,846.05,848.80,840.00,840.00,2050,22600
20220203,09:44,841.65,841.85,832.15,832.25,700,23400
20220203,09:45,827.95,827.95,814.00,816.25,575,23400
20220203,09:46,815.00,815.00,800.00,805.00,775,23400
20220203,09:47,800.00,803.05,797.25,800.15,700,23550
20220203,09:48,800.05,809.75,795.00,807.45,200,23550
20220203,09:49,800.00,800.00,793.55,793.55,300,23550
20220203,09:50,803.20,803.20,790.00,790.00,450,23800
20220203,09:51,790.00,790.00,782.10,790.00,475,23800
20220203,09:52,796.50,807.95,791.20,807.95,225,23800
20220203,09:53,805.30,829.90,805.30,819.00,675,24300
20220203,09:54,822.95,822.95,814.55,814.55,100,24300
20220203,09:55,813.75,829.05,809.00,829.05,225,24300
20220203,09:56,827.20,835.00,827.20,832.00,825,24150
20220203,09:57,836.00,841.45,830.00,830.00,750,24150
20220203,09:58,834.60,837.75,833.15,833.15,275,24150
20220203,09:59,838.60,838.60,832.85,835.85,225,24175
20220203,10:00,828.15,831.05,826.05,826.05,450,24175
20220203,10:01,834.50,836.00,831.00,836.00,225,24175
20220203,10:02,835.00,835.00,827.40,832.50,275,24175
20220203,10:03,830.10,830.10,820.00,826.00,350,24125
20220203,10:04,830.80,844.80,830.80,842.35,550,24125
20220203,10:05,836.95,836.95,824.70,824.85,250,24175
20220203,10:06,821.95,827.95,811.70,811.70,375,24175
20220203,10:07,816.90,817.95,816.90,817.95,50,24175
20220203,10:08,820.95,820.95,811.70,811.70,125,24425
20220203,10:09,815.00,815.00,805.00,805.00,650,24425
20220203,10:10,805.00,805.00,798.65,798.65,500,24425
20220203,10:11,801.95,809.10,801.95,806.95,350,25275
20220203,10:12,810.00,814.00,808.60,814.00,200,25275
20220203,10:13,814.00,815.00,807.55,807.55,275,25275
20220203,10:14,805.00,806.00,804.00,804.00,100,25275
20220203,10:15,807.00,807.00,807.00,807.00,75,25625
20220203,10:16,803.00,803.00,794.85,796.85,250,25625
20220203,10:17,800.00,800.70,799.40,800.40,175,25775
20220203,10:18,799.20,799.20,790.05,790.05,475,25775
20220203,10:19,794.80,794.80,790.00,790.00,100,25775
20220203,10:20,790.85,802.15,790.85,802.15,150,26050
20220203,10:21,802.15,806.15,802.00,802.00,100,26050
20220203,10:22,805.75,805.75,795.95,795.95,550,26050
20220203,10:23,786.45,798.95,786.45,798.95,300,26050
20220203,10:24,807.45,807.95,798.60,807.95,100,26675
20220203,10:25,801.05,801.05,801.05,801.05,25,26675
20220203,10:26,798.00,798.00,797.90,797.90,50,26675
20220203,10:28,797.00,797.00,781.45,781.45,75,26825
20220203,10:29,781.45,783.90,770.00,781.85,1900,26825
20220203,10:30,781.85,783.10,778.00,778.00,150,26350
20220203,10:31,784.00,790.00,784.00,790.00,125,26350
20220203,10:32,792.65,793.95,785.85,789.55,150,26225
20220203,10:34,786.10,795.95,786.10,795.95,50,26225
20220203,10:35,798.00,803.75,798.00,800.00,600,26225
20220203,10:36,794.25,796.60,794.25,796.60,525,26300
20220203,10:37,798.00,805.30,796.60,805.00,300,26300
20220203,10:38,803.55,803.55,794.00,794.00,100,26575
20220203,10:39,794.00,798.70,794.00,794.00,375,26575
20220203,10:40,794.50,799.45,794.50,798.30,475,26575
20220203,10:41,804.00,808.00,804.00,808.00,450,26575
20220203,10:42,806.00,810.00,806.00,810.00,750,27250
20220203,10:43,805.00,809.55,803.30,805.45,175,27250
20220203,10:44,808.00,810.00,805.80,808.00,175,27250
20220203,10:45,810.85,810.85,804.45,804.45,225,26975
20220203,10:46,809.40,809.40,805.70,805.70,150,26975
20220203,10:47,808.55,808.55,808.55,808.55,150,26975
20220203,10:48,810.70,813.05,810.05,810.05,325,27050
20220203,10:49,807.55,815.50,807.55,815.50,175,27050
20220203,10:51,815.50,818.00,815.50,816.00,100,27225
20220203,10:52,812.00,812.00,810.00,810.00,150,27225
20220203,10:53,802.00,807.00,801.30,807.00,250,27225
20220203,10:54,811.15,811.15,811.15,811.15,25,27350
20220203,10:55,812.85,814.25,812.85,814.25,50,27350
20220203,10:56,813.00,813.00,813.00,813.00,225,27350
20220203,10:57,817.65,824.75,817.65,824.75,625,27100
20220203,10:58,825.00,825.55,821.05,821.35,175,27100
20220203,10:59,826.95,826.95,821.00,824.00,425,27100
20220203,11:00,822.55,822.55,813.90,817.30,350,27600
20220203,11:01,820.90,820.90,820.90,820.90,50,27600
20220203,11:02,820.90,829.95,820.80,826.70,200,27600
20220203,11:03,829.90,829.90,826.00,826.00,250,27550
20220203,11:04,820.00,820.95,817.55,820.95,375,27550
20220203,11:05,816.50,820.50,816.20,816.20,200,27550
20220203,11:06,815.65,815.65,808.60,808.60,625,27925
20220203,11:07,811.35,811.35,805.55,806.25,175,27925
20220203,11:08,804.10,807.50,804.10,806.40,225,27925
20220203,11:10,801.00,805.85,801.00,805.85,125,27500
20220203,11:11,802.60,802.60,802.60,802.60,75,27500
20220203,11:12,805.85,805.90,805.85,805.85,75,27450
20220203,11:13,805.00,805.00,805.00,805.00,50,27450
20220203,11:14,800.85,800.85,800.85,800.85,100,27450
20220203,11:15,805.00,805.10,794.00,794.00,100,27550
20220203,11:16,790.05,790.60,788.10,788.10,425,27550
20220203,11:17,788.00,790.00,785.90,789.75,375,27550
20220203,11:18,785.90,787.50,783.00,787.50,775,28000
20220203,11:19,784.45,787.00,784.45,787.00,50,28000
20220203,11:20,789.70,797.85,787.00,797.85,75,28000
20220203,11:21,797.05,797.05,795.00,795.00,50,27575
20220203,11:22,795.00,795.00,790.00,790.00,50,27575
20220203,11:23,789.10,789.10,789.10,789.10,100,27575
20220203,11:24,787.00,787.00,782.35,782.35,425,27700
20220203,11:25,784.25,784.25,779.55,779.70,275,27700
20220203,11:26,778.30,782.75,778.30,782.75,150,27700
20220203,11:27,780.05,791.05,780.05,791.05,600,27750
20220203,11:28,793.10,796.80,793.10,796.80,50,27750
20220203,11:29,796.05,799.00,796.05,799.00,275,27750
20220203,11:30,806.00,815.50,806.00,812.00,1025,27575
20220203,11:31,818.00,818.00,808.00,816.00,2050,27575
20220203,11:32,816.00,816.00,810.00,813.85,175,27575
20220203,11:33,806.55,815.00,806.55,813.95,200,28975
20220203,11:34,810.00,812.95,806.55,812.95,125,28975
20220203,11:35,813.70,816.90,813.70,814.00,850,28975
20220203,11:36,807.00,808.00,806.55,808.00,625,29025
20220203,11:37,807.05,807.05,807.00,807.00,50,29025
20220203,11:38,807.00,807.00,804.15,804.15,50,29025
20220203,11:39,799.00,799.00,790.00,797.00,325,29500
20220203,11:40,791.50,794.25,786.45,789.00,1000,29500
20220203,11:41,795.55,799.30,793.30,793.30,125,29500
20220203,11:42,790.55,792.60,786.20,792.60,125,28950
20220203,11:43,792.60,794.05,789.95,794.05,75,28950
20220203,11:45,796.05,796.05,790.35,794.40,200,28950
20220203,11:46,790.00,790.00,782.80,782.80,150,28950
20220203,11:47,785.25,785.25,780.25,783.70,100,28950
20220203,11:48,783.70,790.00,783.70,790.00,200,29100
20220203,11:49,787.50,788.00,787.50,788.00,75,29100
20220203,11:50,785.00,785.00,769.25,781.15,2100,29100
20220203,11:51,780.65,780.65,780.65,780.65,150,29100
20220203,11:52,780.65,781.95,780.45,780.45,350,29475
20220203,11:53,778.40,785.95,776.45,776.45,275,29475
20220203,11:54,777.20,781.15,777.20,780.85,100,29675
20220203,11:55,777.95,777.95,777.95,777.95,125,29675
20220203,11:56,779.30,779.30,779.30,779.30,150,29675
20220203,11:57,775.00,775.00,767.90,767.90,850,29475
20220203,11:58,767.90,779.00,767.90,779.00,125,29475
20220203,11:59,782.00,789.30,782.00,788.25,375,29475
20220203,12:00,783.00,785.80,781.35,785.80,450,29550
20220203,12:01,784.90,785.95,784.90,785.95,225,29550
20220203,12:02,783.55,783.55,769.45,769.45,150,29550
20220203,12:03,770.05,776.65,770.05,776.65,225,29025
20220203,12:04,782.35,782.35,778.40,781.15,100,29025
20220203,12:05,790.00,792.95,790.00,791.95,550,29025
20220203,12:06,793.60,797.45,791.90,791.90,600,28600
20220203,12:07,789.65,795.00,789.65,790.80,750,28600
20220203,12:08,793.95,794.00,786.25,786.25,150,28600
20220203,12:09,793.95,794.65,793.15,793.15,75,29700
20220203,12:10,785.55,785.55,779.40,781.10,375,29700
20220203,12:11,783.75,790.35,783.75,790.35,50,29700
20220203,12:12,780.00,780.00,780.00,780.00,50,29800
20220203,12:13,779.00,779.00,770.55,770.55,1050,29800
20220203,12:15,770.00,770.00,757.05,764.75,700,29200
20220203,12:16,768.20,778.50,768.20,778.50,375,29200
20220203,12:17,776.65,777.80,776.65,777.80,100,29200
20220203,12:18,777.45,777.45,777.00,777.00,125,29200
20220203,12:19,777.00,779.00,777.00,779.00,150,29425
20220203,12:20,784.10,790.00,784.10,790.00,225,29425
20220203,12:21,790.25,790.25,788.00,788.00,125,29300
20220203,12:22,788.00,788.00,783.65,783.65,850,29300
20220203,12:23,785.95,785.95,785.95,785.95,25,29300
20220203,12:24,783.65,783.65,778.10,778.10,175,30075
20220203,12:25,788.00,791.00,788.00,791.00,50,30075
20220203,12:26,793.20,793.20,791.00,791.00,400,30075
20220203,12:28,790.95,790.95,786.15,786.15,125,30100
20220203,12:29,780.45,787.55,780.15,787.55,325,30100
20220203,12:30,791.00,794.95,791.00,793.80,175,30100
20220203,12:31,786.00,786.00,786.00,786.00,25,30050
20220203,12:32,789.95,789.95,789.80,789.80,100,30050
20220203,12:33,793.00,799.00,793.00,799.00,225,30125
20220203,12:34,789.15,804.90,789.15,800.00,650,30125
20220203,12:35,804.75,806.95,804.75,806.95,325,30125
20220203,12:36,807.00,809.00,805.05,805.05,150,29625
20220203,12:37,807.90,820.80,807.90,816.95,1000,29625
20220203,12:38,816.30,836.95,816.30,834.95,1725,29625
20220203,12:39,830.00,846.00,830.00,844.00,850,30175
20220203,12:40,840.20,861.95,837.05,860.75,2025,30175
20220203,12:41,860.75,864.95,859.00,859.00,900,30175
20220203,12:42,859.00,866.50,859.00,864.80,975,30750
20220203,12:43,864.65,874.35,860.95,870.00,775,30750
20220203,12:44,863.20,870.60,863.00,867.40,650,30750
20220203,12:45,868.70,879.95,865.85,866.00,1000,29725
20220203,12:46,865.85,870.70,854.15,870.70,1675,29725
20220203,12:47,875.00,885.00,872.30,885.00,2000,29725
20220203,12:48,880.95,880.95,874.85,875.30,575,30650
20220203,12:49,876.35,876.35,870.20,873.95,275,30650
20220203,12:50,868.80,882.10,868.80,882.10,1700,30650
20220203,12:51,884.70,914.15,880.00,906.55,2700,30200
20220203,12:52,911.40,916.00,905.00,905.00,1250,30200
20220203,12:53,903.80,906.05,903.20,904.40,1150,30200
20220203,12:54,901.90,902.30,883.05,883.05,2200,29600
20220203,12:55,883.15,887.00,866.80,882.00,1650,29600
20220203,12:56,877.20,877.20,870.85,870.85,300,29600
20220203,12:57,867.05,873.95,867.05,870.00,925,29100
20220203,12:58,867.75,871.05,865.75,869.45,225,29100
20220203,12:59,871.90,871.90,858.25,868.90,300,29100
20220203,13:00,871.25,871.25,856.75,856.75,350,29175
20220203,13:01,856.50,856.50,849.00,849.00,500,29175
20220203,13:02,855.00,869.40,855.00,869.40,1375,29175
20220203,13:03,863.55,863.55,855.00,857.00,325,28425
20220203,13:04,857.15,857.15,855.00,855.00,75,28425
20220203,13:05,859.85,859.85,849.25,849.25,350,28425
20220203,13:06,853.85,853.85,853.85,853.85,25,27925
20220203,13:07,853.60,855.85,852.75,855.85,75,27925
20220203,13:08,861.00,872.00,857.00,872.00,1125,27925
20220203,13:09,871.05,880.15,871.05,873.05,375,28350
20220203,13:10,877.45,877.45,868.80,874.30,1100,28350
20220203,13:11,878.00,879.55,873.90,875.10,400,28350
20220203,13:12,875.25,875.25,874.65,874.65,175,28275
20220203,13:13,871.00,871.00,860.15,860.15,325,28275
20220203,13:14,850.80,855.10,850.80,855.00,1400,28275
20220203,13:15,863.30,863.45,862.00,862.00,500,28025
20220203,13:16,860.00,860.00,859.50,859.50,75,28025
20220203,13:17,856.65,856.65,841.00,841.00,425,28025
20220203,13:18,843.75,849.00,842.05,844.35,200,27950
20220203,13:19,839.10,839.10,830.15,834.90,375,27950
20220203,13:20,830.00,835.85,830.00,835.60,450,27950
20220203,13:21,824.90,828.60,824.65,828.60,450,27950
20220203,13:22,826.35,835.00,826.35,829.20,200,28375
20220203,13:23,825.05,831.60,825.05,831.60,75,28375
20220203,13:24,833.70,836.40,832.15,836.40,150,28300
20220203,13:25,833.55,850.75,833.55,845.00,300,28300
20220203,13:26,845.00,845.00,844.15,844.15,825,28300
20220203,13:27,844.20,844.20,840.00,840.00,425,28375
20220203,13:28,840.00,840.00,829.20,832.05,225,28375
20220203,13:29,834.85,836.55,834.85,836.55,175,28375
20220203,13:30,840.60,843.05,840.60,843.05,1425,29900
20220203,13:31,855.00,855.00,843.05,843.05,175,29900
20220203,13:32,849.65,852.65,849.00,849.00,175,29900
20220203,13:33,852.85,860.80,852.85,860.60,300,29950
20220203,13:34,858.90,858.90,851.35,851.35,850,29950
20220203,13:35,850.45,855.00,848.95,848.95,175,29950
20220203,13:36,855.00,860.55,852.30,855.35,1175,30550
20220203,13:37,855.00,855.00,854.80,854.80,250,30550
20220203,13:38,843.25,843.25,834.00,834.00,725,30550
20220203,13:39,833.65,833.65,821.50,822.65,550,29200
20220203,13:40,815.00,815.00,786.20,787.00,2525,29200
20220203,13:41,786.15,801.30,785.00,799.05,450,29200
20220203,13:42,794.80,803.50,794.80,799.60,475,29900
20220203,13:43,794.00,794.45,783.25,791.65,650,29900
20220203,13:44,788.00,789.55,783.45,787.10,350,29900
20220203,13:45,780.65,780.65,771.50,780.00,625,30100
20220203,13:46,772.00,777.55,768.00,769.45,1050,30100
20220203,13:47,767.25,790.00,767.25,790.00,350,30100
20220203,13:48,790.35,810.10,790.35,803.85,225,30075
20220203,13:49,801.20,801.20,773.85,773.85,325,30075
20220203,13:50,774.05,783.40,765.65,766.85,875,30075
20220203,13:51,768.15,778.00,760.00,773.15,450,30075
20220203,13:52,774.05,781.10,773.50,775.45,525,30075
20220203,13:53,777.60,790.95,776.45,790.95,225,30075
20220203,13:54,787.80,788.00,786.00,788.00,725,30075
20220203,13:55,792.95,800.70,788.70,800.00,675,30400
20220203,13:56,800.80,803.70,797.30,801.00,550,30400
20220203,13:57,795.00,797.35,787.25,797.35,525,31025
20220203,13:58,792.10,798.00,792.10,798.00,425,31025
20220203,13:59,790.95,790.95,785.65,785.65,1175,31025
20220203,14:00,785.30,808.45,785.30,808.45,1100,30850
20220203,14:01,808.40,810.00,800.90,806.00,1675,30850
20220203,14:02,801.40,803.00,801.40,803.00,75,30850
20220203,14:03,803.55,806.95,797.35,797.35,2700,32825
20220203,14:04,798.00,813.75,798.00,809.60,500,32825
20220203,14:05,815.90,815.90,807.80,815.65,600,32825
20220203,14:06,810.20,813.95,794.65,794.65,325,32775
20220203,14:07,794.95,802.00,794.95,796.00,650,32775
20220203,14:08,801.35,803.75,801.35,802.05,175,32775
20220203,14:09,804.90,812.10,802.55,806.20,175,32800
20220203,14:10,806.10,806.10,797.85,797.85,250,32800
20220203,14:11,795.00,795.00,794.00,794.00,75,32800
20220203,14:12,791.35,795.00,789.95,794.00,425,32800
20220203,14:13,794.00,801.00,794.00,801.00,100,33225
20220203,14:14,799.35,805.00,799.35,799.70,350,33225
20220203,14:15,797.05,799.35,792.00,799.35,325,33425
20220203,14:17,804.00,804.00,790.00,790.00,375,33425
20220203,14:18,780.90,783.25,780.90,783.25,500,33775
20220203,14:19,785.00,785.90,773.95,779.25,2150,33775
20220203,14:20,778.95,778.95,775.55,775.55,100,33775
20220203,14:21,787.55,790.55,787.55,790.55,50,33775
20220203,14:22,791.00,791.00,785.40,786.10,875,33500
20220203,14:23,783.00,783.00,781.25,781.25,75,33500
20220203,14:24,781.00,783.30,781.00,783.30,50,33500
20220203,14:25,786.05,797.00,786.05,797.00,625,34200
20220203,14:26,796.80,814.00,796.80,814.00,575,34200
20220203,14:27,814.00,814.05,806.45,806.45,875,33575
20220203,14:28,809.90,809.90,801.00,808.85,500,33575
20220203,14:29,805.05,805.05,803.85,804.45,375,33575
20220203,14:30,809.90,809.90,809.90,809.90,50,33575
20220203,14:31,808.20,816.30,808.20,816.30,750,33250
20220203,14:32,809.20,809.20,802.35,802.35,150,33250
20220203,14:33,796.30,796.30,795.65,796.30,200,33175
20220203,14:34,796.30,796.30,781.60,781.60,300,33175
20220203,14:35,782.15,782.60,775.15,782.60,400,33175
20220203,14:36,786.55,787.50,786.55,787.50,175,32975
20220203,14:37,790.00,790.00,786.95,787.95,250,32975
20220203,14:38,791.30,793.95,791.30,793.20,300,32975
20220203,14:39,787.65,789.85,787.65,789.85,300,33075
20220203,14:40,785.00,785.00,780.00,780.00,275,33075
20220203,14:41,783.35,790.00,783.35,789.15,450,33075
20220203,14:42,773.30,773.30,773.30,773.30,150,33125
20220203,14:43,770.00,776.50,770.00,776.50,1025,33125
20220203,14:44,781.00,786.90,781.00,786.90,300,33125
20220203,14:45,779.70,780.00,776.60,780.00,125,32975
20220203,14:46,785.95,785.95,778.10,778.10,250,32975
20220203,14:47,790.15,793.40,790.15,793.40,675,32975
20220203,14:48,790.20,795.40,790.20,790.70,525,33775
20220203,14:49,790.55,790.55,787.70,787.70,125,33775
20220203,14:50,787.70,790.85,785.30,790.85,75,33775
20220203,14:51,779.20,779.20,778.00,778.00,125,33500
20220203,14:52,776.30,780.00,776.30,779.45,125,33500
20220203,14:53,777.15,777.15,771.80,771.80,500,33500
20220203,14:54,775.00,775.00,774.00,775.00,100,33500
20220203,14:55,774.80,774.80,767.70,773.70,950,33625
20220203,14:56,770.35,770.35,767.70,767.70,300,33625
20220203,14:57,765.30,765.30,750.00,750.00,875,33300
20220203,14:58,744.00,749.25,732.35,749.25,1825,33300
20220203,14:59,743.00,756.00,743.00,756.00,1475,33300
20220203,15:00,746.30,765.00,746.30,762.45,625,33300
20220203,15:01,763.50,766.90,762.45,764.85,325,32700
20220203,15:02,770.15,786.00,770.15,779.90,1575,32700
20220203,15:03,781.70,782.95,760.00,760.00,700,32700
20220203,15:04,760.00,760.00,740.65,748.20,525,32350
20220203,15:05,749.20,749.50,741.15,743.00,1325,32350
20220203,15:06,743.00,743.00,732.25,732.25,500,32350
20220203,15:07,732.25,740.00,732.25,740.00,50,32300
20220203,15:08,736.00,736.10,732.40,735.80,200,32300
20220203,15:09,737.50,751.50,737.50,751.50,350,32300
20220203,15:10,755.95,755.95,750.00,750.00,875,31800
20220203,15:11,740.65,748.85,740.65,748.85,150,31800
20220203,15:12,748.85,749.00,746.05,746.05,125,31800
20220203,15:13,747.00,747.00,746.00,746.00,275,31325
20220203,15:14,746.20,750.00,746.20,750.00,675,31325
20220203,15:15,752.80,752.80,744.15,744.15,775,31325
20220203,15:16,742.50,742.50,740.00,741.95,575,31425
20220203,15:17,744.55,744.55,740.00,741.00,300,31425
20220203,15:18,733.80,733.80,722.70,722.70,600,31425
20220203,15:19,721.15,721.15,695.85,695.85,600,31275
20220203,15:20,703.30,703.30,693.05,700.35,1625,31275
20220203,15:21,694.85,694.85,687.15,687.15,500,31275
20220203,15:22,687.15,692.65,686.30,691.50,300,31050
20220203,15:23,691.75,691.75,678.20,678.20,350,31050
20220203,15:24,676.20,680.00,660.25,660.25,400,31050
20220203,15:25,657.30,662.00,650.05,650.05,1000,30925
20220203,15:26,649.95,651.40,646.05,649.35,825,30925
20220203,15:27,645.45,651.85,643.00,651.85,1175,30925
20220203,15:28,646.10,656.15,646.10,654.30,350,31050
20220203,15:29,648.80,654.00,642.25,642.25,725,31050
20220204,09:15,690.10,727.00,668.00,707.00,1177,29825
20220204,09:16,709.10,710.95,677.05,684.65,525,29825
20220204,09:17,673.85,704.85,673.85,704.85,200,30050
20220204,09:18,702.95,717.20,694.85,699.00,800,30050
20220204,09:19,693.90,694.00,680.50,686.00,775,30050
20220204,09:20,690.00,694.30,676.60,691.00,725,30200
20220204,09:21,686.20,708.00,686.20,700.60,400,30200
20220204,09:22,702.85,735.00,702.85,735.00,650,30200
20220204,09:23,723.00,746.95,723.00,746.95,400,29725
20220204,09:24,746.95,773.90,746.95,772.00,400,29725
20220204,09:25,779.00,782.75,772.70,780.00,1650,29725
20220204,09:26,777.35,785.00,766.85,783.85,2250,30150
20220204,09:27,787.45,805.95,787.45,805.95,2500,30150
20220204,09:28,809.95,817.90,803.10,803.10,1575,30150
20220204,09:29,800.00,817.95,796.85,796.85,1150,30275
20220204,09:30,797.65,810.80,791.85,791.85,1000,30275
20220204,09:31,781.50,806.55,774.70,801.20,1275,30275
20220204,09:32,805.00,825.00,805.00,825.00,1175,31775
20220204,09:33,825.00,825.00,809.85,812.75,2625,31775
20220204,09:34,810.00,814.70,804.90,804.90,525,31775
20220204,09:35,814.75,814.75,776.35,776.35,925,32150
20220204,09:36,778.00,794.20,778.00,784.55,1150,32150
20220204,09:37,789.35,789.35,780.00,788.45,225,32150
20220204,09:38,797.75,803.65,791.75,803.65,375,31875
20220204,09:39,805.00,805.90,799.75,799.75,350,31875
20220204,09:40,800.00,808.70,800.00,802.30,175,31875
20220204,09:41,797.35,801.95,792.05,796.25,300,32100
20220204,09:42,798.45,801.00,787.45,789.10,200,32100
20220204,09:43,798.60,798.60,795.45,795.45,75,32100
20220204,09:44,795.00,803.65,792.05,792.05,675,31975
20220204,09:45,792.05,792.05,776.50,787.00,200,31975
20220204,09:46,793.70,793.70,782.00,782.00,250,31975
20220204,09:47,791.95,797.50,790.05,797.50,225,32000
20220204,09:48,794.90,820.00,794.90,815.30,2450,32000
20220204,09:49,822.85,822.85,818.15,818.15,700,32000
20220204,09:50,817.15,820.00,804.65,809.15,475,33425
20220204,09:51,816.00,818.60,813.80,816.30,200,33425
20220204,09:52,819.00,820.00,808.85,809.65,300,33425
20220204,09:53,808.85,813.45,808.85,811.60,75,33700
20220204,09:54,804.80,808.80,803.45,808.80,400,33700
20220204,09:55,813.15,813.15,810.00,812.00,475,33700
20220204,09:56,809.00,810.00,800.00,806.80,825,33700
20220204,09:57,800.20,800.20,790.40,790.40,400,33700
20220204,09:58,788.60,790.55,785.45,789.45,375,33700
20220204,09:59,790.35,790.35,785.00,785.00,125,34475
20220204,10:00,790.80,790.80,777.40,782.90,800,34475
20220204,10:01,788.00,797.60,788.00,793.15,425,34475
20220204,10:02,786.35,786.35,784.10,784.20,125,34600
20220204,10:03,788.95,790.15,780.90,780.90,200,34600
20220204,10:04,782.45,782.45,777.95,777.95,450,34600
20220204,10:05,775.05,778.80,766.85,768.00,450,34925
20220204,10:06,769.85,769.85,749.85,753.45,1075,34925
20220204,10:07,754.15,758.15,741.15,758.15,575,34925
20220204,10:08,759.00,762.15,756.05,762.15,300,34275
20220204,10:09,767.00,768.95,753.35,753.35,725,34275
20220204,10:10,750.00,750.00,739.70,739.70,175,34275
20220204,10:11,745.90,745.90,734.90,735.05,750,35000
20220204,10:12,739.45,740.45,725.00,725.80,275,35000
20220204,10:13,721.65,734.00,720.00,734.00,400,35000
20220204,10:14,734.00,734.00,729.15,729.15,50,35225
20220204,10:15,735.75,735.75,735.75,735.75,25,35225
20220204,10:16,738.25,738.25,731.95,731.95,225,35225
20220204,10:17,729.25,729.25,718.45,724.40,425,35300
20220204,10:18,722.25,724.40,718.45,718.45,175,35300
20220204,10:19,713.05,713.05,700.00,700.00,475,35300
20220204,10:20,695.15,695.15,685.25,690.00,750,35150
20220204,10:21,685.10,701.65,685.10,701.65,400,35150
20220204,10:22,698.35,709.35,696.65,705.65,1600,35150
20220204,10:23,692.00,703.00,690.00,700.00,350,36400
20220204,10:24,702.45,710.00,699.60,710.00,825,36400
20220204,10:25,710.30,716.80,710.00,710.00,975,36400
20220204,10:26,705.00,715.90,705.00,715.40,175,37775
20220204,10:27,719.45,727.00,719.45,727.00,825,37775
20220204,10:28,727.65,727.65,702.55,703.85,1650,37775
20220204,10:29,707.20,710.75,702.40,710.75,600,39425
20220204,10:30,711.80,722.80,710.40,721.05,900,39425
20220204,10:31,722.15,727.00,722.15,722.35,625,39425
20220204,10:32,727.45,730.40,727.45,728.00,325,40250
20220204,10:33,727.70,727.70,721.70,721.70,50,40250
20220204,10:34,723.75,723.75,708.15,708.15,1550,40250
20220204,10:35,706.90,708.45,674.70,674.70,4100,41000
20220204,10:36,672.15,678.25,671.65,678.25,450,41000
20220204,10:37,664.15,667.70,664.10,667.70,100,41000
20220204,10:38,669.05,675.00,665.00,675.00,150,42100
20220204,10:39,683.40,683.40,683.40,683.40,25,42100
20220204,10:40,675.95,688.75,675.95,688.75,150,42100
20220204,10:41,687.10,687.10,687.10,687.10,25,42275
20220204,10:42,687.05,687.05,685.55,685.55,50,42275
20220204,10:43,687.00,687.00,687.00,687.00,25,42275
20220204,10:44,674.35,678.15,669.20,669.20,300,42225
20220204,10:45,669.00,669.00,654.25,663.25,1000,42225
20220204,10:46,650.00,654.45,650.00,653.00,250,42225
20220204,10:47,652.40,658.00,650.55,650.55,250,41300
20220204,10:48,657.45,659.95,650.00,650.00,275,41300
20220204,10:49,649.15,660.00,649.15,660.00,100,41300
20220204,10:50,670.25,670.25,670.25,670.25,200,41300
20220204,10:51,666.85,672.25,663.65,672.25,1250,41275
20220204,10:52,679.55,683.90,677.85,683.90,225,41275
20220204,10:53,679.15,679.15,675.00,677.25,1500,43225
20220204,10:54,681.15,682.95,675.85,676.05,175,43225
20220204,10:55,676.15,677.65,676.15,677.65,50,43225
20220204,10:56,683.85,684.00,683.55,683.55,250,42975
20220204,10:57,687.35,693.00,682.20,682.20,725,42975
20220204,10:58,682.60,682.60,680.00,680.00,75,42975
20220204,10:59,682.65,687.60,682.65,687.60,100,42975
20220204,11:00,693.00,694.00,690.00,692.95,150,42775
20220204,11:01,690.30,691.90,690.30,691.90,50,42775
20220204,11:02,691.00,691.00,691.00,691.00,25,42775
20220204,11:03,683.60,683.60,677.90,677.90,1350,42000
20220204,11:04,673.05,673.05,669.10,669.10,75,42000
20220204,11:05,673.55,674.00,670.80,674.00,150,42000
20220204,11:06,666.00,666.00,665.50,665.50,50,42600
20220204,11:07,677.90,677.90,677.00,677.00,150,42600
20220204,11:09,682.25,682.25,675.00,675.00,250,42525
20220204,11:10,678.60,681.45,676.25,676.25,1300,42525
20220204,11:11,678.60,690.00,678.30,690.00,400,42975
20220204,11:12,691.85,700.00,691.85,694.70,475,42975
20220204,11:13,698.90,698.90,691.25,691.25,125,42975
20220204,11:14,698.50,698.50,696.00,696.00,50,42975
20220204,11:15,696.00,703.80,696.00,703.80,125,43050
20220204,11:16,701.65,701.65,689.90,689.90,125,43050
20220204,11:17,700.95,700.95,700.95,700.95,25,43050
20220204,11:18,692.90,692.90,688.60,688.60,125,43075
20220204,11:19,674.15,674.15,670.00,672.55,100,43075
20220204,11:20,681.50,686.75,681.50,682.05,150,43075
20220204,11:21,683.60,683.60,683.60,683.60,50,42725
20220204,11:22,680.45,684.60,680.45,683.70,125,42725
20220204,11:23,686.20,688.45,685.70,685.70,125,42725
20220204,11:24,677.25,678.15,677.25,678.15,50,42725
20220204,11:26,685.70,685.70,683.20,683.20,50,42725
20220204,11:27,680.25,680.25,680.25,680.25,25,42700
20220204,11:29,674.75,674.75,674.75,674.75,25,42700
20220204,11:30,661.65,661.65,660.00,660.00,125,42650
20220204,11:31,655.25,657.00,648.10,657.00,325,42650
20220204,11:33,663.85,663.85,663.85,663.85,100,42675
20220204,11:35,656.80,661.35,647.40,647.40,475,42675
20220204,11:36,647.40,647.40,647.40,647.40,25,42675
20220204,11:37,656.90,658.00,656.90,658.00,50,42675
20220204,11:39,659.10,659.10,659.10,659.10,25,42950
20220204,11:40,670.00,670.00,670.00,670.00,25,42950
20220204,11:41,640.05,640.05,636.20,636.20,150,42950
20220204,11:42,643.65,648.00,643.05,645.35,475,42825
20220204,11:43,649.20,653.45,649.20,653.00,325,42825
20220204,11:44,648.00,648.00,630.00,630.00,900,42900
20220204,11:45,630.00,635.95,630.00,635.95,300,42900
20220204,11:46,640.00,640.00,637.75,637.75,75,42900
20220204,11:47,643.90,647.55,643.90,646.10,100,42900
20220204,11:48,638.55,638.55,636.65,636.65,50,42750
20220204,11:49,636.25,640.00,636.25,640.00,75,42750
20220204,11:50,640.25,644.20,621.55,621.55,1125,42700
20220204,11:51,610.00,616.05,603.00,610.10,850,42700
20220204,11:52,609.35,613.00,609.05,609.05,250,42700
20220204,11:53,609.10,611.15,609.05,609.50,1550,42700
20220204,11:54,609.50,609.50,600.00,600.00,450,42125
20220204,11:55,599.30,599.40,595.20,595.20,1375,42125
20220204,11:56,595.20,596.70,592.10,596.70,925,41450
20220204,11:57,599.25,605.05,597.80,605.05,150,41450
20220204,11:58,601.10,608.15,601.10,608.15,675,41450
20220204,11:59,600.00,600.00,598.90,598.90,75,41450
20220204,12:00,607.35,612.70,606.15,612.70,350,41275
20220204,12:01,614.60,615.00,611.05,614.95,400,41275
20220204,12:02,614.95,614.95,614.95,614.95,25,41275
20220204,12:03,605.05,605.05,605.05,605.05,75,40975
20220204,12:04,597.70,597.70,587.00,587.00,1375,40975
20220204,12:05,587.00,597.35,587.00,597.35,275,40975
20220204,12:06,595.75,595.75,593.20,593.70,175,38600
20220204,12:07,597.80,597.80,593.45,593.45,125,38600
20220204,12:08,591.00,595.90,590.15,595.90,250,38575
20220204,12:09,596.75,596.75,596.75,596.75,250,38575
20220204,12:10,594.10,594.10,590.00,590.00,225,38575
20220204,12:11,579.65,579.65,569.95,570.00,1875,39025
20220204,12:12,571.65,576.95,571.65,572.45,550,39025
20220204,12:14,585.00,585.75,582.75,582.75,100,39025
20220204,12:15,582.05,588.10,582.05,588.10,100,38975
20220204,12:16,580.00,580.45,580.00,580.45,50,38975
20220204,12:17,570.40,573.55,565.20,570.40,675,38975
20220204,12:18,572.15,582.35,571.20,582.35,575,39125
20220204,12:19,576.30,576.30,565.65,565.65,150,39125
20220204,12:20,554.30,554.30,546.60,546.60,600,39125
20220204,12:21,544.40,544.40,542.50,543.50,600,38400
20220204,12:22,544.75,560.00,544.75,552.55,1400,38400
20220204,12:23,558.50,566.55,558.50,560.25,325,38400
20220204,12:24,561.95,570.00,560.00,570.00,200,38375
20220204,12:25,570.00,576.65,570.00,576.65,325,38375
20220204,12:26,576.65,577.05,574.20,576.45,200,38375
20220204,12:27,578.00,578.00,578.00,578.00,25,38525
20220204,12:28,577.90,583.95,577.90,583.95,150,38525
20220204,12:29,585.70,585.70,580.00,582.00,100,38525
20220204,12:30,584.25,585.00,582.25,585.00,100,38525
20220204,12:31,589.20,593.15,589.20,593.15,75,38525
20220204,12:32,589.05,592.35,589.05,592.35,50,38525
20220204,12:33,585.00,593.65,584.15,593.65,75,38500
20220204,12:34,593.65,593.65,593.00,593.00,50,38500
20220204,12:35,593.00,593.00,591.85,592.30,75,38500
20220204,12:36,600.00,600.00,600.00,600.00,50,38450
20220204,12:37,603.15,605.00,603.15,605.00,150,38450
20220204,12:39,605.00,605.00,600.30,600.30,425,38550
20220204,12:40,602.05,602.05,596.15,596.15,50,38550
20220204,12:41,589.40,589.40,589.40,589.40,25,38550
20220204,12:42,588.90,588.90,588.90,588.90,25,38550
20220204,12:43,589.00,592.90,589.00,592.90,75,38550
20220204,12:44,591.00,591.00,579.60,579.60,1325,38550
20220204,12:45,583.00,583.00,583.00,583.00,25,38125
20220204,12:48,571.95,571.95,571.95,571.95,225,38125
20220204,12:50,571.00,573.30,568.05,568.05,75,38125
20220204,12:52,573.30,577.10,573.30,577.10,675,38125
20220204,12:53,577.00,577.00,577.00,577.00,150,38125
20220204,12:54,576.80,576.80,574.55,574.55,325,38150
20220204,12:55,566.00,580.95,566.00,580.95,125,38150
20220204,12:56,569.75,573.05,569.75,573.05,775,38150
20220204,12:57,578.60,578.60,578.60,578.60,25,37500
20220204,13:00,551.35,551.35,550.00,550.00,150,37525
20220204,13:01,554.75,556.95,554.75,556.95,125,37525
20220204,13:02,547.20,547.20,547.20,547.20,25,37525
20220204,13:03,551.70,556.95,551.70,555.00,500,37650
20220204,13:04,554.45,564.45,554.45,564.45,150,37650
20220204,13:07,547.80,547.80,533.80,533.80,500,37850
20220204,13:09,532.15,532.15,528.65,528.65,125,38050
20220204,13:10,527.15,527.15,518.20,518.20,675,38050
20220204,13:11,526.95,535.00,526.95,535.00,100,38050
20220204,13:12,540.05,540.05,540.05,540.05,50,38125
20220204,13:13,527.00,540.85,527.00,540.85,225,38125
20220204,13:14,545.45,545.45,536.90,536.90,150,38125
20220204,13:15,546.50,546.50,546.50,546.50,25,38225
20220204,13:16,527.50,527.50,527.50,527.50,125,38225
20220204,13:17,528.80,548.05,528.80,548.05,700,38225
20220204,13:18,550.35,555.00,550.35,555.00,75,38175
20220204,13:19,560.00,560.00,552.55,554.70,1175,38175
20220204,13:20,559.45,566.00,559.45,566.00,100,38175
20220204,13:21,563.60,563.60,563.60,563.60,25,38950
20220204,13:22,567.30,567.30,567.20,567.20,300,38950
20220204,13:23,570.00,570.00,560.00,560.00,50,38950
20220204,13:25,564.15,564.15,564.15,564.15,50,39225
20220204,13:26,573.25,575.50,573.25,574.55,300,39225
20220204,13:27,570.00,570.00,570.00,570.00,25,39225
20220204,13:28,569.05,573.80,569.05,573.80,100,39225
20220204,13:29,574.95,577.05,574.95,577.05,150,39225
20220204,13:30,592.20,594.65,592.20,594.65,50,39200
20220204,13:31,592.95,592.95,590.65,590.65,200,39200
20220204,13:32,573.05,577.15,569.00,577.15,1275,39200
20220204,13:34,590.05,590.05,590.05,590.05,250,39000
20220204,13:35,588.30,588.30,588.30,588.30,300,39000
20220204,13:37,587.00,590.00,587.00,590.00,100,39075
20220204,13:38,590.40,590.40,590.40,590.40,75,39075
20220204,13:40,578.80,586.00,578.80,586.00,125,39075
20220204,13:42,575.00,575.00,575.00,575.00,125,38375
20220204,13:43,566.05,570.40,566.05,570.00,575,38375
20220204,13:44,574.60,574.60,574.60,574.60,25,38375
20220204,13:45,590.20,590.20,590.20,590.20,200,38050
20220204,13:47,594.00,594.00,594.00,594.00,50,38050
20220204,13:48,600.00,626.30,600.00,626.30,1075,38050
20220204,13:49,630.00,630.00,625.00,625.00,1000,38050
20220204,13:50,628.70,636.75,627.70,634.45,275,38050
20220204,13:51,637.75,637.75,632.50,632.65,150,38650
20220204,13:52,628.45,630.50,622.40,622.40,425,38650
20220204,13:53,622.00,622.00,616.80,616.80,75,38650
20220204,13:54,615.95,615.95,615.00,615.00,225,38275
20220204,13:56,612.25,622.00,612.25,622.00,350,38275
20220204,13:58,629.65,629.65,629.65,629.65,25,37975
20220204,14:00,625.05,625.05,625.05,625.05,25,37975
20220204,14:01,614.80,620.00,614.80,620.00,50,37975
20220204,14:02,614.90,614.90,613.90,613.90,50,37975
20220204,14:03,625.00,625.00,625.00,625.00,25,37925
20220204,14:04,630.10,634.20,629.65,634.00,575,37925
20220204,14:05,628.85,628.85,628.85,628.85,250,37925
20220204,14:06,605.10,605.10,604.45,604.45,400,37950
20220204,14:07,607.00,607.00,607.00,607.00,25,37950
20220204,14:09,600.00,602.25,597.00,597.00,125,37975
20220204,14:10,600.10,608.20,600.10,608.20,50,37975
20220204,14:11,601.00,601.00,583.00,583.00,50,37975
20220204,14:12,582.40,582.40,582.40,582.40,1050,37975
20220204,14:13,584.85,584.85,584.85,584.85,25,37550
20220204,14:14,600.00,600.00,595.00,595.00,325,37550
20220204,14:15,590.00,591.60,590.00,591.60,275,37375
20220204,14:16,600.00,600.00,600.00,600.00,25,37375
20220204,14:17,602.50,613.55,602.50,613.55,225,37375
20220204,14:18,614.15,614.15,614.15,614.15,250,37375
20220204,14:19,608.00,609.00,608.00,609.00,75,37325
20220204,14:20,611.75,611.75,594.00,594.00,300,37325
20220204,14:21,585.05,585.05,585.05,585.05,25,37325
20220204,14:22,595.65,602.60,595.65,602.60,425,37250
20220204,14:23,610.55,610.55,599.50,599.50,1100,37250
20220204,14:24,606.05,606.05,606.05,606.05,25,38175
20220204,14:26,599.05,599.05,598.75,598.75,75,38175
20220204,14:27,594.35,594.35,594.35,594.35,25,38175
20220204,14:28,592.20,592.20,592.20,592.20,50,38200
20220204,14:30,588.35,588.35,588.35,588.35,375,38200
20220204,14:31,588.45,606.05,588.45,606.05,325,37875
20220204,14:32,604.00,604.00,604.00,604.00,50,37875
20220204,14:33,575.00,575.00,575.00,575.00,75,37875
20220204,14:36,572.30,580.80,572.30,580.80,50,38200
20220204,14:37,592.20,592.20,592.20,592.20,250,38200
20220204,14:38,579.00,579.00,579.00,579.00,50,38200
20220204,14:39,575.00,575.00,565.80,565.80,425,38175
20220204,14:40,562.25,562.25,555.05,559.30,475,38175
20220204,14:41,561.90,565.50,561.90,564.50,100,38175
20220204,14:42,560.75,560.75,559.60,559.60,325,37575
20220204,14:45,574.30,577.00,574.30,577.00,200,37650
20220204,14:47,577.00,577.00,577.00,577.00,75,37650
20220204,14:48,572.00,572.00,572.00,572.00,25,37675
20220204,14:49,571.70,582.30,571.70,581.65,100,37675
20220204,14:50,565.30,565.30,565.30,565.30,50,37675
20220204,14:51,559.65,559.65,557.80,557.80,400,37675
20220204,14:52,563.60,563.60,563.60,563.60,50,37225
20220204,14:54,563.80,571.90,563.80,571.90,50,37150
20220204,14:56,562.55,562.55,562.55,562.55,25,37150
20220204,14:57,565.00,565.00,565.00,565.00,25,37150
20220204,14:58,580.80,580.80,576.90,576.90,75,37175
20220204,14:59,571.10,572.00,571.10,572.00,75,37175
20220204,15:01,596.45,596.45,587.40,587.40,275,36875
20220204,15:03,602.00,602.00,602.00,602.00,25,36875
20220204,15:07,603.30,603.30,603.00,603.00,425,36875
20220204,15:08,603.00,619.00,603.00,619.00,375,36875
20220204,15:09,621.00,623.80,615.65,623.80,650,37250
20220204,15:10,625.00,625.00,615.40,615.40,250,37250
20220204,15:11,615.85,615.85,607.95,608.45,100,37250
20220204,15:12,605.00,605.00,604.35,604.35,50,37250
20220204,15:13,605.95,605.95,600.00,600.00,50,37300
20220204,15:14,599.95,601.50,596.30,596.30,975,37300
20220204,15:15,596.30,596.30,568.05,568.05,150,37025
20220204,15:16,576.00,580.45,576.00,576.10,300,37025
20220204,15:17,579.00,579.00,579.00,579.00,25,37025
20220204,15:18,582.65,582.65,581.55,581.55,50,37025
20220204,15:20,589.00,591.40,579.50,579.50,725,37000
20220204,15:21,575.00,577.70,575.00,577.70,75,37200
20220204,15:22,578.15,578.15,578.15,578.15,250,37200
20220204,15:23,576.75,577.25,576.75,577.10,100,37200
20220204,15:24,576.80,576.80,576.80,576.80,50,37200
20220204,15:25,576.50,576.50,570.60,574.00,1475,37100
20220204,15:26,574.95,574.95,574.00,574.50,100,37100
20220204,15:27,571.80,571.80,567.95,570.65,575,36350
20220204,15:29,561.55,561.55,554.80,555.45,500,36350
20220207,09:15,330.00,541.95,50.00,521.35,377,34675
20220207,09:16,531.30,573.95,531.30,573.95,500,34675
20220207,09:17,578.45,597.05,574.00,585.00,575,34650
20220207,09:18,585.55,592.15,573.10,582.05,1300,34650
20220207,09:19,572.75,572.75,561.00,571.60,325,34650
20220207,09:20,569.45,569.45,557.00,559.05,225,35325
20220207,09:21,563.00,563.00,518.00,529.05,450,35325
20220207,09:22,522.00,551.10,522.00,544.00,500,35325
20220207,09:23,537.00,537.00,527.05,536.80,250,35525
20220207,09:24,530.50,530.50,530.00,530.00,50,35525
20220207,09:25,528.00,528.00,514.55,515.50,275,35525
20220207,09:26,529.80,529.80,497.05,497.05,150,35575
20220207,09:27,486.95,486.95,482.25,482.25,225,35575
20220207,09:28,485.15,496.05,485.15,496.05,75,35575
20220207,09:29,507.00,507.00,502.00,502.00,225,35650
20220207,09:30,548.10,548.10,532.00,534.00,475,35650
20220207,09:31,529.05,530.20,521.70,530.20,125,35650
20220207,09:32,518.70,518.70,505.85,505.85,50,35675
20220207,09:33,516.50,516.50,513.20,513.20,100,35675
20220207,09:34,505.60,505.60,505.60,505.60,175,35675
20220207,09:35,500.20,504.85,500.20,504.85,100,35650
20220207,09:36,510.20,514.90,503.65,507.25,175,35650
20220207,09:37,515.00,515.00,507.35,507.35,50,35650
20220207,09:38,506.00,506.00,493.50,495.85,575,35975
20220207,09:39,487.85,487.85,478.35,478.35,100,35975
20220207,09:40,473.60,482.00,470.50,482.00,600,35975
20220207,09:41,481.30,487.25,481.30,483.35,500,36000
20220207,09:42,489.15,496.45,489.15,495.00,150,36000
20220207,09:43,492.55,497.40,490.35,490.35,175,36000
20220207,09:44,500.05,500.05,500.05,500.05,25,36000
20220207,09:45,512.00,518.00,505.60,518.00,200,35900
20220207,09:46,520.90,525.00,520.90,525.00,75,35900
20220207,09:47,520.00,521.70,520.00,521.70,50,35800
20220207,09:48,515.60,523.70,515.60,523.70,125,35800
20220207,09:49,522.00,522.00,522.00,522.00,25,35800
20220207,09:50,517.95,525.00,517.95,525.00,75,35750
20220207,09:51,527.65,527.65,525.00,525.00,75,35750
20220207,09:52,539.95,539.95,539.95,539.95,25,35750
20220207,09:53,525.50,527.55,525.50,527.55,50,35750
20220207,09:54,545.00,545.00,540.00,540.00,225,35725
20220207,09:56,507.15,507.15,504.85,504.85,150,35600
20220207,09:57,500.00,500.00,500.00,500.00,25,35600
20220207,09:59,500.20,501.30,500.20,501.30,125,35675
20220207,10:00,501.60,501.60,500.80,501.45,175,35675
20220207,10:01,495.50,495.50,486.95,488.10,75,35675
20220207,10:02,487.45,492.60,487.45,492.60,50,35650
20220207,10:03,480.00,480.00,480.00,480.00,25,35650
20220207,10:04,475.65,479.60,475.65,479.60,50,35650
20220207,10:05,485.40,485.40,485.40,485.40,25,35650
20220207,10:07,506.40,506.80,505.50,506.80,200,35700
20220207,10:08,506.80,506.80,497.00,497.00,100,35550
20220207,10:09,497.00,497.00,497.00,497.00,175,35550
20220207,10:12,494.25,497.00,494.25,497.00,75,35475
20220207,10:13,497.00,497.00,496.00,496.00,50,35475
20220207,10:15,482.70,482.70,482.70,482.70,25,35575
20220207,10:16,510.95,510.95,510.95,510.95,75,35575
20220207,10:17,495.30,495.30,495.30,495.30,50,35650
20220207,10:18,494.90,494.90,492.60,492.60,125,35650
20220207,10:19,496.45,496.45,492.70,492.70,125,35650
20220207,10:20,507.40,507.40,507.40,507.40,250,35650
20220207,10:21,504.55,504.55,504.55,504.55,25,35775
20220207,10:24,494.35,494.35,494.35,494.35,25,35750
20220207,10:26,489.30,489.30,483.90,483.90,125,35775
20220207,10:27,486.50,486.50,486.50,486.50,75,35775
20220207,10:28,488.20,488.20,488.20,488.20,100,35775
20220207,10:29,488.10,503.15,488.10,503.15,225,35950
20220207,10:30,491.95,498.20,491.95,495.20,75,35950
20220207,10:31,495.20,495.20,495.20,495.20,100,35950
20220207,10:32,494.25,494.25,488.35,488.35,50,35925
20220207,10:33,486.50,486.50,484.10,484.10,100,35925
20220207,10:35,486.75,486.75,475.90,479.50,225,35950
20220207,10:36,487.45,494.10,487.45,494.10,100,35950
20220207,10:37,490.10,490.10,490.10,490.10,25,35950
20220207,10:38,488.00,488.00,488.00,488.00,25,35950
20220207,10:39,476.55,476.55,474.25,474.25,150,36050
20220207,10:41,490.00,491.80,486.45,487.05,125,36000
20220207,10:42,488.50,488.50,487.05,487.05,150,36000
20220207,10:46,487.10,487.10,487.10,487.10,25,35975
20220207,10:47,487.05,490.20,487.05,489.10,225,36050
20220207,10:50,500.20,501.60,500.20,501.60,100,36175
20220207,10:51,496.40,496.40,496.40,496.40,25,36175
20220207,10:54,496.00,496.00,496.00,496.00,100,35975
20220207,10:55,490.00,490.00,490.00,490.00,25,35975
20220207,10:56,488.25,488.25,488.25,488.25,50,35950
20220207,10:57,486.00,487.35,486.00,487.35,75,35950
20220207,10:59,484.65,484.65,484.65,484.65,50,35950
20220207,11:00,470.00,470.00,470.00,470.00,200,35925
20220207,11:01,477.35,477.35,456.80,472.55,750,35925
20220207,11:02,465.50,471.15,465.50,471.10,125,35925
20220207,11:03,456.95,456.95,456.95,456.95,100,35825
20220207,11:05,459.30,459.35,459.30,459.35,100,35825
20220207,11:06,456.30,460.05,455.05,460.05,250,35775
20220207,11:07,456.55,461.05,456.55,461.05,200,35775
20220207,11:08,452.75,459.90,451.50,451.50,475,36000
20220207,11:09,450.00,451.95,445.80,445.80,550,36000
20220207,11:10,442.50,442.50,442.35,442.35,75,36000
20220207,11:11,442.35,442.85,442.35,442.55,325,36000
20220207,11:12,437.35,437.35,437.35,437.35,25,35775
20220207,11:13,437.00,441.50,437.00,441.30,225,35775
20220207,11:14,453.95,453.95,450.00,450.35,100,35825
20220207,11:15,443.10,443.10,443.10,443.10,25,35825
20220207,11:16,438.05,441.35,438.05,439.75,300,35825
20220207,11:17,440.45,440.45,435.80,435.80,100,35850
20220207,11:18,436.85,438.65,428.85,429.90,125,35850
20220207,11:19,429.90,431.75,427.60,427.60,400,35850
20220207,11:20,426.15,436.65,426.15,436.65,275,35850
20220207,11:21,439.05,440.05,435.10,439.95,425,35675
20220207,11:22,431.95,431.95,431.95,431.95,250,35675
20220207,11:23,432.00,432.00,432.00,432.00,25,35675
20220207,11:24,430.10,430.10,420.70,420.70,100,35675
20220207,11:25,419.05,420.95,419.05,420.95,275,35675
20220207,11:26,430.00,430.00,430.00,430.00,250,35675
20220207,11:27,421.05,428.10,417.95,419.80,600,35375
20220207,11:28,419.15,421.60,419.15,421.60,75,35375
20220207,11:29,422.40,422.40,422.15,422.15,50,35375
20220207,11:30,424.40,428.85,424.40,428.85,75,35350
20220207,11:31,420.00,425.40,420.00,425.40,350,35350
20220207,11:33,426.25,426.25,421.55,425.45,225,34975
20220207,11:34,432.00,432.00,432.00,432.00,25,34975
20220207,11:36,434.95,435.00,434.95,435.00,225,35050
20220207,11:37,441.00,441.00,441.00,441.00,25,35050
20220207,11:38,439.35,439.35,439.35,439.35,50,35050
20220207,11:39,427.10,433.20,427.10,433.20,300,35125
20220207,11:40,430.00,430.00,430.00,430.00,25,35125
20220207,11:41,430.25,430.25,426.05,428.70,275,34750
20220207,11:42,433.25,433.25,433.25,433.25,25,34750
20220207,11:45,420.10,420.10,420.10,420.10,25,34700
20220207,11:46,420.10,420.10,420.10,420.10,150,34700
20220207,11:47,415.80,415.80,413.40,413.40,50,34700
20220207,11:48,411.05,414.10,411.05,414.10,75,34675
20220207,11:49,414.00,414.00,405.90,406.20,350,34675
20220207,11:50,402.00,402.00,400.00,400.00,200,34675
20220207,11:51,407.00,415.90,407.00,415.90,325,34625
20220207,11:52,419.20,419.20,419.20,419.20,25,34625
20220207,11:54,428.55,428.55,428.55,428.55,25,34450
20220207,11:55,432.00,432.00,430.95,430.95,50,34450
20220207,11:58,425.65,425.65,425.65,425.65,25,34425
20220207,12:00,426.50,428.40,426.50,428.40,200,34400
20220207,12:01,429.65,429.65,429.65,429.65,25,34400
20220207,12:02,417.25,417.25,417.25,417.25,50,34400
20220207,12:06,410.50,410.50,410.50,410.50,25,34425
20220207,12:07,412.00,412.00,402.25,402.25,200,34425
20220207,12:08,391.65,391.65,391.65,391.65,75,34425
20220207,12:09,392.10,395.05,390.00,395.05,75,34375
20220207,12:10,389.95,397.55,389.95,397.55,150,34375
20220207,12:11,395.70,395.70,395.70,395.70,75,34375
20220207,12:12,397.00,397.00,397.00,397.00,25,34275
20220207,12:13,401.50,401.50,395.45,395.45,425,34275
20220207,12:14,394.50,395.55,391.25,391.25,100,34275
20220207,12:15,392.45,392.45,392.45,392.45,25,34325
20220207,12:16,399.00,399.00,399.00,399.00,50,34325
20220207,12:17,401.95,401.95,401.95,401.95,25,34325
20220207,12:18,406.65,406.65,406.65,406.65,50,34250
20220207,12:19,406.65,406.65,406.65,406.65,25,34250
20220207,12:20,407.55,407.55,407.55,407.55,25,34250
20220207,12:21,405.10,405.10,401.75,401.75,50,34225
20220207,12:23,405.95,405.95,405.95,405.95,25,34225
20220207,12:25,404.80,404.90,404.80,404.90,50,34225
20220207,12:26,407.30,410.35,406.65,410.35,100,34225
20220207,12:27,412.70,412.90,412.70,412.90,200,34150
20220207,12:28,408.05,408.05,408.05,408.05,25,34150
20220207,12:29,410.25,410.25,410.25,410.25,50,34150
20220207,12:30,415.60,415.60,412.20,415.00,275,34075
20220207,12:31,413.40,413.40,413.40,413.40,50,34075
20220207,12:35,396.55,396.55,396.55,396.55,25,34050
20220207,12:36,391.25,391.25,391.25,391.25,125,34050
20220207,12:38,380.00,380.00,377.85,380.00,175,34050
20220207,12:39,374.35,385.20,374.35,385.20,75,34050
20220207,12:40,380.85,380.85,380.85,380.85,25,34050
20220207,12:41,387.80,387.80,387.80,387.80,25,34050
20220207,12:42,387.80,387.80,380.70,386.35,400,34125
20220207,12:43,396.15,396.15,396.15,396.15,25,34125
20220207,12:44,391.30,391.30,391.30,391.30,25,34125
20220207,12:46,391.00,391.00,391.00,391.00,25,33825
20220207,12:47,392.55,392.55,392.55,392.55,25,33825
20220207,12:48,390.95,390.95,390.95,390.95,25,33825
20220207,12:50,391.00,391.00,391.00,391.00,25,33875
20220207,12:51,386.35,386.35,386.35,386.35,25,33875
20220207,12:54,381.40,381.40,380.00,380.00,150,33900
20220207,12:55,380.00,380.00,380.00,380.00,50,33900
20220207,12:56,371.45,374.50,371.45,374.50,175,33900
20220207,12:57,376.25,376.25,370.00,370.60,75,33925
20220207,12:58,368.25,374.25,368.25,374.25,325,33925
20220207,12:59,382.20,382.20,372.35,375.75,275,33925
20220207,13:00,368.75,376.25,368.75,372.90,325,33875
20220207,13:01,370.05,370.25,360.55,370.25,100,33875
20220207,13:02,374.15,374.15,374.15,374.15,75,33875
20220207,13:04,369.10,374.30,369.10,374.30,275,33825
20220207,13:05,378.75,380.20,378.75,380.20,100,33825
20220207,13:06,371.35,374.30,370.00,370.00,150,33950
20220207,13:07,367.85,367.85,367.85,367.85,25,33950
20220207,13:08,369.25,369.25,369.25,369.25,25,33950
20220207,13:10,379.25,383.40,379.25,383.40,125,33950
20220207,13:11,379.25,381.50,379.25,381.50,75,33950
20220207,13:12,374.85,374.85,374.85,374.85,25,33950
20220207,13:13,369.35,373.00,369.35,373.00,50,33950
20220207,13:14,373.00,373.00,373.00,373.00,50,33950
20220207,13:15,375.00,380.00,374.80,380.00,200,33975
20220207,13:16,380.00,380.00,380.00,380.00,175,33975
20220207,13:17,375.60,376.20,375.45,376.20,125,33975
20220207,13:18,370.55,370.55,370.55,370.55,25,33975
20220207,13:24,370.00,370.00,370.00,370.00,25,33875
20220207,13:26,366.90,366.90,366.90,366.90,25,33875
20220207,13:27,364.20,364.20,364.20,364.20,25,33900
20220207,13:29,366.55,366.55,366.55,366.55,75,33900
20220207,13:30,366.45,366.45,366.45,366.45,25,33900
20220207,13:31,370.05,370.05,361.10,361.10,100,33850
20220207,13:32,361.95,361.95,361.95,361.95,25,33850
20220207,13:33,359.10,360.90,359.10,360.90,100,33800
20220207,13:34,358.35,365.10,358.35,362.85,750,33800
20220207,13:35,365.40,365.40,362.05,362.25,200,33800
20220207,13:38,365.40,365.40,365.40,365.40,50,34175
20220207,13:39,361.35,361.35,354.40,354.40,150,34175
20220207,13:40,354.85,358.00,354.70,358.00,150,34175
20220207,13:41,363.30,363.30,363.25,363.25,100,34175
20220207,13:42,365.15,365.15,363.35,363.35,50,34175
20220207,13:43,363.80,367.85,363.80,367.85,100,34175
20220207,13:44,366.45,366.45,365.35,365.35,50,34175
20220207,13:45,360.95,363.30,360.95,362.20,75,34125
20220207,13:47,358.00,358.00,353.10,353.10,175,34125
20220207,13:48,352.85,354.90,352.85,354.90,50,34125
20220207,13:49,354.75,357.00,354.75,357.00,75,34075
20220207,13:50,352.50,352.50,343.35,348.55,700,34075
20220207,13:51,348.55,349.85,348.55,349.85,125,33850
20220207,13:52,347.00,355.30,347.00,355.30,50,33850
20220207,13:53,348.90,355.65,348.90,354.20,3900,33850
20220207,13:54,346.60,346.60,345.85,345.85,75,33700
20220207,13:55,336.70,341.90,336.70,337.40,375,33700
20220207,13:56,341.35,342.80,338.85,338.85,300,33700
20220207,13:57,340.30,340.30,340.30,340.30,50,33700
20220207,13:58,335.55,336.00,334.65,336.00,125,33725
20220207,13:59,338.05,338.90,338.05,338.40,250,33725
20220207,14:00,347.05,349.85,339.30,342.85,300,33575
20220207,14:01,342.25,343.25,342.25,343.25,125,33575
20220207,14:03,333.65,336.60,333.65,336.60,75,33650
20220207,14:04,336.80,336.80,336.80,336.80,25,33650
20220207,14:05,336.10,343.95,336.10,343.95,350,33650
20220207,14:06,340.30,340.30,340.30,340.30,25,33650
20220207,14:07,337.05,339.35,331.40,331.40,275,33725
20220207,14:08,336.05,336.05,336.05,336.05,300,33725
20220207,14:12,331.75,332.20,331.75,332.20,75,33000
20220207,14:13,339.55,339.55,339.55,339.55,25,33000
20220207,14:14,338.55,338.55,334.90,334.90,150,33000
20220207,14:17,333.00,333.00,333.00,333.00,275,33050
20220207,14:18,333.00,333.00,333.00,333.00,225,33050
20220207,14:19,325.00,325.00,325.00,325.00,25,32375
20220207,14:21,324.10,324.10,320.35,320.35,50,32400
20220207,14:22,318.85,328.55,318.85,328.55,100,32400
20220207,14:25,342.35,342.35,339.95,339.95,275,32425
20220207,14:26,342.80,342.80,342.80,342.80,100,32425
20220207,14:27,341.35,341.35,339.35,339.35,50,32225
20220207,14:29,339.90,339.90,339.90,339.90,25,32225
20220207,14:31,332.80,332.80,331.50,331.50,250,32200
20220207,14:32,326.95,326.95,326.95,326.95,25,32200
20220207,14:33,331.70,331.70,331.70,331.70,25,32200
20220207,14:35,334.90,337.00,334.90,337.00,100,32050
20220207,14:37,322.50,322.50,322.50,322.50,50,32000
20220207,14:38,328.05,328.05,324.55,324.55,75,32000
20220207,14:39,325.90,325.90,325.00,325.00,50,32000
20220207,14:40,320.00,320.00,316.55,316.55,50,32000
20220207,14:41,317.95,318.50,311.10,311.10,525,32000
20220207,14:42,309.15,310.70,301.65,304.40,1475,31900
20220207,14:43,303.60,304.00,295.95,299.00,1150,31900
20220207,14:44,299.75,299.75,296.15,296.15,125,31900
20220207,14:45,298.05,301.40,297.80,298.85,225,33000
20220207,14:46,299.10,302.20,298.15,302.20,150,33000
20220207,14:47,300.15,300.15,294.45,294.45,75,33000
20220207,14:48,298.55,300.50,298.55,300.50,100,33000
20220207,14:49,298.05,298.05,295.70,295.70,150,32950
20220207,14:50,301.80,302.90,296.25,296.25,300,32950
20220207,14:51,300.00,300.00,300.00,300.00,50,32950
20220207,14:52,305.25,306.00,300.00,300.00,100,32400
20220207,14:53,302.50,302.50,298.65,298.65,50,32400
20220207,14:55,299.25,299.25,299.25,299.25,100,31850
20220207,14:56,295.05,295.05,295.05,295.05,25,31850
20220207,14:58,302.90,307.90,300.00,307.90,125,31925
20220207,14:59,306.20,306.20,302.80,302.80,50,31925
20220207,15:00,314.25,321.50,314.25,321.50,175,31925
20220207,15:01,321.50,327.50,321.50,326.15,2450,31650
20220207,15:02,328.10,333.40,327.20,328.40,250,31650
20220207,15:03,326.25,326.25,321.00,321.00,175,31650
20220207,15:05,323.50,323.50,322.45,322.45,100,31100
20220207,15:06,327.95,327.95,327.95,327.95,25,31100
20220207,15:08,324.95,324.95,324.95,324.95,75,30950
20220207,15:09,324.30,324.30,324.30,324.30,325,30850
20220207,15:10,321.65,321.65,319.50,320.00,175,30850
20220207,15:11,315.40,315.85,315.40,315.85,425,30850
20220207,15:12,319.25,319.65,318.95,319.65,100,31250
20220207,15:14,323.70,323.70,323.15,323.15,300,31250
20220207,15:15,319.00,319.00,315.00,315.00,350,31250
20220207,15:16,316.10,316.10,311.75,311.75,275,31125
20220207,15:17,312.95,312.95,312.95,312.95,400,31125
20220207,15:18,306.95,306.95,306.95,306.95,50,31225
20220207,15:19,308.80,308.80,308.80,308.80,50,31225
20220207,15:20,311.00,311.00,310.00,310.00,50,31225
20220207,15:21,309.25,309.25,309.25,309.25,25,30825
20220207,15:22,312.55,314.70,312.55,314.00,750,30825
20220207,15:23,316.85,316.85,316.85,316.85,50,30825
20220207,15:24,320.00,320.00,320.00,320.00,50,30825
20220207,15:25,318.75,318.75,312.35,312.35,375,30550
20220207,15:26,312.95,312.95,312.95,312.95,100,30550
20220207,15:27,311.65,314.55,311.65,314.55,400,30650
20220207,15:28,315.45,315.45,310.55,310.55,350,30650
20220207,15:29,309.60,312.95,306.95,312.95,450,30650
20220208,09:15,311.95,337.75,311.95,337.75,276,30500
20220208,09:16,330.00,330.00,322.15,322.15,400,30500
20220208,09:17,322.45,322.45,322.45,322.45,375,30500
20220208,09:18,324.15,326.55,324.15,326.55,375,30450
20220208,09:19,318.90,318.90,311.00,311.00,175,30450
20220208,09:20,308.40,308.40,308.40,308.40,275,30800
20220208,09:21,310.25,313.10,310.25,310.80,525,30800
20220208,09:22,314.00,317.05,314.00,316.60,175,30800
20220208,09:23,310.25,310.25,310.25,310.25,25,30775
20220208,09:24,299.45,299.45,285.90,285.90,400,30775
20220208,09:25,285.50,287.50,272.25,272.25,700,30775
20220208,09:26,272.25,272.25,264.05,264.05,575,30975
20220208,09:27,268.80,272.65,262.25,262.25,125,30975
20220208,09:28,262.25,277.15,262.25,266.70,1000,30975
20220208,09:29,280.00,283.35,280.00,280.00,200,31575
20220208,09:30,286.55,295.50,282.00,293.60,500,31575
20220208,09:31,292.45,307.25,292.45,297.10,1350,31575
20220208,09:32,296.30,299.35,294.40,294.90,2250,33650
20220208,09:33,297.55,301.45,290.90,301.45,700,33650
20220208,09:34,303.85,303.85,296.65,296.65,350,33650
20220208,09:35,303.80,318.60,303.80,318.60,125,34600
20220208,09:36,316.50,316.50,307.20,308.45,600,34600
20220208,09:37,312.00,312.00,303.65,303.65,550,34600
20220208,09:38,303.70,308.00,303.70,305.95,750,35375
20220208,09:39,307.15,307.15,293.35,293.35,250,35375
20220208,09:40,298.90,298.95,293.65,293.65,600,35375
20220208,09:41,288.05,288.05,279.55,279.55,375,35800
20220208,09:42,285.00,285.70,278.30,278.30,425,35800
20220208,09:43,280.45,285.15,280.45,285.15,75,35800
20220208,09:45,269.85,269.85,269.85,269.85,50,36075
20220208,09:46,266.35,266.35,264.20,264.20,75,36075
20220208,09:47,261.90,263.00,261.90,263.00,175,35825
20220208,09:48,264.50,274.00,264.50,271.75,225,35825
20220208,09:49,274.95,275.00,269.05,274.30,575,35825
20220208,09:50,274.75,278.50,274.55,278.50,225,36050
20220208,09:51,267.45,267.45,263.25,263.25,50,36050
20220208,09:52,263.45,264.75,263.00,264.75,75,36050
20220208,09:53,262.50,262.50,259.50,262.50,175,36000
20220208,09:54,255.95,259.95,255.95,259.95,125,36000
20220208,09:55,261.45,261.45,261.45,261.45,25,36000
20220208,09:58,250.00,250.00,245.55,245.55,75,35975
20220208,09:59,242.70,247.55,238.80,246.10,325,35975
20220208,10:00,247.85,247.85,247.85,247.85,25,36025
20220208,10:01,247.95,250.00,247.95,250.00,50,36025
20220208,10:02,247.10,248.15,245.50,248.15,100,36025
20220208,10:03,247.85,252.50,247.60,250.20,350,36025
20220208,10:04,261.20,261.20,261.20,261.20,150,36025
20220208,10:05,253.25,253.25,253.25,253.25,100,36125
20220208,10:06,255.70,255.70,255.70,255.70,25,36125
20220208,10:09,250.75,250.75,247.35,247.35,125,36175
20220208,10:11,249.20,249.20,247.00,247.00,525,36100
20220208,10:12,246.55,250.85,246.55,250.85,275,36100
20220208,10:13,251.40,251.40,248.05,248.85,150,36100
20220208,10:14,245.00,245.00,241.90,241.90,175,36025
20220208,10:15,236.00,237.35,234.60,234.60,700,36025
20220208,10:16,234.60,240.00,234.60,240.00,50,36025
20220208,10:17,242.00,242.00,237.30,237.30,75,36050
20220208,10:18,234.15,234.15,233.35,234.05,250,36050
20220208,10:19,227.90,228.95,227.90,228.50,225,36050
20220208,10:20,225.00,232.20,225.00,232.20,475,36050
20220208,10:21,229.55,230.95,228.50,228.50,100,36175
20220208,10:22,231.30,231.30,223.10,229.55,775,36175
20220208,10:23,230.00,230.00,230.00,230.00,75,36175
20220208,10:24,227.95,227.95,219.40,219.40,150,36100
20220208,10:25,221.55,221.55,217.70,217.70,75,36100
20220208,10:26,217.70,221.20,217.70,221.20,125,36100
20220208,10:27,219.20,220.60,219.20,220.60,100,36075
20220208,10:28,212.80,212.80,212.80,212.80,25,36075
20220208,10:29,212.80,212.80,212.80,212.80,25,36075
20220208,10:30,213.35,213.35,210.00,210.00,75,36200
20220208,10:31,207.25,207.25,205.10,207.15,575,36200
20220208,10:32,202.45,202.45,201.65,201.65,175,36050
20220208,10:33,203.00,206.05,202.45,204.05,375,36050
20220208,10:34,206.85,206.85,200.05,200.05,325,36050
20220208,10:36,199.25,199.25,199.25,199.25,50,35700
20220208,10:37,200.35,200.35,200.35,200.35,100,35700
20220208,10:38,205.30,206.20,205.30,206.20,500,35700
20220208,10:39,204.00,204.00,201.80,203.35,875,35350
20220208,10:40,200.80,202.50,197.55,198.90,1275,35350
20220208,10:41,200.95,200.95,197.00,197.00,575,35050
20220208,10:42,195.35,195.35,194.65,194.65,350,35050
20220208,10:43,196.45,203.70,196.45,197.15,500,35050
20220208,10:44,200.15,201.45,198.20,201.45,350,35050
20220208,10:45,199.15,206.00,199.15,205.10,450,35325
20220208,10:46,206.60,206.60,202.50,205.40,625,35325
20220208,10:47,205.55,205.55,204.05,204.25,250,35950
20220208,10:48,203.75,203.75,203.75,203.75,225,35950
20220208,10:49,204.45,207.35,204.45,207.35,1125,35950
20220208,10:50,204.60,209.55,203.75,208.35,675,36675
20220208,10:51,206.15,207.95,206.05,206.05,175,36675
20220208,10:52,199.20,199.20,199.20,199.20,150,36675
20220208,10:53,201.90,201.90,198.95,199.20,200,36800
20220208,10:54,192.15,192.15,192.15,192.15,150,36800
20220208,10:55,188.90,188.90,188.90,188.90,75,36800
20220208,10:56,190.65,190.65,188.00,188.00,175,36800
20220208,10:58,188.00,188.00,187.80,187.80,75,36850
20220208,10:59,187.80,187.80,187.80,187.80,25,36850
20220208,11:00,182.00,182.00,182.00,182.00,75,36825
20220208,11:01,178.30,179.10,178.30,178.90,875,36825
20220208,11:02,178.00,181.90,176.35,176.35,575,36825
20220208,11:03,178.45,179.70,177.50,178.30,375,36450
20220208,11:04,181.35,183.30,181.35,181.60,225,36450
20220208,11:05,182.75,183.10,182.75,183.10,325,36450
20220208,11:06,183.45,184.55,183.45,183.75,200,36275
20220208,11:07,184.75,184.75,182.10,182.10,225,36275
20220208,11:08,181.00,181.00,178.15,178.15,250,36300
20220208,11:09,175.85,176.60,175.00,175.40,425,36300
20220208,11:10,177.05,177.05,177.05,177.05,25,36300
20220208,11:11,177.90,180.00,177.90,180.00,50,36300
20220208,11:12,185.00,185.00,185.00,185.00,25,36350
20220208,11:13,183.05,184.10,181.65,181.65,300,36350
20220208,11:15,185.20,185.20,179.95,179.95,200,36375
20220208,11:16,180.80,185.75,180.80,185.75,1975,36375
20220208,11:17,185.00,188.60,185.00,188.60,200,36375
20220208,11:18,189.20,189.20,189.20,189.20,50,37350
20220208,11:19,186.90,186.90,186.90,186.90,300,37350
20220208,11:20,186.00,186.00,184.60,184.60,250,37350
20220208,11:21,188.65,189.40,183.60,183.60,1050,37050
20220208,11:22,184.05,187.80,184.05,187.80,200,37050
20220208,11:23,186.35,186.35,186.35,186.35,375,37050
20220208,11:25,181.00,181.00,176.30,176.30,325,36825
20220208,11:26,179.85,182.55,179.85,182.55,50,36825
20220208,11:27,187.00,187.00,187.00,187.00,75,36825
20220208,11:28,189.40,189.40,189.40,189.40,150,36825
20220208,11:29,186.50,188.45,186.50,188.45,150,36825
20220208,11:30,189.65,192.85,189.65,190.75,475,36675
20220208,11:31,186.00,186.00,186.00,186.00,25,36675
20220208,11:33,188.15,190.80,188.15,190.80,75,36800
20220208,11:34,189.60,189.60,189.60,189.60,25,36800
20220208,11:35,192.60,195.10,192.60,195.10,275,36800
20220208,11:36,200.65,203.20,198.75,203.10,575,37050
20220208,11:37,200.30,200.30,200.30,200.30,25,37050
20220208,11:38,201.90,201.90,201.90,201.90,25,37050
20220208,11:40,198.30,198.30,196.50,196.50,50,36975
20220208,11:41,199.15,199.15,199.15,199.15,50,36975
20220208,11:42,202.90,202.90,202.75,202.75,200,36925
20220208,11:43,205.00,205.65,203.20,203.20,325,36925
20220208,11:45,203.15,203.15,203.15,203.15,75,36925
20220208,11:47,203.85,203.85,203.85,203.85,50,36825
20220208,11:48,201.70,213.15,201.70,211.30,775,36850
20220208,11:49,212.00,213.50,211.65,211.65,225,36850
20220208,11:52,220.50,222.10,220.50,222.10,100,37275
20220208,11:53,221.65,221.65,221.65,221.65,25,37275
20220208,11:57,223.60,223.60,223.60,223.60,25,37025
20220208,12:00,222.00,222.00,222.00,222.00,25,37025
20220208,12:01,217.65,222.00,217.65,222.00,100,36800
20220208,12:02,219.50,219.50,219.50,219.50,25,36800
20220208,12:03,219.50,219.50,218.85,218.85,50,36875
20220208,12:04,222.00,225.65,222.00,225.65,50,36875
20220208,12:05,225.85,226.00,225.85,226.00,75,36875
20220208,12:06,227.25,227.25,227.25,227.25,25,36850
20220208,12:07,230.00,230.00,230.00,230.00,50,36850
20220208,12:09,230.00,230.00,230.00,230.00,25,36850
20220208,12:10,232.25,232.25,232.25,232.25,25,36850
20220208,12:12,232.00,232.00,232.00,232.00,300,36850
20220208,12:13,225.00,225.00,225.00,225.00,25,36900
20220208,12:14,225.00,225.00,217.30,217.30,75,36900
20220208,12:15,216.45,216.45,216.45,216.45,225,36875
20220208,12:16,217.30,217.30,217.30,217.30,75,36875
20220208,12:17,225.30,225.30,225.30,225.30,100,36875
20220208,12:18,227.40,227.40,227.40,227.40,125,36950
20220208,12:19,230.20,230.20,230.20,230.20,25,36950
20220208,12:21,240.00,247.05,240.00,247.05,300,36775
20220208,12:22,253.60,253.60,253.60,253.60,75,36775
20220208,12:23,256.45,256.45,256.45,256.45,25,36775
20220208,12:25,245.35,245.35,245.35,245.35,25,37050
20220208,12:26,245.35,245.35,245.35,245.35,50,37050
20220208,12:27,253.25,253.25,253.25,253.25,125,36925
20220208,12:28,254.00,254.25,254.00,254.25,50,36925
20220208,12:29,254.20,254.20,254.20,254.20,25,36925
20220208,12:30,259.60,259.60,259.60,259.60,25,36675
20220208,12:31,252.40,252.40,248.05,249.65,675,36675
20220208,12:32,249.95,249.95,249.60,249.60,100,36675
20220208,12:34,253.00,253.00,253.00,253.00,25,37100
20220208,12:36,256.90,256.90,255.00,255.00,75,37100
20220208,12:37,262.60,262.60,262.60,262.60,50,37100
20220208,12:38,260.00,264.70,260.00,264.70,175,37100
20220208,12:39,267.55,271.30,267.45,271.30,125,37225
20220208,12:40,273.80,280.85,273.80,278.70,425,37225
20220208,12:42,273.90,290.25,273.90,290.25,75,37225
20220208,12:43,288.30,288.30,288.30,288.30,200,37225
20220208,12:47,287.75,287.75,287.75,287.75,25,37200
20220208,12:48,294.45,294.45,294.45,294.45,50,37200
20220208,12:49,295.25,295.25,295.25,295.25,75,37200
20220208,12:50,298.55,298.55,298.55,298.55,100,37200
20220208,12:51,280.85,280.85,280.05,280.05,100,37175
20220208,12:52,267.25,276.30,267.25,276.30,150,37175
20220208,12:53,276.05,276.05,274.05,274.05,275,37175
20220208,12:54,270.50,270.60,260.05,260.05,175,36700
20220208,12:55,263.90,263.90,255.70,255.70,50,36700
20220208,12:57,264.35,264.35,264.35,264.35,25,36700
20220208,12:58,262.90,264.35,262.10,262.10,200,36700
20220208,12:59,264.45,264.45,263.80,263.80,75,36700
20220208,13:00,263.90,268.85,263.90,268.85,75,36525
20220208,13:01,262.00,262.00,244.85,247.45,475,36525
20220208,13:02,245.40,248.75,238.70,240.00,725,36525
20220208,13:03,238.55,241.25,235.50,241.25,325,36750
20220208,13:04,238.90,241.25,238.90,241.25,50,36750
20220208,13:05,239.35,241.15,239.35,241.15,125,36750
20220208,13:06,243.35,246.20,237.35,237.35,175,36875
20220208,13:07,233.45,239.95,233.45,237.15,375,36875
20220208,13:08,234.65,234.65,222.95,222.95,425,36875
20220208,13:09,224.45,226.65,223.00,224.00,550,36975
20220208,13:10,222.05,223.70,218.35,223.70,250,36975
20220208,13:11,223.60,223.95,223.60,223.95,50,36975
20220208,13:12,225.40,232.10,225.25,227.55,425,37175
20220208,13:13,226.40,227.15,223.85,224.50,450,37175
20220208,13:14,218.30,218.30,214.80,214.80,225,37175
20220208,13:15,214.60,219.10,214.55,214.55,950,37550
20220208,13:16,209.90,213.55,209.70,213.55,575,37550
20220208,13:17,217.55,217.55,213.80,213.80,425,37550
20220208,13:18,219.60,223.15,219.60,223.15,750,37900
20220208,13:19,220.00,222.85,220.00,221.70,725,37900
20220208,13:20,227.75,231.40,227.70,231.40,225,37900
20220208,13:21,233.85,234.15,232.55,234.15,125,38225
20220208,13:22,235.00,235.00,226.95,226.95,300,38225
20220208,13:23,223.15,226.45,223.15,226.45,100,38225
20220208,13:24,226.65,231.00,225.00,231.00,175,38225
20220208,13:27,231.35,231.35,230.05,230.05,75,39225
20220208,13:28,230.25,230.25,216.05,216.05,75,39225
20220208,13:29,220.00,225.05,220.00,224.55,150,39225
20220208,13:30,219.15,221.05,219.15,221.05,150,39075
20220208,13:32,223.50,240.05,223.50,240.05,550,39075
20220208,13:34,247.45,247.55,245.45,245.45,100,38775
20220208,13:35,249.95,249.95,248.25,248.25,100,38775
20220208,13:36,251.00,252.85,249.25,249.25,300,38800
20220208,13:37,246.35,246.35,241.45,241.55,350,38800
20220208,13:38,235.50,243.75,235.50,243.75,350,38800
20220208,13:39,245.15,249.15,245.15,249.00,300,38000
20220208,13:40,250.00,252.60,249.25,249.25,150,38000
20220208,13:43,251.25,251.25,251.25,251.25,25,37175
20220208,13:44,238.15,242.80,238.15,242.80,125,37175
20220208,13:45,244.65,251.10,244.65,251.10,75,37200
20220208,13:46,262.00,262.00,260.00,260.00,150,37200
20220208,13:47,257.00,257.00,246.25,246.25,200,37200
20220208,13:48,248.05,248.05,248.05,248.05,25,37200
20220208,13:49,240.60,240.60,240.60,240.60,25,37125
20220208,13:51,236.70,236.70,235.10,235.10,50,37025
20220208,13:52,238.80,242.35,238.80,242.35,100,37025
20220208,13:53,241.60,241.60,239.25,240.65,125,37025
20220208,13:54,235.60,235.60,235.60,235.60,25,37025
20220208,13:55,234.40,235.60,234.40,235.60,125,37050
20220208,13:56,232.25,232.25,227.20,227.20,75,37050
20220208,13:57,225.50,225.50,222.00,223.95,100,37050
20220208,13:58,229.60,229.60,229.60,229.60,25,37050
20220208,13:59,230.80,233.80,230.80,230.90,175,37050
20220208,14:00,230.75,230.75,230.75,230.75,25,37050
20220208,14:01,224.00,226.65,224.00,226.65,50,37050
20220208,14:02,231.40,234.60,231.40,234.60,75,37050
20220208,14:03,231.40,231.40,231.40,231.40,25,37050
20220208,14:05,231.40,231.40,231.40,231.40,125,37100
20220208,14:06,228.20,228.20,228.20,228.20,100,37100
20220208,14:09,229.85,229.85,229.85,229.85,25,37025
20220208,14:10,235.70,235.70,235.00,235.00,75,37025
20220208,14:13,222.00,222.00,220.00,220.00,100,37025
20220208,14:15,223.55,223.55,217.60,217.60,50,37025
20220208,14:17,213.00,214.85,213.00,214.85,50,37100
20220208,14:18,214.25,217.00,214.25,217.00,175,37125
20220208,14:19,220.55,220.55,220.55,220.55,50,37125
20220208,14:21,220.75,220.75,220.75,220.75,25,37125
20220208,14:22,224.45,224.45,224.45,224.45,100,37100
20220208,14:23,226.00,227.35,226.00,227.35,50,37100
20220208,14:24,230.00,230.00,228.95,228.95,175,37100
20220208,14:27,224.80,224.80,224.80,224.80,50,37025
20220208,14:28,220.85,220.85,220.85,220.85,25,36975
20220208,14:29,216.35,225.65,216.35,225.65,125,36975
20220208,14:30,225.00,229.00,225.00,229.00,150,36825
20220208,14:31,231.25,234.15,231.25,233.45,125,36825
20220208,14:32,234.60,234.60,234.60,234.60,300,36825
20220208,14:33,233.85,233.85,229.95,229.95,75,36825
20220208,14:34,231.60,231.60,231.60,231.60,25,36900
20220208,14:35,221.95,221.95,221.95,221.95,25,36900
20220208,14:36,235.55,237.95,235.15,235.15,75,36875
20220208,14:37,231.25,234.20,231.25,234.20,75,36875
20220208,14:38,235.70,235.70,228.15,229.95,300,36875
20220208,14:39,229.70,229.80,229.70,229.80,50,36875
20220208,14:40,228.45,228.45,228.45,228.45,75,37050
20220208,14:42,229.90,230.95,229.90,230.95,100,37100
20220208,14:43,230.70,230.70,230.70,230.70,25,37100
20220208,14:44,232.90,232.90,232.90,232.90,75,37100
20220208,14:45,234.95,239.55,234.95,238.70,125,37050
20220208,14:46,240.60,240.60,240.60,240.60,25,37050
20220208,14:47,235.90,235.90,234.55,234.55,50,37050
20220208,14:48,233.00,233.00,233.00,233.00,25,36925
20220208,14:50,232.00,232.00,232.00,232.00,75,36925
20220208,14:51,236.00,236.00,236.00,236.00,25,36925
20220208,14:52,237.20,237.20,236.50,236.50,50,36925
20220208,14:55,241.10,247.50,241.10,247.50,125,36950
20220208,14:56,245.50,252.65,245.50,251.60,150,36950
20220208,14:57,251.95,255.50,251.95,253.35,100,36950
20220208,14:58,255.25,255.25,255.25,255.25,50,36875
20220208,14:59,262.15,262.15,259.75,259.75,75,36875
20220208,15:00,258.95,276.00,258.95,276.00,100,36875
20220208,15:01,271.65,278.25,271.25,278.25,225,36875
20220208,15:02,277.80,281.00,277.80,281.00,225,36875
20220208,15:03,287.30,290.90,284.50,284.50,375,36875
20220208,15:04,282.70,282.70,276.75,279.65,225,36875
20220208,15:05,282.40,285.00,282.40,285.00,125,36875
20220208,15:06,281.20,281.20,281.20,281.20,25,36875
20220208,15:07,288.45,295.55,286.10,295.55,100,36875
20220208,15:08,299.85,299.85,296.30,296.75,750,36875
20220208,15:09,294.65,294.65,280.80,282.25,625,36825
20220208,15:10,280.40,288.35,273.65,288.35,600,36825
20220208,15:11,284.00,287.10,281.85,287.10,475,36825
20220208,15:12,281.85,281.85,277.20,277.20,50,36825
20220208,15:13,282.35,286.00,281.00,283.55,375,37425
20220208,15:15,286.00,289.75,286.00,288.35,950,37425
20220208,15:17,281.35,281.35,275.85,275.85,150,37700
20220208,15:18,275.00,275.00,271.25,272.45,250,37700
20220208,15:20,269.70,269.70,269.15,269.15,175,37875
20220208,15:21,270.35,271.75,270.35,271.75,600,36500
20220208,15:22,271.90,271.90,268.60,268.60,475,36500
20220208,15:23,265.80,265.80,265.60,265.60,50,36500
20220208,15:24,272.85,272.85,266.80,267.05,350,36500
20220208,15:25,266.00,266.50,264.35,264.35,300,36700
20220208,15:26,261.95,261.95,259.20,259.20,75,36700
20220208,15:27,259.20,260.95,259.20,260.00,650,36375
20220208,15:28,260.45,260.45,256.00,256.00,575,36375
20220208,15:29,254.30,254.30,253.10,253.80,100,36375
20220209,09:15,320.35,320.35,320.35,320.35,51,35800
20220209,09:16,316.90,321.45,315.85,321.45,475,35800
20220209,09:17,319.50,324.10,318.85,324.10,200,35950
20220209,09:18,324.10,324.70,324.10,324.70,100,35950
20220209,09:19,324.80,324.80,314.25,320.05,475,35950
20220209,09:20,311.45,320.00,311.45,320.00,75,35975
20220209,09:21,318.00,321.00,318.00,321.00,50,35975
20220209,09:22,317.85,323.85,313.55,323.85,200,35975
20220209,09:23,339.20,339.20,339.20,339.20,25,36025
20220209,09:24,339.20,340.00,339.20,340.00,100,36025
20220209,09:25,343.85,352.15,343.85,350.75,550,36025
20220209,09:26,356.45,356.45,340.00,341.85,825,35850
20220209,09:27,342.05,352.70,342.05,342.80,450,35850
20220209,09:28,346.35,346.35,346.35,346.35,50,35850
20220209,09:29,341.65,342.85,341.65,342.85,100,35850
20220209,09:32,351.35,360.95,351.35,355.00,375,35900
20220209,09:33,353.55,353.55,353.55,353.55,175,35900
20220209,09:34,354.00,354.00,345.30,349.80,350,35900
20220209,09:35,346.40,347.50,343.65,347.50,150,35725
20220209,09:36,346.25,355.00,344.40,355.00,100,35725
20220209,09:37,353.15,353.15,346.45,346.45,250,35725
20220209,09:38,340.00,340.00,332.25,332.25,250,35725
20220209,09:39,331.90,331.90,331.90,331.90,150,35700
20220209,09:40,332.80,344.90,332.80,338.00,200,35700
20220209,09:41,340.00,343.15,340.00,343.15,525,35700
20220209,09:42,335.55,335.55,335.55,335.55,25,35825
20220209,09:43,335.35,335.35,335.35,335.35,25,35825
20220209,09:45,358.20,358.20,354.55,356.30,150,35850
20220209,09:46,363.20,363.40,363.20,363.40,125,35850
20220209,09:47,366.60,366.60,366.60,366.60,25,35850
20220209,09:48,367.50,368.55,367.50,368.55,125,35150
20220209,09:49,369.70,369.70,369.70,369.70,150,35150
20220209,09:50,375.00,375.00,370.05,370.05,275,35050
20220209,09:51,367.90,367.90,364.05,364.05,250,35050
20220209,09:52,360.85,360.85,360.85,360.85,25,35050
20220209,09:53,357.90,357.90,357.90,357.90,25,35050
20220209,09:54,358.30,358.30,357.95,357.95,150,35175
20220209,09:55,360.80,360.80,360.80,360.80,50,35175
20220209,09:56,354.15,354.15,349.80,349.80,75,35175
20220209,09:57,360.65,360.65,360.65,360.65,25,35075
20220209,09:58,367.50,367.50,360.80,365.00,100,35075
20220209,09:59,361.85,361.85,361.85,361.85,25,35075
20220209,10:00,358.95,361.85,358.95,361.85,125,35025
20220209,10:01,355.00,356.60,354.85,356.00,250,35025
20220209,10:02,355.75,357.15,352.10,357.15,425,35100
20220209,10:03,357.05,357.05,352.55,352.55,375,35100
20220209,10:04,351.00,354.70,349.50,349.50,625,35100
20220209,10:05,348.80,352.50,348.80,352.50,100,35100
20220209,10:06,347.95,347.95,347.95,347.95,25,34975
20220209,10:07,348.00,351.15,348.00,348.30,125,34975
20220209,10:11,365.65,366.80,362.35,364.90,175,34750
20220209,10:12,364.50,365.00,364.50,365.00,175,34750
20220209,10:13,357.35,357.35,349.65,349.65,100,34750
20220209,10:18,354.45,354.45,354.45,354.45,25,33700
20220209,10:19,345.90,345.90,345.90,345.90,100,33700
20220209,10:20,352.40,352.40,351.85,351.85,75,33625
20220209,10:21,352.15,352.15,352.15,352.15,25,33625
20220209,10:22,344.80,344.80,344.40,344.40,125,33625
20220209,10:23,344.65,355.00,344.65,355.00,175,33625
20220209,10:24,350.35,350.35,350.35,350.35,100,33625
20220209,10:25,348.05,348.90,348.05,348.90,50,33625
20220209,10:26,335.55,335.55,335.55,335.55,25,33625
20220209,10:27,339.05,339.05,339.05,339.05,25,33500
20220209,10:28,329.95,329.95,326.10,326.10,150,33500
20220209,10:29,326.70,328.95,326.70,328.95,225,33500
20220209,10:30,331.60,331.60,323.85,323.85,275,33375
20220209,10:31,329.35,329.35,329.35,329.35,50,33375
20220209,10:33,337.50,337.50,337.50,337.50,25,33375
20220209,10:34,329.35,329.35,329.35,329.35,25,33375
20220209,10:35,324.30,329.30,324.30,329.30,400,33100
20220209,10:36,323.85,333.50,323.85,332.65,100,33100
20220209,10:37,333.30,346.40,333.30,346.40,150,33100
20220209,10:38,345.25,345.25,333.10,336.25,500,33100
20220209,10:39,339.50,341.15,339.50,341.15,300,32975
20220209,10:40,345.15,345.15,343.75,343.75,150,32975
20220209,10:42,337.55,337.55,337.55,337.55,100,32625
20220209,10:46,354.35,354.35,354.35,354.35,25,32625
20220209,10:48,352.55,352.55,352.55,352.55,75,32600
20220209,10:49,352.55,352.55,352.55,352.55,25,32600
20220209,10:50,351.00,351.00,351.00,351.00,50,32150
20220209,10:51,351.00,351.00,350.90,350.90,150,32150
20220209,10:56,360.00,360.00,360.00,360.00,50,32100
20220209,10:57,365.00,365.00,365.00,365.00,100,32100
20220209,10:58,360.05,360.05,357.55,357.55,75,32100
20220209,11:00,357.30,357.30,357.30,357.30,25,32050
20220209,11:01,346.90,346.90,346.90,346.90,25,32050
20220209,11:02,346.40,346.40,346.40,346.40,25,32050
20220209,11:03,340.00,340.00,340.00,340.00,50,32050
20220209,11:05,337.55,337.55,337.55,337.55,25,32050
20220209,11:06,334.00,334.00,334.00,334.00,50,32075
20220209,11:08,337.75,337.75,330.05,330.05,75,32075
20220209,11:10,330.00,330.00,330.00,330.00,50,32075
20220209,11:14,336.00,336.50,336.00,336.50,125,32100
20220209,11:15,338.80,338.90,338.80,338.90,125,32200
20220209,11:18,342.10,342.10,342.10,342.10,25,32150
20220209,11:19,340.10,340.10,340.10,340.10,25,32150
20220209,11:20,345.10,345.10,345.10,345.10,50,32150
20220209,11:23,343.20,343.20,343.20,343.20,25,32175
20220209,11:24,342.25,342.25,342.25,342.25,25,32200
20220209,11:29,349.00,349.00,349.00,349.00,25,32200
20220209,11:30,341.80,341.80,341.80,341.80,25,32200
20220209,11:31,337.85,337.85,337.85,337.85,25,32175
20220209,11:32,336.60,336.60,336.60,336.60,50,32175
20220209,11:34,339.50,339.50,339.50,339.50,25,32200
20220209,11:47,339.75,339.75,339.75,339.75,25,32150
20220209,11:49,348.25,348.25,348.25,348.25,50,32125
20220209,11:50,342.10,342.10,342.10,342.10,25,32125
20220209,11:52,350.00,350.45,350.00,350.45,175,32175
20220209,11:53,350.15,350.15,350.15,350.15,50,32175
20220209,11:56,345.65,354.95,345.65,354.95,75,32200
20220209,11:57,351.50,351.50,351.50,351.50,25,32225
20220209,11:59,348.75,348.75,348.75,348.75,25,32225
20220209,12:06,349.35,349.35,349.35,349.35,25,32200
20220209,12:09,354.70,366.10,354.70,366.10,50,32175
20220209,12:12,364.25,364.25,364.25,364.25,25,32200
20220209,12:13,362.45,362.45,362.45,362.45,50,32200
20220209,12:14,358.65,358.65,355.00,355.00,50,32200
20220209,12:15,364.55,364.55,364.55,364.55,25,32150
20220209,12:16,366.10,370.65,366.10,370.65,50,32150
20220209,12:17,370.85,370.85,370.85,370.85,50,32150
20220209,12:21,366.85,366.85,366.85,366.85,25,32150
20220209,12:28,352.85,354.20,352.85,354.20,225,32125
20220209,12:29,360.00,360.00,360.00,360.00,25,32125
20220209,12:33,361.65,361.65,361.65,361.65,25,32200
20220209,12:34,356.95,356.95,356.95,356.95,50,32200
20220209,12:36,356.50,356.50,356.50,356.50,100,32200
20220209,12:37,348.85,348.85,348.85,348.85,25,32200
20220209,12:41,365.75,365.75,365.75,365.75,50,32200
20220209,12:42,370.10,370.10,365.60,365.60,75,32200
20220209,12:44,369.35,369.35,369.35,369.35,75,32200
20220209,12:45,368.25,368.25,365.80,365.80,100,32200
20220209,12:46,361.00,378.25,361.00,378.25,325,32200
20220209,12:47,375.40,375.40,375.00,375.00,125,32200
20220209,12:48,374.00,374.00,374.00,374.00,25,32200
20220209,12:50,361.95,367.95,361.95,367.95,75,32425
20220209,12:53,367.00,367.00,367.00,367.00,25,32400
20220209,13:00,351.20,351.20,351.20,351.20,25,32400
20220209,13:01,349.45,349.45,349.45,349.45,25,32400
20220209,13:05,353.15,353.15,345.45,347.80,75,32350
20220209,13:06,342.25,342.25,335.30,335.30,75,32350
20220209,13:07,330.00,330.00,330.00,330.00,50,32375
20220209,13:08,331.95,333.40,330.50,330.50,125,32375
20220209,13:09,333.80,333.80,333.00,333.00,225,32300
20220209,13:10,331.05,334.85,331.05,333.00,100,32300
20220209,13:16,337.75,339.40,337.75,339.40,75,32300
20220209,13:18,335.20,335.20,335.20,335.20,50,32300
20220209,13:20,350.50,356.10,349.30,349.30,100,32300
20220209,13:21,352.85,352.85,352.85,352.85,25,32300
20220209,13:22,345.55,345.55,345.55,345.55,25,32350
20220209,13:23,342.20,342.20,342.20,342.20,25,32350
20220209,13:25,344.15,344.15,344.15,344.15,75,32375
20220209,13:27,346.45,346.45,346.45,346.45,25,32375
20220209,13:30,346.60,347.90,346.60,347.90,150,32350
20220209,13:31,350.00,350.00,350.00,350.00,25,32350
20220209,13:32,352.70,352.70,352.70,352.70,25,32350
20220209,13:33,351.60,351.60,351.60,351.60,25,32350
20220209,13:34,356.20,356.20,350.55,350.55,325,32350
20220209,13:36,349.65,349.65,349.65,349.65,25,32350
20220209,13:37,348.90,348.90,343.10,344.05,350,32375
20220209,13:39,344.65,344.65,344.65,344.65,25,32375
20220209,13:40,336.45,340.40,336.45,340.40,150,32150
20220209,13:42,347.15,347.15,347.15,347.15,25,32150
20220209,13:43,345.50,345.50,343.30,343.30,125,32075
20220209,13:44,346.05,346.05,346.05,346.05,25,32075
20220209,13:45,346.10,348.95,345.10,345.10,375,32225
20220209,13:47,347.30,347.30,347.30,347.30,25,32225
20220209,13:48,346.50,346.50,346.50,346.50,25,32275
20220209,13:50,351.00,351.00,351.00,351.00,25,32275
20220209,13:51,356.65,357.45,356.65,357.45,50,32250
20220209,13:52,358.50,358.50,358.50,358.50,50,32250
20220209,13:53,356.65,356.65,356.65,356.65,25,32250
20220209,13:55,366.65,366.65,358.40,358.40,75,32300
20220209,13:58,367.45,367.45,367.45,367.45,25,32275
20220209,13:59,364.95,367.25,364.95,366.90,450,32275
20220209,14:00,367.20,367.20,365.00,365.00,75,32275
20220209,14:01,365.00,365.00,365.00,365.00,100,32300
20220209,14:02,365.60,367.45,365.10,365.10,125,32300
20220209,14:03,373.55,374.25,373.55,374.25,75,32275
20220209,14:04,380.40,382.95,380.40,382.95,325,32275
20220209,14:05,382.95,385.75,382.95,385.75,175,32275
20220209,14:06,385.75,387.00,381.65,383.65,425,32450
20220209,14:07,382.50,382.50,382.50,382.50,25,32450
20220209,14:08,387.45,390.20,387.45,390.20,75,32450
20220209,14:09,390.20,390.20,385.45,385.45,50,32450
20220209,14:10,374.35,374.35,358.45,373.35,1025,32500
20220209,14:11,371.10,371.10,371.10,371.10,50,32500
20220209,14:14,380.40,380.40,380.40,380.40,25,32275
20220209,14:15,383.45,383.45,383.45,383.45,50,32275
20220209,14:17,384.95,385.00,384.95,385.00,200,32225
20220209,14:19,390.75,390.75,390.15,390.15,100,32275
20220209,14:20,398.75,398.75,398.75,398.75,50,32275
20220209,14:21,398.75,398.75,387.00,387.00,75,32275
20220209,14:22,382.55,387.15,382.55,387.15,50,32275
20220209,14:23,381.70,381.70,369.00,370.10,225,32275
20220209,14:25,374.85,374.85,374.85,374.85,50,32275
20220209,14:28,370.45,376.00,369.00,376.00,75,32275
20220209,14:29,379.10,379.35,377.15,379.35,75,32275
20220209,14:30,379.60,383.00,379.60,383.00,75,32275
20220209,14:31,375.65,375.65,375.65,375.65,25,32225
20220209,14:32,377.65,377.65,377.65,377.65,25,32225
20220209,14:33,382.80,383.90,382.80,383.90,75,32225
20220209,14:34,381.85,381.85,381.85,381.85,25,32175
20220209,14:37,381.85,381.85,381.85,381.85,25,32150
20220209,14:38,378.65,378.65,378.65,378.65,25,32150
20220209,14:40,367.00,369.70,367.00,369.70,125,32150
20220209,14:41,375.00,375.00,375.00,375.00,25,32150
20220209,14:46,373.30,373.30,373.30,373.30,50,32050
20220209,14:49,378.10,378.10,378.10,378.10,25,32075
20220209,14:56,380.45,380.45,380.45,380.45,50,32000
20220209,14:58,380.00,380.00,380.00,380.00,50,31975
20220209,14:59,385.75,385.75,383.65,383.65,125,31975
20220209,15:03,375.65,375.65,375.65,375.65,25,31925
20220209,15:04,380.00,380.00,380.00,380.00,25,31950
20220209,15:05,380.00,380.00,380.00,380.00,25,31950
20220209,15:06,377.05,380.00,377.05,380.00,100,31950
20220209,15:08,390.00,390.00,390.00,390.00,50,31900
20220209,15:09,399.50,400.00,399.50,400.00,100,31900
20220209,15:10,397.05,397.05,397.05,397.05,50,31900
20220209,15:11,395.05,395.05,395.05,395.05,25,31900
20220209,15:13,397.05,397.90,397.05,397.90,200,31875
20220209,15:16,390.70,390.70,390.00,390.00,650,31750
20220209,15:17,390.60,390.60,386.65,386.65,150,31750
20220209,15:18,388.25,390.00,386.60,386.60,125,31750
20220209,15:19,392.30,392.30,392.30,392.30,50,31575
20220209,15:20,392.20,392.20,392.20,392.20,25,31575
20220209,15:21,393.10,398.20,393.10,398.20,250,31575
20220209,15:22,399.15,399.15,399.15,399.15,25,31675
20220209,15:24,400.10,400.10,400.10,400.10,25,31675
20220209,15:26,409.20,409.20,409.20,409.20,275,31675
20220209,15:27,402.10,402.10,392.90,392.90,500,31675
20220209,15:28,398.50,398.50,393.75,397.45,225,31050
20220209,15:29,402.40,402.40,400.00,400.00,50,31050
20220210,09:15,410.00,410.25,401.55,406.05,476,30900
20220210,09:16,409.40,409.40,401.55,406.00,250,30900
20220210,09:17,408.95,410.35,400.00,400.00,350,30975
20220210,09:18,395.00,395.00,393.55,393.55,75,30975
20220210,09:19,393.55,393.55,388.00,388.00,225,30975
20220210,09:20,388.00,389.25,388.00,389.25,75,30975
20220210,09:21,390.00,390.00,375.20,375.20,550,31100
20220210,09:22,375.20,381.05,375.20,379.60,200,31100
20220210,09:23,381.05,387.65,381.05,387.05,125,31100
20220210,09:24,394.15,400.95,394.15,400.95,225,30950
20220210,09:25,401.40,403.00,400.95,402.50,300,30950
20220210,09:26,402.90,402.90,397.30,397.30,75,30950
20220210,09:27,400.05,404.90,395.50,395.50,175,30900
20220210,09:28,394.50,394.50,389.60,391.95,100,30900
20220210,09:29,395.00,395.00,389.60,389.60,175,30950
20220210,09:30,381.00,381.00,370.00,370.00,125,30950
20220210,09:31,370.00,383.70,370.00,383.55,175,30950
20220210,09:33,398.05,398.05,396.45,396.45,50,30875
20220210,09:34,399.45,399.45,394.40,395.55,250,30875
20220210,09:35,400.00,401.90,398.85,401.90,125,30975
20220210,09:36,394.35,394.35,394.35,394.35,25,30975
20220210,09:37,390.00,390.00,390.00,390.00,25,30975
20220210,09:38,395.10,397.75,395.10,397.75,100,30975
20220210,09:39,397.75,402.00,397.75,402.00,50,31050
20220210,09:41,395.70,395.70,390.00,390.00,200,31075
20220210,09:42,389.50,392.00,389.50,390.45,200,31075
20220210,09:43,389.20,389.20,389.20,389.20,225,31075
20220210,09:44,384.00,389.45,384.00,389.45,250,31250
20220210,09:45,386.55,386.55,375.65,380.15,700,31250
20220210,09:46,376.55,386.85,376.55,386.85,200,31250
20220210,09:47,389.65,391.60,389.65,391.50,75,31250
20220210,09:49,393.00,393.00,393.00,393.00,25,31600
20220210,09:50,386.00,386.00,384.55,384.55,75,31600
20220210,09:52,391.25,391.25,390.00,390.00,175,31600
20220210,09:54,386.35,386.35,386.35,386.35,25,31675
20220210,09:55,386.35,386.35,386.35,386.35,25,31675
20220210,09:57,380.20,380.20,380.20,380.20,25,31600
20220210,09:58,369.20,369.20,369.20,369.20,25,31600
20220210,09:59,358.85,359.00,358.85,359.00,100,31575
20220210,10:00,346.60,361.05,346.55,361.05,250,31575
20220210,10:01,359.85,371.80,359.85,371.80,200,31575
20220210,10:02,370.00,370.00,370.00,370.00,25,31575
20220210,10:04,358.75,358.75,358.75,358.75,25,31275
20220210,10:07,397.10,402.60,395.80,402.60,175,31275
20220210,10:08,424.70,435.45,424.70,428.80,425,31275
20220210,10:09,429.35,437.15,429.35,431.35,350,31400
20220210,10:10,435.65,437.40,430.35,430.35,1000,31400
20220210,10:11,425.40,429.25,416.55,424.65,450,31525
20220210,10:12,426.00,435.45,426.00,434.20,625,31525
20220210,10:13,434.45,434.45,432.60,432.60,100,31525
20220210,10:14,432.60,432.60,428.85,428.85,75,31525
20220210,10:15,428.70,431.50,424.85,431.50,250,31700
20220210,10:16,431.50,431.85,431.00,431.00,100,31700
20220210,10:18,428.05,432.00,419.50,419.50,100,31750
20220210,10:19,415.20,415.20,405.00,409.90,300,31750
20220210,10:20,400.65,402.00,385.05,385.05,475,31750
20220210,10:21,383.05,402.00,383.05,402.00,50,31625
20220210,10:22,406.50,406.50,401.30,401.30,75,31625
20220210,10:23,419.00,419.00,419.00,419.00,25,31625
20220210,10:25,429.75,445.00,429.55,445.00,325,31675
20220210,10:26,448.00,456.55,446.55,448.00,275,31675
20220210,10:27,451.40,451.40,446.00,447.85,175,31625
20220210,10:28,452.45,455.90,448.15,455.45,350,31625
20220210,10:29,455.50,466.15,455.50,466.15,300,31475
20220210,10:30,466.15,466.15,457.00,463.95,325,31475
20220210,10:31,463.80,480.00,463.80,480.00,150,31475
20220210,10:32,485.50,490.00,485.50,489.80,300,31475
20220210,10:33,496.50,507.85,496.50,505.95,500,31250
20220210,10:34,503.85,503.85,497.25,497.25,375,31250
20220210,10:35,483.20,488.90,483.20,488.90,400,31175
20220210,10:36,488.90,491.30,488.90,491.30,750,31175
20220210,10:37,499.95,501.80,494.05,499.05,425,31175
20220210,10:38,497.15,510.00,497.15,510.00,75,31175
20220210,10:39,515.00,527.00,515.00,523.65,500,31375
20220210,10:40,514.15,520.00,509.70,509.70,475,31375
20220210,10:41,517.05,522.00,516.10,522.00,175,31375
20220210,10:42,529.75,540.00,529.75,535.30,525,31375
20220210,10:43,539.10,545.00,538.00,542.35,325,31375
20220210,10:44,547.15,553.00,541.70,553.00,225,31375
20220210,10:45,553.00,567.95,553.00,563.55,1150,31450
20220210,10:46,562.35,566.75,546.85,549.10,1525,31450
20220210,10:47,547.45,557.10,546.25,548.70,1600,31625
20220210,10:48,543.85,543.85,512.90,512.90,1175,31625
20220210,10:49,514.10,545.45,512.30,545.45,300,31625
20220210,10:50,552.40,552.40,536.50,536.50,175,31625
20220210,10:51,528.05,537.00,528.05,533.30,375,31325
20220210,10:52,533.15,537.60,533.15,537.60,250,31325
20220210,10:53,535.15,535.15,535.15,535.15,75,31325
20220210,10:54,536.35,541.45,532.00,541.45,125,31275
20220210,10:55,551.65,551.65,546.00,549.70,125,31275
20220210,10:56,550.00,550.55,549.20,550.00,300,31275
20220210,10:57,546.00,546.00,545.95,545.95,100,31125
20220210,10:58,553.30,555.80,551.15,551.15,175,31125
20220210,10:59,555.50,555.50,550.00,550.00,500,31125
20220210,11:00,546.60,549.95,546.60,547.15,75,31125
20220210,11:01,545.00,572.00,545.00,572.00,775,31125
20220210,11:02,579.90,583.75,571.00,573.05,400,31150
20220210,11:03,576.90,578.60,576.00,578.60,575,31150
20220210,11:04,580.00,586.90,580.00,586.90,250,31150
20220210,11:05,589.30,590.95,589.30,590.95,900,31375
20220210,11:06,587.35,587.35,578.00,578.00,325,31375
20220210,11:07,576.95,583.85,572.45,574.50,200,31375
20220210,11:08,584.75,588.25,583.65,588.25,125,31375
20220210,11:09,589.95,589.95,580.70,581.00,825,31500
20220210,11:10,580.00,580.00,565.00,572.70,450,31500
20220210,11:11,574.10,582.00,572.00,576.35,550,31500
20220210,11:12,576.00,576.00,570.00,572.00,125,32375
20220210,11:13,571.50,571.50,571.00,571.00,75,32375
20220210,11:14,570.00,570.00,567.70,567.70,75,32375
20220210,11:15,570.15,570.15,570.15,570.15,25,32400
20220210,11:16,573.05,573.05,551.30,551.30,325,32400
20220210,11:17,554.35,554.35,542.35,542.35,550,32400
20220210,11:18,549.00,562.20,549.00,562.20,225,32875
20220210,11:19,562.20,563.55,560.00,560.00,75,32875
20220210,11:20,555.05,559.00,552.10,557.00,175,32875
20220210,11:21,552.50,553.00,552.00,552.00,225,32750
20220210,11:22,552.00,552.00,540.00,542.00,375,32750
20220210,11:23,549.00,549.00,542.85,542.85,50,32750
20220210,11:24,539.30,539.95,538.00,538.00,100,32725
20220210,11:25,520.00,520.45,518.05,518.05,150,32725
20220210,11:26,517.00,539.00,517.00,539.00,450,32725
20220210,11:28,546.95,548.85,545.00,547.00,300,32375
20220210,11:29,551.20,551.20,545.00,545.00,100,32375
20220210,11:30,547.95,560.00,547.95,556.15,600,32575
20220210,11:31,558.95,558.95,557.25,557.25,125,32575
20220210,11:32,552.00,556.00,552.00,555.00,275,32575
20220210,11:33,555.00,561.30,555.00,561.00,75,33225
20220210,11:34,561.00,561.00,559.20,559.20,125,33225
20220210,11:35,555.20,561.00,553.00,553.00,375,33225
20220210,11:37,550.00,556.35,550.00,556.35,150,33400
20220210,11:38,544.00,544.00,544.00,544.00,100,33400
20220210,11:39,558.30,558.30,558.30,558.30,50,33200
20220210,11:40,563.15,563.15,563.15,563.15,25,33200
20220210,11:41,571.00,571.95,571.00,571.95,175,33200
20220210,11:42,578.00,578.00,570.65,570.65,225,33350
20220210,11:43,566.95,566.95,562.45,562.45,150,33350
20220210,11:44,567.80,567.80,567.80,567.80,50,33350
20220210,11:45,573.90,575.00,573.90,575.00,75,33575
20220210,11:46,574.00,574.00,565.00,567.10,150,33575
20220210,11:47,567.95,567.95,567.95,567.95,75,33575
20220210,11:48,565.95,565.95,559.05,559.05,125,33600
20220210,11:49,559.05,559.65,559.05,559.65,75,33600
20220210,11:50,571.95,574.80,571.25,571.25,175,33600
20220210,11:51,575.00,585.00,575.00,585.00,850,33525
20220210,11:52,585.00,585.00,579.00,580.85,125,33525
20220210,11:53,580.00,580.00,560.00,560.00,175,33525
20220210,11:54,569.85,569.85,567.85,567.85,50,33350
20220210,11:55,575.00,575.00,573.40,573.40,50,33350
20220210,11:56,575.95,578.50,575.95,578.50,125,33350
20220210,11:57,574.30,574.30,568.30,568.30,75,33400
20220210,11:58,564.45,566.05,564.45,566.05,100,33400
20220210,11:59,565.20,567.30,565.20,567.30,75,33400
20220210,12:00,570.55,570.55,570.55,570.55,25,33400
20220210,12:01,570.55,570.55,570.55,570.55,25,33400
20220210,12:02,568.90,568.90,568.90,568.90,25,33400
20220210,12:03,566.25,569.95,566.25,569.95,50,33425
20220210,12:04,563.70,568.40,563.70,568.40,50,33425
20220210,12:05,564.45,569.40,558.90,569.40,100,33425
20220210,12:06,574.95,574.95,570.00,570.00,650,33475
20220210,12:07,568.75,568.75,565.05,565.05,50,33475
20220210,12:10,569.85,569.85,569.85,569.85,50,33925
20220210,12:11,568.65,568.65,568.65,568.65,25,33925
20220210,12:12,555.10,555.10,555.10,555.10,25,33950
20220210,12:13,554.95,554.95,540.95,540.95,975,33950
20220210,12:14,538.60,546.00,538.60,546.00,225,33950
20220210,12:15,549.40,560.05,549.40,560.05,525,33775
20220210,12:16,560.05,560.05,558.90,558.90,350,33775
20220210,12:17,555.50,557.95,555.50,557.95,50,33775
20220210,12:18,556.20,556.20,538.00,543.70,250,34150
20220210,12:19,537.50,537.50,537.50,537.50,25,34150
20220210,12:20,533.70,537.05,533.70,535.15,225,34150
20220210,12:21,530.00,530.00,517.60,526.75,250,34025
20220210,12:22,527.50,531.25,527.50,531.25,125,34025
20220210,12:23,542.95,547.35,533.00,533.00,525,34025
20220210,12:24,524.35,528.75,524.35,528.75,125,33550
20220210,12:26,532.40,540.00,532.40,540.00,50,33550
20220210,12:27,539.90,539.90,520.15,520.15,175,33275
20220210,12:29,533.85,534.00,533.85,534.00,200,33275
20220210,12:30,544.65,558.05,544.65,554.00,250,33275
20220210,12:31,554.00,554.00,554.00,554.00,25,33275
20220210,12:32,554.30,554.30,554.30,554.30,75,33275
20220210,12:33,541.90,541.90,541.60,541.60,100,33275
20220210,12:35,547.65,547.65,547.65,547.65,500,33325
20220210,12:36,547.65,548.05,547.65,548.05,100,33575
20220210,12:37,546.70,548.90,546.70,548.90,75,33575
20220210,12:38,548.40,549.80,547.05,549.80,150,33575
20220210,12:39,549.00,552.50,549.00,552.50,50,33400
20220210,12:41,563.00,570.00,562.35,570.00,125,33400
20220210,12:42,570.00,570.00,570.00,570.00,75,33400
20220210,12:43,570.25,575.00,570.25,575.00,550,33400
20220210,12:44,570.15,574.00,570.15,574.00,125,33400
20220210,12:45,574.00,585.00,574.00,581.05,700,33475
20220210,12:46,584.80,584.80,565.05,565.05,475,33475
20220210,12:47,568.00,575.00,568.00,575.00,500,33475
20220210,12:48,572.05,575.00,572.05,575.00,825,33925
20220210,12:49,579.00,579.00,572.45,572.45,125,33925
20220210,12:50,572.45,577.45,572.45,575.00,150,33925
20220210,12:51,578.55,581.95,578.55,581.95,125,33750
20220210,12:52,581.00,588.10,579.70,588.10,450,33750
20220210,12:53,590.95,590.95,586.05,586.55,275,33750
20220210,12:54,587.00,587.90,580.95,585.00,150,33925
20220210,12:55,587.90,600.00,587.90,600.00,400,33925
20220210,12:56,600.00,604.95,600.00,600.00,650,33925
20220210,12:57,600.00,604.00,596.00,604.00,675,34025
20220210,12:58,607.20,607.20,605.95,605.95,225,34025
20220210,12:59,605.00,605.00,604.00,604.00,225,34025
20220210,13:00,607.05,613.95,607.05,613.95,225,33675
20220210,13:01,614.95,614.95,614.95,614.95,75,33675
20220210,13:02,614.95,617.95,614.95,617.95,350,33675
20220210,13:03,614.15,617.70,614.05,616.00,500,33125
20220210,13:04,614.00,615.50,591.70,596.00,800,33125
20220210,13:05,599.45,599.45,580.20,589.45,825,33125
20220210,13:06,590.00,590.00,590.00,590.00,25,33125
20220210,13:07,590.00,590.00,588.00,588.00,1275,33050
20220210,13:08,597.05,609.90,596.25,603.05,775,33050
20220210,13:09,609.00,613.35,609.00,613.35,350,33250
20220210,13:10,614.75,614.75,603.00,603.00,525,33250
20220210,13:11,596.70,596.70,590.00,590.00,800,33250
20220210,13:12,589.95,593.45,585.25,586.15,225,33100
20220210,13:13,598.45,598.60,596.55,598.60,250,33100
20220210,13:15,605.80,605.80,597.65,600.00,175,33200
20220210,13:16,592.60,593.00,586.05,586.05,400,33200
20220210,13:17,596.00,601.60,595.20,601.60,425,33200
20220210,13:18,604.45,604.45,595.20,595.20,100,32850
20220210,13:19,580.00,580.00,562.00,574.25,700,32850
20220210,13:20,567.05,570.35,554.00,560.10,650,32850
20220210,13:21,563.45,576.00,563.45,576.00,500,32850
20220210,13:22,578.15,598.70,578.15,598.70,500,32775
20220210,13:23,597.85,597.85,584.25,590.00,75,32775
20220210,13:24,592.15,593.05,591.55,593.05,175,32600
20220210,13:25,594.75,594.75,591.00,592.50,125,32600
20220210,13:26,590.00,590.00,589.55,589.55,175,32600
20220210,13:27,589.15,593.00,589.15,591.00,100,32675
20220210,13:28,591.05,591.20,588.75,591.20,125,32675
20220210,13:29,588.80,591.50,585.00,591.50,175,32675
20220210,13:30,596.90,596.90,590.05,590.05,50,32675
20220210,13:31,595.00,596.00,595.00,596.00,50,32675
20220210,13:32,598.00,598.00,598.00,598.00,25,32675
20220210,13:33,603.00,603.00,596.00,596.00,250,32625
20220210,13:34,596.00,596.00,584.20,584.20,250,32625
20220210,13:35,583.00,589.80,583.00,586.65,150,32625
20220210,13:36,587.05,595.95,585.00,585.00,250,32625
20220210,13:37,589.75,589.75,586.80,586.80,50,32625
20220210,13:40,592.95,592.95,589.40,592.00,225,32675
20220210,13:42,600.00,605.00,597.00,602.00,175,32750
20220210,13:43,602.00,602.00,597.05,599.15,150,32750
20220210,13:46,599.10,599.15,595.50,595.50,100,32750
20220210,13:47,600.00,600.00,600.00,600.00,50,32750
20220210,13:48,597.00,597.00,597.00,597.00,25,32750
20220210,13:49,596.05,598.30,595.50,595.80,200,32825
20220210,13:50,598.00,605.70,598.00,605.70,450,32825
20220210,13:51,605.35,607.00,597.45,597.45,700,33325
20220210,13:52,593.95,593.95,580.00,580.20,625,33325
20220210,13:53,592.90,596.00,592.90,594.05,325,33325
20220210,13:54,596.65,596.65,596.65,596.65,25,33500
20220210,13:55,596.25,596.25,590.00,590.00,175,33500
20220210,13:57,580.00,582.40,571.05,573.75,200,33675
20220210,13:58,567.30,575.15,562.10,575.15,400,33675
20220210,13:59,570.05,570.05,559.35,559.35,175,33675
20220210,14:00,550.80,570.60,545.35,569.00,1550,33175
20220210,14:01,566.00,566.00,564.05,564.50,175,33175
20220210,14:02,566.15,566.15,558.95,558.95,375,33175
20220210,14:03,561.75,561.75,543.15,550.00,375,33175
20220210,14:04,563.50,567.45,561.65,564.00,325,33375
20220210,14:05,574.50,577.75,573.25,576.95,225,33375
20220210,14:06,572.25,575.85,572.25,575.85,200,33500
20220210,14:07,576.00,576.00,576.00,576.00,525,33500
20220210,14:08,570.00,570.00,570.00,570.00,75,33500
20220210,14:09,570.00,570.00,570.00,570.00,25,33500
20220210,14:10,568.05,571.40,565.80,567.80,150,33725
20220210,14:11,572.40,572.40,572.40,572.40,125,33725
20220210,14:12,567.95,567.95,567.95,567.95,125,33850
20220210,14:14,564.15,566.75,564.15,566.50,150,33850
20220210,14:15,570.00,582.00,570.00,582.00,550,33850
20220210,14:16,578.75,579.20,577.15,579.20,125,33875
20220210,14:17,576.15,577.95,575.40,577.95,275,33875
20220210,14:18,575.15,579.00,575.00,579.00,175,33575
20220210,14:19,579.30,580.40,579.10,579.10,400,33575
20220210,14:21,569.35,569.35,569.35,569.35,125,33575
20220210,14:22,566.25,570.00,566.25,570.00,225,33650
20220210,14:23,566.00,566.00,554.00,554.00,700,33650
20220210,14:24,554.00,554.00,543.00,544.20,325,33600
20220210,14:25,544.00,546.05,538.00,545.00,300,33600
20220210,14:26,550.25,552.00,545.00,548.00,275,33600
20220210,14:27,551.00,560.00,551.00,557.25,75,33600
20220210,14:28,550.00,551.30,543.80,548.60,200,33500
20220210,14:29,547.05,551.80,545.00,546.00,325,33500
20220210,14:30,548.55,548.55,546.50,546.50,50,33500
20220210,14:31,556.20,556.20,556.20,556.20,25,33600
20220210,14:32,552.00,552.00,550.80,550.80,100,33600
20220210,14:33,555.05,555.05,555.05,555.05,25,33600
20220210,14:34,550.00,550.00,550.00,550.00,75,33200
20220210,14:35,555.00,561.05,555.00,561.05,200,33200
20220210,14:36,556.40,556.40,556.40,556.40,25,33200
20220210,14:38,550.00,550.00,546.15,546.15,225,33200
20220210,14:39,546.50,546.50,541.90,541.90,125,33200
20220210,14:40,541.50,541.50,525.00,536.60,375,33325
20220210,14:41,531.15,531.15,527.00,530.05,300,33325
20220210,14:42,536.00,546.60,536.00,544.20,175,33400
20220210,14:43,546.55,546.55,542.55,542.55,75,33400
20220210,14:44,550.00,550.00,550.00,550.00,100,33400
20220210,14:45,550.85,555.00,550.00,550.05,175,33400
20220210,14:46,551.60,551.60,551.60,551.60,25,33325
20220210,14:48,536.00,537.05,536.00,536.60,75,33325
20220210,14:49,530.00,530.00,530.00,530.00,25,33325
20220210,14:50,540.00,540.60,536.40,540.60,125,33325
20220210,14:51,541.00,541.00,541.00,541.00,50,33325
20220210,14:52,527.00,527.25,524.30,527.25,75,33425
20220210,14:53,528.85,531.50,527.60,531.05,375,33425
20220210,14:54,535.00,535.00,527.25,528.95,75,33675
20220210,14:55,529.05,535.65,529.05,535.65,75,33675
20220210,14:57,535.65,540.60,535.65,540.60,125,33675
20220210,14:58,539.10,539.10,539.10,539.10,25,33675
20220210,14:59,537.65,537.65,537.65,537.65,100,33675
20220210,15:00,539.10,541.40,530.00,539.05,425,33650
20220210,15:01,540.80,540.80,536.55,538.80,100,33650
20220210,15:02,527.75,530.15,527.75,530.15,125,33650
20220210,15:03,529.00,530.00,527.00,530.00,125,33650
20220210,15:04,526.10,528.55,515.25,518.35,600,33575
20220210,15:05,524.75,527.65,523.00,523.00,275,33575
20220210,15:06,523.00,523.85,523.00,523.85,75,33575
20220210,15:07,521.90,530.25,521.90,530.25,200,33725
20220210,15:08,530.20,535.70,530.20,531.65,425,33725
20220210,15:09,530.65,534.35,530.65,534.35,150,33725
20220210,15:10,533.85,533.85,528.05,528.05,350,33650
20220210,15:11,527.35,527.35,518.05,518.95,300,33650
20220210,15:12,517.00,517.00,510.00,510.00,250,33875
20220210,15:13,509.05,512.80,497.95,497.95,425,33875
20220210,15:14,498.00,504.00,483.50,487.00,2000,33875
20220210,15:15,485.00,499.95,470.00,499.95,825,34975
20220210,15:16,502.05,512.90,502.05,512.90,1275,34975
20220210,15:17,515.00,519.00,501.55,501.55,650,34975
20220210,15:18,500.00,508.00,499.05,504.70,625,34975
20220210,15:19,501.05,508.55,501.00,508.55,75,33750
20220210,15:20,502.75,504.40,500.75,502.20,550,33750
20220210,15:21,501.00,501.00,494.50,494.50,150,34100
20220210,15:22,494.00,496.80,492.05,492.05,1350,34100
20220210,15:23,491.70,491.70,486.80,486.80,675,34100
20220210,15:24,481.60,481.60,468.80,472.35,1650,34100
20220210,15:25,475.15,479.00,462.65,463.05,1925,35475
20220210,15:26,466.45,469.00,462.60,467.65,1300,35475
20220210,15:27,463.00,467.45,461.00,461.00,1925,35475
20220210,15:28,468.00,470.85,462.75,469.25,4850,36800
20220210,15:29,468.25,507.15,465.30,507.15,700,36800
20220211,09:15,314.20,341.20,302.60,341.20,427,39175
20220211,09:16,338.25,361.85,338.25,347.85,1400,39175
20220211,09:17,343.60,348.40,343.60,346.85,1025,38700
20220211,09:18,345.00,355.85,339.00,350.50,550,38700
20220211,09:19,355.25,367.95,354.65,356.95,325,38700
20220211,09:20,350.00,374.90,350.00,374.90,200,38725
20220211,09:21,373.20,376.05,370.00,373.10,275,38725
20220211,09:22,369.65,369.65,365.85,365.85,300,38725
20220211,09:23,364.25,369.55,362.60,367.55,475,38575
20220211,09:24,363.30,365.65,359.00,359.00,525,38575
20220211,09:25,357.90,357.90,349.30,351.85,450,38575
20220211,09:26,347.15,347.15,332.80,338.65,375,37850
20220211,09:27,347.65,347.65,347.50,347.50,150,37850
20220211,09:28,355.00,369.35,355.00,363.75,375,37850
20220211,09:29,366.05,393.15,363.00,388.35,325,37950
20220211,09:30,383.30,383.30,368.10,378.40,300,37950
20220211,09:31,377.05,377.15,375.00,377.15,150,37950
20220211,09:32,378.85,385.00,378.85,380.25,250,37925
20220211,09:33,380.05,383.15,380.05,383.15,50,37925
20220211,09:34,387.85,387.85,379.95,382.90,200,37925
20220211,09:35,375.00,375.00,370.00,370.00,50,38050
20220211,09:36,360.15,385.00,360.15,382.15,350,38050
20220211,09:37,383.80,386.05,379.30,386.05,125,38050
20220211,09:38,384.75,390.00,384.75,390.00,75,38050
20220211,09:39,393.05,399.00,391.45,391.45,275,38225
20220211,09:40,386.95,390.05,386.95,389.45,200,38225
20220211,09:41,389.45,389.55,385.00,386.90,225,38300
20220211,09:42,390.45,395.00,388.70,394.30,125,38300
20220211,09:43,393.55,393.55,387.20,389.35,75,38300
20220211,09:45,370.00,370.00,370.00,370.00,25,38250
20220211,09:46,363.00,363.80,360.55,360.55,250,38250
20220211,09:47,364.30,366.05,363.65,363.65,150,38400
20220211,09:48,365.00,365.00,365.00,365.00,25,38400
20220211,09:49,365.90,365.90,357.55,361.05,150,38400
20220211,09:50,350.00,353.60,350.00,350.15,475,38375
20220211,09:51,351.30,351.30,351.15,351.15,100,38375
20220211,09:52,350.75,350.75,350.75,350.75,25,38375
20220211,09:53,343.00,344.50,343.00,344.50,50,38275
20220211,09:54,346.65,346.65,343.75,343.75,150,38275
20220211,09:56,344.25,348.85,344.25,348.85,75,38275
20220211,09:57,354.55,354.55,350.25,350.25,50,38275
20220211,09:58,345.50,345.50,345.50,345.50,200,38275
20220211,10:00,340.05,340.05,327.95,331.25,400,38500
20220211,10:01,333.85,337.95,333.85,337.95,75,38500
20220211,10:02,332.60,338.55,332.60,338.55,50,38450
20220211,10:03,343.80,352.00,343.80,351.30,250,38450
20220211,10:04,339.90,339.90,339.90,339.90,25,38450
20220211,10:05,339.50,339.50,320.90,321.00,300,38100
20220211,10:06,321.65,332.60,321.65,332.60,75,38100
20220211,10:07,330.95,330.95,328.05,328.05,50,38100
20220211,10:08,325.00,325.00,315.00,315.00,100,38100
20220211,10:09,313.50,315.90,310.00,310.85,575,38100
20220211,10:10,307.50,307.50,298.70,298.70,525,38100
20220211,10:11,298.70,312.00,298.70,302.70,850,38600
20220211,10:12,304.50,309.50,304.45,309.50,150,38600
20220211,10:13,307.80,308.50,306.90,306.90,100,38600
20220211,10:14,302.45,307.35,302.45,307.35,200,38500
20220211,10:15,300.00,305.10,290.00,290.00,425,38500
20220211,10:16,296.35,298.00,295.20,298.00,275,38500
20220211,10:17,294.05,294.20,288.65,294.20,350,38125
20220211,10:18,291.20,299.00,291.15,291.15,300,38125
20220211,10:19,295.00,305.05,295.00,305.05,400,38125
20220211,10:20,300.70,304.80,295.70,304.30,175,38250
20220211,10:21,308.75,309.80,302.20,302.20,300,38250
20220211,10:22,307.85,307.85,307.85,307.85,25,38250
20220211,10:23,314.60,314.60,305.75,307.15,200,38375
20220211,10:24,303.70,303.70,302.05,302.80,150,38375
20220211,10:25,314.00,315.00,314.00,315.00,75,38375
20220211,10:26,317.00,317.00,314.05,316.50,1125,37775
20220211,10:27,318.65,318.65,311.80,311.80,100,37775
20220211,10:28,317.60,317.60,315.35,315.35,75,37775
20220211,10:29,315.05,316.00,312.85,312.85,150,37800
20220211,10:30,303.00,303.00,300.00,301.95,125,37800
20220211,10:31,304.60,310.35,304.60,310.35,275,37800
20220211,10:32,302.15,302.15,300.15,300.15,50,37800
20220211,10:34,300.25,304.40,300.25,304.40,525,37750
20220211,10:35,302.65,303.20,299.00,303.20,150,37750
20220211,10:36,298.70,303.20,298.70,303.20,400,37825
20220211,10:37,304.45,306.70,301.90,301.90,200,37825
20220211,10:39,296.45,296.45,296.45,296.45,75,37975
20220211,10:41,303.00,303.00,303.00,303.00,25,37975
20220211,10:42,309.30,309.30,309.30,309.30,25,37950
20220211,10:43,306.90,306.90,306.90,306.90,275,37950
20220211,10:44,307.80,307.80,304.90,305.70,75,37950
20220211,10:45,303.50,312.30,303.50,310.10,125,37950
20220211,10:46,304.80,310.20,304.80,310.20,50,37950
20220211,10:47,321.70,322.20,316.55,317.30,150,38225
20220211,10:48,317.10,317.35,317.10,317.35,50,38225
20220211,10:49,309.40,309.40,309.40,309.40,50,38225
20220211,10:50,312.80,312.80,312.80,312.80,25,38250
20220211,10:51,312.25,314.25,310.00,313.80,425,38250
20220211,10:53,315.15,315.15,309.65,309.65,75,38175
20220211,10:54,303.00,308.50,303.00,308.50,75,38175
20220211,10:55,310.00,310.00,300.25,300.25,300,38175
20220211,10:56,300.00,300.00,300.00,300.00,50,38175
20220211,11:00,306.90,311.30,306.90,311.20,300,38025
20220211,11:02,302.00,302.00,302.00,302.00,100,38025
20220211,11:04,300.00,300.00,300.00,300.00,25,38300
20220211,11:05,297.80,297.80,297.80,297.80,25,38300
20220211,11:06,300.65,300.65,300.65,300.65,50,37950
20220211,11:08,304.00,304.00,304.00,304.00,25,37950
20220211,11:09,299.80,299.80,299.80,299.80,25,37900
20220211,11:10,300.35,300.35,300.35,300.35,25,37900
20220211,11:11,311.40,311.40,306.85,308.75,225,38000
20220211,11:12,305.95,305.95,305.95,305.95,25,38000
20220211,11:13,305.00,305.65,305.00,305.30,150,38000
20220211,11:14,308.50,308.50,304.75,304.75,75,38000
20220211,11:15,309.50,309.50,306.25,306.25,50,38150
20220211,11:16,301.90,306.25,301.90,306.25,50,38150
20220211,11:18,308.50,308.50,308.50,308.50,25,38200
20220211,11:19,306.85,306.85,306.85,306.85,50,38200
20220211,11:21,308.60,308.60,307.65,307.85,75,38125
20220211,11:23,307.65,307.65,307.65,307.65,25,38125
20220211,11:24,298.35,298.35,298.35,298.35,25,38200
20220211,11:25,298.40,298.40,298.40,298.40,25,38200
20220211,11:26,305.35,308.00,305.35,308.00,75,38200
20220211,11:28,302.55,303.70,302.55,303.70,225,38150
20220211,11:29,304.35,304.35,304.00,304.00,100,38100
20220211,11:30,305.70,305.70,305.70,305.70,75,38100
20220211,11:31,302.35,302.35,299.75,299.75,75,38100
20220211,11:35,299.30,299.30,299.30,299.30,25,37950
20220211,11:36,297.05,299.45,293.00,299.45,375,37925
20220211,11:37,297.10,297.10,294.30,295.65,125,37925
20220211,11:38,296.50,296.50,293.30,293.45,150,37925
20220211,11:39,300.00,301.85,300.00,301.85,50,37875
20220211,11:40,300.15,300.15,298.40,298.40,50,37875
20220211,11:41,300.00,306.90,300.00,305.10,275,37875
20220211,11:43,311.95,311.95,311.95,311.95,50,37750
20220211,11:44,311.40,315.35,311.40,315.35,125,37750
20220211,11:45,313.10,313.10,313.10,313.10,25,37850
20220211,11:46,313.35,313.35,313.35,313.35,25,37850
20220211,11:47,315.00,327.15,315.00,327.15,125,37850
20220211,11:48,320.05,320.05,320.05,320.05,50,37775
20220211,11:49,320.00,320.00,320.00,320.00,50,37775
20220211,11:50,320.70,322.50,320.70,322.50,50,37825
20220211,11:51,323.00,327.90,323.00,327.90,1025,37825
20220211,11:52,329.00,329.00,317.50,321.95,1175,37825
20220211,11:53,319.85,319.85,317.75,317.75,50,37825
20220211,11:54,317.75,319.25,317.75,319.25,50,37950
20220211,11:55,315.55,319.40,315.55,317.95,150,37950
20220211,11:56,317.95,318.50,317.95,318.50,50,37950
20220211,11:57,318.00,318.00,317.80,317.80,50,38050
20220211,11:59,321.65,322.65,321.65,322.65,50,38050
20220211,12:00,320.90,320.90,320.90,320.90,25,37775
20220211,12:02,322.00,322.00,304.50,304.50,125,37775
20220211,12:03,305.55,305.55,305.55,305.55,100,37700
20220211,12:05,303.00,303.00,300.40,300.40,275,37700
20220211,12:06,297.15,300.65,297.15,300.65,175,37975
20220211,12:07,301.65,301.65,301.65,301.65,25,37975
20220211,12:08,302.40,302.40,301.65,301.65,75,37975
20220211,12:09,304.00,304.00,304.00,304.00,25,37850
20220211,12:10,297.75,299.10,295.00,299.10,150,37850
20220211,12:11,300.00,302.80,300.00,302.80,275,37850
20220211,12:12,308.00,315.35,308.00,315.35,275,37700
20220211,12:13,309.75,309.75,309.75,309.75,25,37700
20220211,12:15,309.75,309.75,309.75,309.75,25,37800
20220211,12:16,313.45,313.45,309.45,309.45,100,37800
20220211,12:17,306.60,306.60,306.60,306.60,50,37800
20220211,12:18,311.10,311.10,310.45,310.45,175,37825
20220211,12:19,309.90,309.90,309.90,309.90,25,37825
20220211,12:20,303.40,303.40,303.00,303.00,75,37825
20220211,12:21,307.15,307.15,307.15,307.15,25,38125
20220211,12:22,302.55,302.75,302.55,302.75,50,38125
20220211,12:23,300.00,300.00,300.00,300.00,25,38125
20220211,12:25,305.05,305.05,305.05,305.05,25,38125
20220211,12:26,309.75,310.80,306.05,306.05,275,38125
20220211,12:27,300.80,306.05,300.80,306.05,50,37925
20220211,12:28,306.00,306.00,305.85,305.85,150,37925
20220211,12:29,308.00,308.00,308.00,308.00,25,37925
20220211,12:30,311.80,311.80,310.95,310.95,50,37925
20220211,12:31,307.30,307.30,307.30,307.30,25,37925
20220211,12:32,306.30,306.30,301.95,304.15,100,37925
20220211,12:33,306.90,307.45,305.00,307.45,125,37750
20220211,12:34,310.00,310.00,309.60,309.60,50,37750
20220211,12:36,319.15,322.05,319.15,322.05,325,37850
20220211,12:37,320.15,320.15,316.25,316.25,50,37850
20220211,12:38,323.75,326.05,319.95,325.30,325,37850
20220211,12:39,326.30,326.30,324.00,324.00,50,37900
20220211,12:40,330.00,332.90,328.20,332.90,100,37900
20220211,12:41,338.00,340.00,337.40,337.90,100,37900
20220211,12:42,336.55,337.20,336.55,337.20,75,37950
20220211,12:43,340.00,342.00,337.00,337.75,150,37950
20220211,12:44,342.00,350.00,342.00,350.00,275,37950
20220211,12:45,355.00,362.35,354.30,354.30,675,37800
20220211,12:46,346.25,346.25,346.25,346.25,50,37800
20220211,12:47,348.10,348.10,347.15,347.15,175,37800
20220211,12:48,346.20,346.20,340.00,343.30,100,37775
20220211,12:49,341.20,341.20,341.20,341.20,50,37775
20220211,12:50,345.45,345.45,341.00,341.00,50,37775
20220211,12:51,341.00,341.00,335.80,336.20,250,37900
20220211,12:52,336.20,336.20,336.20,336.20,50,37900
20220211,12:53,340.85,341.05,339.35,341.05,700,37900
20220211,12:54,340.65,340.65,340.65,340.65,25,38450
20220211,12:55,338.25,342.65,338.25,342.65,75,38450
20220211,12:56,342.65,342.80,340.00,340.00,75,38450
20220211,12:57,344.30,344.30,342.85,342.85,225,38425
20220211,12:58,345.80,345.80,345.80,345.80,25,38425
20220211,13:00,343.50,347.85,343.50,347.85,50,38400
20220211,13:01,347.60,347.60,344.90,344.90,75,38400
20220211,13:03,338.50,338.50,338.50,338.50,25,38150
20220211,13:04,334.00,334.00,334.00,334.00,25,38150
20220211,13:05,328.30,328.30,323.55,324.00,75,38150
20220211,13:06,320.00,327.45,315.90,327.45,125,38200
20220211,13:07,337.00,341.00,337.00,341.00,50,38200
20220211,13:08,336.95,336.95,335.00,335.00,100,38200
20220211,13:09,341.25,341.25,341.25,341.25,25,38200
20220211,13:10,335.45,335.45,335.45,335.45,25,38175
20220211,13:11,342.50,342.50,342.50,342.50,25,38175
20220211,13:12,343.70,343.70,343.70,343.70,25,38150
20220211,13:13,344.40,350.35,344.40,350.35,150,38150
20220211,13:14,352.00,352.00,350.35,350.35,150,38150
20220211,13:15,355.00,355.00,350.85,350.85,125,38150
20220211,13:18,342.30,342.30,342.30,342.30,100,38100
20220211,13:20,340.75,342.90,340.75,342.90,50,38125
20220211,13:22,344.65,345.00,344.65,345.00,50,38150
20220211,13:23,343.80,361.85,343.80,361.85,475,38150
20220211,13:25,363.00,363.00,363.00,363.00,25,38175
20220211,13:26,356.00,356.00,356.00,356.00,50,38175
20220211,13:29,349.30,351.90,349.20,350.15,125,38125
20220211,13:30,350.65,350.65,345.00,345.00,175,38200
20220211,13:31,347.95,348.10,343.65,348.10,500,38200
20220211,13:32,354.90,354.90,354.90,354.90,25,38200
20220211,13:33,354.40,356.00,354.40,356.00,175,38100
20220211,13:34,361.30,363.50,359.60,363.50,125,38100
20220211,13:35,359.70,359.70,359.25,359.25,225,38100
20220211,13:36,361.90,370.90,361.90,370.90,300,38025
20220211,13:37,363.05,363.05,362.25,362.25,75,38025
20220211,13:38,363.80,368.20,360.25,368.20,275,38025
20220211,13:39,365.60,365.60,365.45,365.45,75,37925
20220211,13:40,374.35,375.30,374.35,375.30,125,37925
20220211,13:41,371.40,374.65,371.40,374.00,200,37925
20220211,13:42,370.00,371.90,365.00,371.90,225,38075
20220211,13:43,374.00,374.00,370.25,370.25,200,38075
20220211,13:44,371.95,371.95,371.95,371.95,50,38075
20220211,13:45,376.75,379.30,364.00,364.00,675,38475
20220211,13:46,359.20,362.05,356.05,362.05,275,38475
20220211,13:47,357.15,357.15,357.15,357.15,25,38475
20220211,13:48,357.15,357.15,354.60,354.60,50,38500
20220211,13:49,359.75,360.00,359.75,360.00,125,38500
20220211,13:50,353.05,353.05,347.75,347.75,325,38500
20220211,13:51,350.90,354.50,347.20,347.20,75,38625
20220211,13:52,342.85,342.85,341.15,341.15,225,38625
20220211,13:53,345.30,346.65,343.95,346.10,125,38625
20220211,13:55,350.30,350.30,350.30,350.30,25,38525
20220211,13:56,348.70,352.00,348.70,352.00,75,38525
20220211,13:57,350.40,350.40,350.40,350.40,50,38525
20220211,13:59,347.00,350.90,347.00,350.90,75,38550
20220211,14:00,347.60,348.20,340.85,340.85,325,38600
20220211,14:02,334.75,340.70,334.75,340.70,50,38600
20220211,14:03,337.90,337.90,337.90,337.90,25,38600
20220211,14:05,325.35,325.35,320.80,320.85,250,38700
20220211,14:06,319.85,320.25,319.00,319.00,75,38675
20220211,14:07,318.60,321.65,315.25,321.65,175,38675
20220211,14:08,311.10,315.05,311.10,312.10,525,38675
20220211,14:09,320.00,320.00,310.95,313.55,425,38550
20220211,14:10,306.40,307.95,299.00,305.05,1625,38550
20220211,14:11,305.15,313.45,305.15,310.95,375,38550
20220211,14:12,312.20,317.60,312.20,317.60,50,37975
20220211,14:13,317.60,317.60,312.20,317.55,500,37975
20220211,14:14,317.95,317.95,315.45,315.85,125,37975
20220211,14:15,312.55,314.55,310.70,313.85,100,37975
20220211,14:17,318.00,318.00,315.00,315.00,100,37700
20220211,14:18,316.15,316.15,313.05,313.05,50,37725
20220211,14:20,314.05,314.50,308.05,314.50,100,37725
20220211,14:21,310.00,311.85,310.00,310.00,75,37725
20220211,14:23,310.00,310.00,310.00,310.00,25,37450
20220211,14:24,307.00,307.00,307.00,307.00,25,37450
20220211,14:25,303.45,307.00,302.05,307.00,425,37500
20220211,14:26,312.65,312.65,312.65,312.65,25,37500
20220211,14:27,310.20,310.20,307.55,307.55,50,37500
20220211,14:28,307.40,307.40,306.15,306.15,50,37375
20220211,14:29,305.80,305.80,305.80,305.80,25,37375
20220211,14:30,295.25,295.95,290.00,295.95,675,37375
20220211,14:31,298.25,298.25,295.25,295.95,75,37200
20220211,14:32,298.25,298.25,298.25,298.25,50,37200
20220211,14:33,303.70,304.90,303.70,303.70,75,37225
20220211,14:34,303.10,303.10,303.10,303.10,25,37225
20220211,14:36,308.30,310.00,308.30,310.00,100,37225
20220211,14:38,302.50,302.50,302.50,302.50,25,37250
20220211,14:39,302.50,303.25,302.50,303.25,50,37250
20220211,14:40,297.55,297.55,297.55,297.55,25,37200
20220211,14:41,303.15,303.15,298.60,298.60,250,37200
20220211,14:42,295.00,296.00,291.05,291.05,800,37125
20220211,14:43,292.70,292.70,292.70,292.70,25,37125
20220211,14:44,291.60,291.60,288.30,290.00,125,37125
20220211,14:45,283.85,292.05,283.85,292.05,500,37375
20220211,14:46,290.00,290.00,286.65,286.65,200,37375
20220211,14:47,287.90,287.90,287.45,287.45,50,37375
20220211,14:48,289.75,289.75,289.75,289.75,25,37625
20220211,14:49,289.55,289.55,289.55,289.55,25,37625
20220211,14:50,284.80,284.80,279.20,279.20,450,37625
20220211,14:51,282.60,283.05,282.60,283.05,150,37625
20220211,14:52,283.05,283.05,280.00,280.00,100,37500
20220211,14:53,284.80,284.80,284.80,284.80,25,37500
20220211,14:54,291.10,291.55,290.45,290.45,75,37525
20220211,14:55,292.05,300.00,291.60,300.00,300,37525
20220211,14:56,291.85,291.85,291.85,291.85,25,37525
20220211,14:57,293.00,293.00,291.85,291.85,75,37450
20220211,14:58,291.00,292.15,290.05,290.05,100,37450
20220211,14:59,289.45,294.50,288.90,294.50,150,37450
20220211,15:00,280.00,301.70,280.00,296.00,400,37600
20220211,15:01,295.50,299.95,295.50,299.95,50,37600
20220211,15:03,291.25,294.70,288.45,294.70,75,37450
20220211,15:05,297.75,297.75,294.05,294.05,50,37450
20220211,15:06,296.00,296.25,295.70,296.25,75,37450
20220211,15:07,302.90,302.90,298.80,301.85,150,37475
20220211,15:08,300.80,302.50,296.70,296.70,150,37475
20220211,15:09,300.05,301.40,300.05,300.05,175,37475
20220211,15:10,298.95,298.95,297.20,297.20,50,37475
20220211,15:11,293.15,293.15,293.15,293.15,25,37475
20220211,15:12,297.55,303.35,297.55,303.35,225,37475
20220211,15:13,303.35,303.35,302.05,302.05,75,37425
20220211,15:14,298.00,298.00,298.00,298.00,50,37425
20220211,15:16,291.50,291.50,289.00,289.00,75,37350
20220211,15:17,287.05,287.05,287.05,287.05,425,37350
20220211,15:18,284.10,284.40,280.00,281.55,3050,37350
20220211,15:19,280.20,280.20,278.00,278.15,275,38550
20220211,15:20,277.80,278.75,272.25,273.70,1125,38550
20220211,15:21,271.00,271.00,268.80,268.80,300,38550
20220211,15:22,267.75,267.75,264.80,264.80,450,38200
20220211,15:23,264.80,268.40,264.60,268.40,400,38200
20220211,15:24,269.00,269.00,262.75,262.75,2275,37750
20220211,15:25,262.75,264.55,261.05,262.50,2600,37750
20220211,15:26,262.85,263.05,259.50,260.55,2575,37750
20220211,15:27,260.00,265.70,260.00,265.70,4225,44150
20220211,15:28,263.15,264.10,259.80,259.95,5950,44150
20220211,15:29,260.70,260.70,249.95,256.00,4075,44150
20220214,09:15,199.15,199.15,112.00,124.00,626,49075
20220214,09:16,138.20,140.70,125.55,127.55,16700,49075
20220214,09:17,125.65,132.30,123.40,126.05,4800,46300
20220214,09:18,120.85,136.45,120.85,133.45,2300,46300
20220214,09:19,132.90,137.40,130.65,135.05,7450,46300
20220214,09:20,137.50,137.50,125.30,131.00,2325,45825
20220214,09:21,133.30,143.75,133.30,139.00,3675,45825
20220214,09:22,141.30,141.65,135.00,135.55,1550,45825
20220214,09:23,134.95,143.60,132.75,140.15,550,46275
20220214,09:24,144.15,144.15,127.20,127.20,1350,46275
20220214,09:25,128.70,128.70,120.70,123.25,1325,46275
20220214,09:26,125.70,133.15,125.65,128.40,1400,46575
20220214,09:27,128.45,129.80,123.75,126.65,1225,46575
20220214,09:28,125.00,125.00,120.70,122.35,1575,46575
20220214,09:29,122.70,123.50,113.15,113.15,1375,47450
20220214,09:30,111.95,115.75,109.85,115.75,550,47450
20220214,09:31,111.85,113.20,111.00,113.20,425,47450
20220214,09:32,111.80,112.00,108.50,112.00,275,47700
20220214,09:33,112.80,118.90,112.80,116.00,1325,47700
20220214,09:34,115.50,115.50,108.00,111.50,650,47700
20220214,09:35,111.40,118.75,109.90,114.15,7275,49125
20220214,09:36,114.65,120.95,114.65,120.55,8600,49125
20220214,09:37,121.05,121.05,118.05,118.20,1400,49125
20220214,09:38,118.80,119.25,114.50,117.35,725,55975
20220214,09:39,116.25,117.80,108.00,108.00,1025,55975
20220214,09:40,106.85,108.60,105.80,105.80,375,55975
20220214,09:41,109.50,112.75,109.45,112.75,2000,55550
20220214,09:42,109.80,109.80,107.30,107.30,575,55550
20220214,09:43,108.15,109.90,106.55,109.90,700,55550
20220214,09:44,110.65,110.65,104.60,106.00,750,52575
20220214,09:45,104.25,106.05,102.90,103.85,750,52575
20220214,09:46,103.45,107.75,103.45,107.15,550,52575
20220214,09:47,106.10,108.20,104.80,108.20,875,50675
20220214,09:48,107.50,107.50,106.05,106.05,250,50675
20220214,09:49,107.85,109.10,106.90,109.00,200,50675
20220214,09:50,112.10,114.10,110.20,110.20,450,50050
20220214,09:51,109.20,110.10,107.10,109.50,1625,50050
20220214,09:52,110.65,110.65,108.50,108.55,250,50050
20220214,09:53,112.55,114.65,112.55,114.15,1025,44725
20220214,09:54,113.65,113.65,110.70,113.15,800,44725
20220214,09:55,113.05,113.95,110.80,112.20,225,44725
20220214,09:56,114.00,115.95,113.75,115.95,250,44250
20220214,09:57,115.00,115.00,114.55,114.55,225,44250
20220214,09:58,115.00,116.35,115.00,115.90,250,44250
20220214,09:59,112.90,112.90,112.90,112.90,75,44250
20220214,10:00,114.10,114.10,111.50,113.30,600,44650
20220214,10:01,111.70,113.40,110.80,112.05,1325,44650
20220214,10:02,115.80,117.00,115.65,117.00,1125,44275
20220214,10:03,116.95,117.55,114.50,117.05,3025,44275
20220214,10:04,120.55,120.55,115.45,115.45,900,44275
20220214,10:05,117.00,117.00,114.10,114.50,500,44125
20220214,10:06,112.60,113.30,112.60,113.30,275,44125
20220214,10:07,112.30,113.80,112.30,113.80,175,44125
20220214,10:08,113.10,114.00,109.55,110.50,925,44125
20220214,10:09,109.00,109.20,107.00,109.20,1100,44125
20220214,10:10,107.80,109.05,106.70,107.65,375,44125
20220214,10:11,108.20,112.65,108.20,112.30,400,44600
20220214,10:12,111.95,111.95,110.50,110.50,200,44600
20220214,10:13,110.20,111.70,109.95,111.70,100,44600
20220214,10:14,112.45,112.45,111.25,111.50,325,44125
20220214,10:15,109.60,109.60,103.45,104.70,2150,44125
20220214,10:16,104.65,108.10,104.30,107.15,1050,44125
20220214,10:17,108.45,108.50,107.65,108.50,250,45275
20220214,10:18,109.05,109.05,109.00,109.00,75,45275
20220214,10:19,106.00,108.35,105.90,108.35,225,45275
20220214,10:20,107.10,108.35,106.35,107.30,150,45450
20220214,10:21,109.25,109.25,108.40,108.40,150,45450
20220214,10:22,108.00,108.00,107.70,107.70,50,45450
20220214,10:23,109.20,109.20,109.20,109.20,25,45450
20220214,10:24,107.55,107.55,107.55,107.55,25,45400
20220214,10:25,106.00,110.00,106.00,109.85,375,45400
20220214,10:26,108.25,110.00,108.25,110.00,50,45400
20220214,10:27,110.15,110.15,108.55,109.30,175,45600
20220214,10:28,110.15,111.05,110.15,111.05,100,45600
20220214,10:29,113.75,113.75,109.60,109.60,775,45600
20220214,10:30,112.85,115.40,112.65,115.40,100,44150
20220214,10:31,115.30,116.70,114.50,115.20,275,44150
20220214,10:32,114.85,114.85,113.75,113.75,250,43550
20220214,10:33,113.80,114.90,113.70,113.70,150,43550
20220214,10:34,116.25,116.25,112.35,114.50,600,43550
20220214,10:35,113.40,113.70,109.65,109.65,700,43550
20220214,10:36,110.30,114.40,110.30,114.40,175,43550
20220214,10:38,114.65,114.65,114.40,114.40,300,43550
20220214,10:39,113.85,113.85,113.85,113.85,25,43575
20220214,10:40,114.60,115.90,114.45,115.55,250,43575
20220214,10:41,116.35,116.35,116.35,116.35,75,43225
20220214,10:42,114.80,115.80,114.75,115.35,275,43225
20220214,10:43,114.50,117.60,114.50,117.60,425,43225
20220214,10:44,117.10,117.10,117.10,117.10,25,43225
20220214,10:45,116.50,116.50,115.80,115.80,50,43000
20220214,10:46,115.90,115.95,115.70,115.95,200,43000
20220214,10:47,115.70,116.10,114.80,116.10,125,43000
20220214,10:48,114.30,114.30,112.75,112.75,125,43175
20220214,10:49,117.10,117.10,113.95,113.95,225,43175
20220214,10:50,114.40,114.75,112.75,113.75,200,43175
20220214,10:51,114.00,115.00,114.00,115.00,50,43200
20220214,10:52,114.45,114.45,112.00,112.00,225,43200
20220214,10:53,111.75,111.75,111.75,111.75,25,43200
20220214,10:54,113.55,113.55,113.55,113.55,75,43200
20220214,10:55,114.40,114.40,114.40,114.40,25,43200
20220214,10:56,112.00,112.60,110.95,112.60,1400,43200
20220214,10:57,110.05,111.25,109.95,111.25,75,43125
20220214,10:58,113.10,113.75,113.10,113.45,125,43125
20220214,10:59,116.10,116.50,114.15,116.00,225,43125
20220214,11:00,116.20,116.20,112.25,113.55,775,43150
20220214,11:01,114.15,114.15,112.25,112.25,100,43150
20220214,11:02,113.80,113.80,111.65,112.15,250,43150
20220214,11:03,111.95,112.75,111.95,112.75,275,42675
20220214,11:04,114.20,114.20,111.95,111.95,125,42675
20220214,11:05,112.70,113.00,111.40,113.00,100,42675
20220214,11:06,112.05,114.00,110.70,110.90,650,42675
20220214,11:07,110.75,113.35,110.05,113.35,325,42675
20220214,11:08,114.40,115.75,114.15,114.15,450,42675
20220214,11:09,115.00,115.20,113.75,113.75,475,43050
20220214,11:10,113.90,115.75,113.90,115.35,825,43050
20220214,11:11,112.80,113.25,112.00,113.25,100,42400
20220214,11:12,112.60,112.90,112.00,112.50,175,42400
20220214,11:13,110.40,113.05,109.00,112.85,325,42400
20220214,11:14,110.50,110.90,109.60,109.60,1425,42400
20220214,11:15,111.05,111.20,109.60,110.55,175,43250
20220214,11:16,109.65,109.75,107.95,108.45,675,43250
20220214,11:17,108.05,108.65,106.75,108.65,600,43250
20220214,11:18,107.35,107.35,105.80,107.35,325,43400
20220214,11:19,106.50,108.30,106.50,108.30,275,43400
20220214,11:20,108.20,108.45,106.80,108.45,375,43400
20220214,11:21,108.00,108.00,105.75,106.80,975,43650
20220214,11:22,105.85,107.55,105.85,106.75,225,43650
20220214,11:23,107.25,108.00,107.25,108.00,225,43650
20220214,11:24,107.70,109.65,107.70,109.50,800,43675
20220214,11:25,107.30,107.30,107.25,107.25,50,43675
20220214,11:26,107.00,107.30,106.95,106.95,300,43675
20220214,11:27,107.40,107.40,106.50,106.50,175,43575
20220214,11:28,106.25,106.25,101.85,101.85,750,43575
20220214,11:29,104.35,104.70,102.20,102.20,500,43575
20220214,11:30,102.00,103.60,101.70,103.60,900,43925
20220214,11:31,103.55,105.75,103.55,104.85,725,43925
20220214,11:32,104.75,105.60,104.25,104.95,575,43925
20220214,11:33,104.10,105.55,104.05,105.25,450,44300
20220214,11:34,104.55,105.25,104.10,105.00,500,44300
20220214,11:35,103.40,105.05,103.40,104.20,275,44300
20220214,11:36,101.00,101.00,99.20,100.30,1425,43350
20220214,11:37,94.75,97.95,94.75,97.80,875,43350
20220214,11:38,97.60,99.05,96.95,97.65,725,43350
20220214,11:39,98.85,98.85,97.40,97.40,500,42650
20220214,11:40,98.50,99.35,97.25,99.00,800,42650
20220214,11:41,98.85,101.75,98.85,101.75,175,42650
20220214,11:42,101.60,101.60,98.75,99.00,575,43050
20220214,11:43,98.00,99.25,98.00,99.25,100,43050
20220214,11:44,99.30,99.30,97.75,98.35,425,43050
20220214,11:45,98.15,99.80,97.85,99.65,325,43375
20220214,11:46,99.75,99.80,99.50,99.50,250,43375
20220214,11:47,100.00,101.05,100.00,101.05,225,43375
20220214,11:48,101.05,101.15,100.45,100.45,100,42825
20220214,11:49,100.25,101.35,99.65,99.65,300,42825
20220214,11:50,100.00,100.00,99.75,99.80,75,42825
20220214,11:51,99.30,100.05,99.30,100.05,175,43000
20220214,11:52,99.65,100.10,98.80,99.10,625,43000
20220214,11:53,99.15,99.70,98.10,99.30,525,43000
20220214,11:54,99.90,102.45,99.90,102.25,275,43375
20220214,11:55,100.25,102.05,100.25,102.05,350,43375
20220214,11:57,102.10,102.10,99.10,99.10,100,43425
20220214,11:58,101.00,101.00,101.00,101.00,25,43425
20220214,11:59,99.00,99.40,98.55,98.55,100,43425
20220214,12:00,98.80,98.80,98.80,98.80,75,43400
20220214,12:01,97.90,98.85,97.90,98.55,150,43400
20220214,12:02,99.00,99.00,98.55,98.55,175,43400
20220214,12:03,98.95,98.95,98.95,98.95,50,43650
20220214,12:04,100.80,100.80,100.80,100.80,25,43650
20220214,12:05,101.00,101.85,101.00,101.05,125,43650
20220214,12:06,99.65,99.65,99.65,99.65,25,43650
20220214,12:07,100.65,100.65,99.05,100.65,125,43650
20220214,12:08,99.00,99.00,98.50,98.50,175,43650
20220214,12:09,97.00,97.95,97.00,97.60,550,43775
20220214,12:10,97.85,99.20,97.00,99.20,625,43775
20220214,12:11,100.10,100.10,98.55,98.85,275,43775
20220214,12:12,99.80,99.80,99.80,99.80,25,44150
20220214,12:13,99.30,99.30,98.00,98.00,475,44150
20220214,12:15,99.55,99.55,99.20,99.20,50,43900
20220214,12:16,98.75,98.75,98.75,98.75,100,43900
20220214,12:17,100.00,100.20,100.00,100.20,600,43900
20220214,12:18,99.85,99.85,99.85,99.85,25,44375
20220214,12:19,100.75,102.90,100.75,100.85,250,44375
20220214,12:20,101.05,101.05,101.05,101.05,25,44375
20220214,12:21,100.70,100.70,100.70,100.70,25,44300
20220214,12:22,100.45,100.55,100.45,100.55,200,44300
20220214,12:23,101.10,101.30,101.10,101.30,50,44300
20220214,12:24,100.00,102.00,100.00,101.65,150,44275
20220214,12:25,102.00,103.40,102.00,103.40,150,44275
20220214,12:26,104.60,104.60,104.25,104.25,100,44275
20220214,12:27,103.35,103.35,101.30,101.30,125,44325
20220214,12:29,102.20,102.20,102.20,102.20,75,44325
20220214,12:32,98.50,98.50,98.50,98.50,50,44275
20220214,12:33,99.15,99.85,99.15,99.85,100,44200
20220214,12:34,99.20,100.15,98.55,98.55,300,44200
20220214,12:35,100.15,101.00,100.00,100.00,375,44200
20220214,12:36,97.20,99.90,97.20,99.85,700,43625
20220214,12:37,100.35,102.55,99.80,102.55,225,43625
20220214,12:38,99.40,99.40,99.40,99.40,100,43625
20220214,12:39,100.20,100.20,98.85,98.85,50,43575
20220214,12:40,97.60,101.20,96.90,101.20,150,43575
20220214,12:41,99.75,100.15,98.95,99.00,175,43575
20220214,12:42,99.00,99.00,99.00,99.00,25,43575
20220214,12:43,99.20,99.20,98.85,98.85,125,43775
20220214,12:44,96.05,98.25,96.05,97.00,100,43775
20220214,12:45,95.70,97.10,94.70,96.15,200,43650
20220214,12:46,97.40,98.05,97.40,98.05,175,43650
20220214,12:47,98.45,98.45,97.95,97.95,75,43650
20220214,12:51,101.60,102.15,101.60,102.15,75,43650
20220214,12:52,101.00,101.00,100.55,100.55,200,43650
20220214,12:53,100.00,100.00,98.70,98.70,150,43650
20220214,12:54,100.40,100.60,100.40,100.60,50,43725
20220214,12:55,102.00,102.00,102.00,102.00,1000,43725
20220214,12:57,99.85,101.00,99.85,100.50,100,42750
20220214,13:01,100.85,100.85,100.45,100.45,100,42775
20220214,13:03,100.55,100.55,100.55,100.55,25,42825
20220214,13:04,101.25,101.25,101.25,101.25,50,42825
20220214,13:05,102.00,102.00,101.30,101.30,750,42825
20220214,13:06,100.85,101.35,100.85,101.35,50,42825
20220214,13:07,99.65,102.00,99.65,102.00,125,42825
20220214,13:08,99.85,99.85,98.00,98.00,75,42825
20220214,13:09,99.00,99.10,98.45,98.45,75,42900
20220214,13:11,99.60,99.60,98.85,98.95,75,42900
20220214,13:12,98.00,98.80,98.00,98.50,200,43000
20220214,13:14,101.05,101.05,100.15,100.15,150,43000
20220214,13:15,101.40,101.70,100.45,101.70,225,42975
20220214,13:16,101.80,101.80,101.65,101.65,75,42975
20220214,13:17,100.45,102.05,100.45,102.05,50,42975
20220214,13:18,100.05,100.05,100.05,100.05,25,42975
20220214,13:19,100.25,100.25,100.25,100.25,25,42925
20220214,13:21,99.40,101.60,99.40,101.60,150,43000
20220214,13:22,100.55,100.55,100.55,100.55,25,43000
20220214,13:23,102.35,102.85,101.75,101.75,225,43000
20220214,13:24,101.50,103.00,101.50,103.00,350,43125
20220214,13:25,103.45,103.45,101.70,102.75,250,43125
20220214,13:26,104.05,104.05,104.05,104.05,50,43125
20220214,13:27,101.75,102.05,101.75,102.05,125,43300
20220214,13:29,102.05,102.05,100.80,100.80,75,43300
20220214,13:30,100.00,100.00,100.00,100.00,25,43300
20220214,13:31,98.00,98.00,98.00,98.00,25,43425
20220214,13:32,97.95,98.10,97.40,98.10,75,43425
20220214,13:33,99.75,99.75,98.10,98.10,75,43475
20220214,13:34,97.00,97.00,97.00,97.00,25,43475
20220214,13:35,98.25,98.25,98.25,98.25,25,43475
20220214,13:36,98.90,99.20,98.90,99.20,50,43525
20220214,13:37,100.05,100.05,100.05,100.05,25,43525
20220214,13:39,99.90,99.90,99.90,99.90,25,43550
20220214,13:40,100.00,100.00,100.00,100.00,25,43550
20220214,13:41,100.00,100.00,100.00,100.00,25,43550
20220214,13:42,96.00,96.00,96.00,96.00,75,43650
20220214,13:43,96.00,96.00,96.00,96.00,25,43650
20220214,13:44,96.95,98.15,96.95,98.15,100,43650
20220214,13:45,97.35,97.35,96.15,96.15,200,43650
20220214,13:47,96.45,96.85,95.00,96.85,150,43575
20220214,13:48,96.90,96.90,96.90,96.90,25,43575
20220214,13:49,94.00,94.00,92.35,92.35,250,43575
20220214,13:50,93.30,94.15,93.00,94.15,125,43575
20220214,13:51,93.70,93.70,93.55,93.55,100,43575
20220214,13:52,95.00,96.00,95.00,96.00,100,43575
20220214,13:53,96.55,96.55,94.60,94.60,175,43575
20220214,13:55,95.95,95.95,95.35,95.45,100,43425
20220214,13:56,95.40,96.95,95.30,96.95,150,43425
20220214,13:57,96.95,97.00,96.60,97.00,175,43400
20220214,13:58,96.70,96.70,94.50,94.50,125,43400
20220214,13:59,95.50,95.50,94.60,94.90,75,43400
20220214,14:00,92.50,92.55,92.15,92.15,175,43450
20220214,14:01,91.45,91.45,89.35,89.35,375,43450
20220214,14:02,89.35,90.50,89.35,90.50,150,43450
20220214,14:03,90.55,90.75,90.35,90.75,175,43450
20220214,14:04,89.15,89.40,87.95,89.00,150,43675
20220214,14:05,90.00,90.55,87.95,87.95,200,43675
20220214,14:06,89.35,89.40,89.35,89.40,200,43725
20220214,14:07,88.70,88.70,87.00,88.50,375,43725
20220214,14:08,89.25,89.25,88.05,89.15,150,43725
20220214,14:09,88.75,88.75,85.80,85.80,250,43850
20220214,14:10,85.80,87.70,85.50,87.00,425,43850
20220214,14:11,86.20,87.10,85.90,87.00,325,43850
20220214,14:12,87.00,87.00,85.00,85.00,525,43400
20220214,14:13,84.60,86.50,84.60,85.30,250,43400
20220214,14:14,85.65,85.85,85.10,85.10,275,43400
20220214,14:15,85.65,87.30,85.65,87.00,600,43200
20220214,14:16,87.80,87.85,86.65,87.60,875,43200
20220214,14:17,86.45,88.65,86.45,88.40,600,43200
20220214,14:18,88.75,88.75,87.05,87.05,350,43550
20220214,14:19,88.65,88.65,88.65,88.65,50,43550
20220214,14:20,89.20,89.55,87.70,87.70,100,43550
20220214,14:21,88.25,88.50,87.45,88.25,250,42575
20220214,14:22,88.30,88.30,87.45,87.45,50,42575
20220214,14:23,87.05,87.05,84.40,84.40,875,42575
20220214,14:24,82.05,82.15,82.05,82.15,150,42600
20220214,14:25,81.90,81.90,81.50,81.50,200,42600
20220214,14:26,82.00,82.00,81.65,81.65,175,42600
20220214,14:27,81.40,81.40,80.90,80.90,150,42650
20220214,14:29,80.35,80.35,79.10,79.10,225,42650
20220214,14:30,78.95,78.95,77.75,78.95,250,42050
20220214,14:31,79.90,79.90,78.60,79.15,1000,42050
20220214,14:32,78.50,78.50,78.10,78.10,100,42050
20220214,14:33,78.75,81.10,78.75,80.70,650,42025
20220214,14:34,81.50,81.60,80.00,80.00,150,42025
20220214,14:35,80.40,80.40,80.40,80.40,25,42025
20220214,14:37,81.50,82.15,81.15,82.15,125,42000
20220214,14:38,81.40,82.45,81.40,82.30,125,42000
20220214,14:41,81.00,81.00,79.80,79.80,75,41900
20220214,14:42,79.00,80.30,79.00,80.30,50,41900
20220214,14:43,78.85,78.85,75.00,75.00,1375,41900
20220214,14:44,74.80,76.00,73.95,74.30,600,41900
20220214,14:45,74.30,75.00,74.30,74.40,125,41900
20220214,14:46,75.95,75.95,74.95,75.15,1125,42375
20220214,14:47,75.55,75.85,74.10,74.10,825,42375
20220214,14:48,74.85,76.05,73.80,76.05,1150,43250
20220214,14:49,77.05,77.05,75.05,75.05,525,43250
20220214,14:50,75.20,76.25,75.20,75.65,175,43250
20220214,14:51,75.95,75.95,74.85,74.85,200,43250
20220214,14:52,76.00,76.15,76.00,76.00,300,42625
20220214,14:53,75.20,75.70,74.30,74.30,650,42625
20220214,14:54,74.30,75.55,74.30,75.55,500,41050
20220214,14:55,75.75,79.15,75.75,77.70,1275,41050
20220214,14:56,78.35,78.35,77.15,77.50,525,41050
20220214,14:57,77.80,78.00,77.80,78.00,400,41625
20220214,14:58,77.40,77.75,77.40,77.60,225,41625
20220214,14:59,78.80,79.35,77.60,77.60,175,41625
20220214,15:00,78.15,78.15,77.20,77.50,75,41875
20220214,15:02,77.90,77.90,76.90,77.00,675,41875
20220214,15:03,76.90,76.90,75.20,75.70,425,41875
20220214,15:04,76.05,76.05,75.65,75.80,300,41250
20220214,15:05,75.90,76.05,75.65,75.65,75,41250
20220214,15:06,73.50,73.60,73.50,73.60,125,41250
20220214,15:07,72.55,72.55,71.55,71.55,275,41300
20220214,15:08,71.35,73.00,71.35,72.90,800,41300
20220214,15:09,73.00,77.00,73.00,77.00,575,40100
20220214,15:10,77.75,77.80,76.80,76.80,475,40100
20220214,15:11,75.10,75.10,72.50,72.65,300,40100
20220214,15:12,71.45,72.35,71.45,72.15,250,39925
20220214,15:13,73.00,73.30,72.65,72.65,175,39925
20220214,15:14,71.85,72.85,71.75,71.75,350,39925
20220214,15:15,72.70,74.35,71.70,74.15,325,39925
20220214,15:16,73.45,73.45,72.95,72.95,125,39800
20220214,15:17,73.80,73.80,72.75,72.75,100,39800
20220214,15:18,73.80,73.80,72.15,72.15,225,39725
20220214,15:19,72.00,72.95,72.00,72.05,325,39725
20220214,15:20,72.50,73.00,72.00,72.00,400,39725
20220214,15:21,72.50,73.05,72.50,73.05,325,39725
20220214,15:22,72.85,72.85,72.60,72.80,800,39025
20220214,15:23,72.25,72.40,71.60,71.60,725,39025
20220214,15:24,71.60,72.30,71.20,71.20,1275,38175
20220214,15:25,71.15,71.50,66.20,66.20,925,38175
20220214,15:26,66.85,67.45,66.65,66.65,350,38175
20220214,15:27,67.25,68.25,67.25,68.25,125,38050
20220214,15:28,68.20,68.20,67.00,67.45,1950,38050
20220214,15:29,68.35,81.80,68.15,81.80,600,38050
20220215,09:15,36.60,70.10,36.60,70.10,252,38275
20220215,09:16,77.25,80.55,75.00,80.55,925,38275
20220215,09:17,80.55,81.95,79.30,79.30,2550,39600
20220215,09:18,82.00,82.00,80.10,80.10,1100,39600
20220215,09:19,79.40,80.85,79.40,79.65,1200,39600
20220215,09:20,75.80,75.85,74.05,74.05,475,40250
20220215,09:21,73.20,74.40,72.65,73.05,525,40250
20220215,09:22,74.45,76.00,74.45,76.00,375,40250
20220215,09:23,77.00,77.00,71.85,71.85,375,40625
20220215,09:24,69.85,69.95,67.60,69.00,1475,40625
20220215,09:25,68.95,68.95,66.20,66.60,575,40625
20220215,09:26,66.25,66.25,64.05,64.80,1000,39725
20220215,09:27,62.75,66.60,62.75,66.60,2175,39725
20220215,09:28,68.05,68.25,65.45,65.45,250,39725
20220215,09:29,66.50,66.50,63.35,65.15,900,40500
20220215,09:30,67.10,67.10,64.65,66.80,200,40500
20220215,09:31,65.15,66.30,65.15,66.30,125,40500
20220215,09:32,65.45,66.05,65.45,65.60,150,39450
20220215,09:33,63.45,65.60,62.40,62.85,825,39450
20220215,09:34,62.05,62.05,62.05,62.05,25,39450
20220215,09:35,63.00,63.05,61.00,61.00,175,39800
20220215,09:36,61.15,61.80,60.90,61.25,450,39800
20220215,09:37,62.00,62.00,59.95,59.95,125,39800
20220215,09:38,60.00,60.65,60.00,60.65,325,39475
20220215,09:39,60.40,60.40,60.40,60.40,100,39475
20220215,09:40,61.00,61.15,60.40,60.70,200,39475
20220215,09:42,58.80,59.00,56.70,56.70,650,39475
20220215,09:43,57.60,57.60,56.85,57.10,250,39475
20220215,09:44,56.10,56.70,55.70,56.00,3525,39775
20220215,09:45,55.80,56.75,55.80,56.75,125,39775
20220215,09:46,55.75,55.75,55.05,55.40,175,39775
20220215,09:47,54.90,55.50,54.35,55.00,400,39775
20220215,09:48,56.15,56.15,54.50,54.50,400,39775
20220215,09:49,54.45,55.30,54.45,54.60,100,39775
20220215,09:50,54.20,56.60,54.20,56.60,375,39700
20220215,09:51,57.00,57.55,57.00,57.55,125,39700
20220215,09:52,57.00,57.00,55.85,55.85,100,39700
20220215,09:53,56.50,56.50,56.45,56.45,50,39725
20220215,09:54,56.70,56.80,55.40,56.80,500,39725
20220215,09:55,54.35,54.35,54.10,54.10,75,39725
20220215,09:56,54.00,54.15,53.95,54.15,100,39675
20220215,09:57,53.70,53.80,52.90,52.90,275,39675
20220215,09:58,53.00,53.00,52.30,52.35,275,39675
20220215,09:59,51.40,51.40,51.40,51.40,50,39450
20220215,10:00,50.70,50.70,50.45,50.55,100,39450
20220215,10:01,50.00,50.45,49.75,50.45,325,39450
20220215,10:02,50.15,50.25,49.45,49.45,425,39450
20220215,10:03,49.00,49.25,48.30,49.25,375,39525
20220215,10:04,49.05,50.00,48.85,50.00,350,39525
20220215,10:05,49.35,49.35,49.00,49.00,275,39475
20220215,10:06,48.35,49.70,48.35,49.70,275,39475
20220215,10:07,50.00,50.55,50.00,50.55,150,39475
20220215,10:08,51.00,51.00,51.00,51.00,25,39700
20220215,10:09,50.55,51.25,50.55,51.25,75,39700
20220215,10:10,51.70,52.95,51.70,52.95,400,39700
20220215,10:11,52.00,52.00,51.25,51.25,75,39700
20220215,10:12,53.10,53.10,52.70,52.70,50,39725
20220215,10:13,52.00,52.00,52.00,52.00,50,39725
20220215,10:14,51.30,51.30,51.30,51.30,50,39800
20220215,10:15,52.55,52.55,52.55,52.55,175,39800
20220215,10:16,53.35,53.35,53.20,53.20,75,39800
20220215,10:17,52.40,52.40,52.40,52.40,25,39800
20220215,10:18,54.20,54.20,54.20,54.20,25,39725
20220215,10:19,55.10,55.10,53.40,53.40,125,39725
20220215,10:20,52.65,52.65,52.65,52.65,25,39725
20220215,10:21,52.50,52.50,51.65,51.65,300,39475
20220215,10:22,52.00,52.40,52.00,52.15,275,39475
20220215,10:25,52.00,52.00,51.85,51.85,350,39450
20220215,10:27,51.85,51.85,51.25,51.25,50,39500
20220215,10:29,50.00,50.25,50.00,50.25,100,39500
20220215,10:32,49.55,49.55,49.55,49.55,25,39525
20220215,10:33,50.45,50.45,49.75,49.75,100,39550
20220215,10:34,49.30,49.30,49.30,49.30,125,39550
20220215,10:36,47.90,47.90,47.85,47.85,50,39450
20220215,10:37,48.55,48.55,48.55,48.55,25,39450
20220215,10:38,49.95,49.95,49.95,49.95,75,39400
20220215,10:39,49.00,49.00,49.00,49.00,50,39400
20220215,10:40,48.55,48.55,48.55,48.55,50,39400
20220215,10:42,49.85,49.85,49.85,49.85,25,39475
20220215,10:43,49.55,49.55,48.60,48.60,125,39475
20220215,10:45,49.60,49.60,49.55,49.55,300,39450
20220215,10:46,49.20,49.20,49.20,49.20,25,39450
20220215,10:49,48.55,48.55,48.55,48.55,25,39700
20220215,10:50,46.60,46.60,46.60,46.60,50,39700
20220215,10:51,47.65,47.65,47.65,47.65,50,39650
20220215,10:53,49.35,49.35,49.35,49.35,275,39650
20220215,10:54,50.50,51.05,50.50,50.50,1625,39550
20220215,10:55,50.80,51.30,50.80,51.20,350,39550
20220215,10:56,51.20,51.95,51.20,51.75,725,39350
20220215,10:57,51.90,52.25,51.90,52.25,200,39350
20220215,10:58,51.70,52.35,51.70,52.35,150,39350
20220215,10:59,53.15,53.55,53.15,53.55,125,39100
20220215,11:00,53.65,53.85,53.65,53.85,75,39100
20220215,11:01,53.25,55.55,53.25,55.55,1825,39100
20220215,11:02,55.35,55.70,54.60,55.40,950,38300
20220215,11:03,55.55,56.35,55.45,56.35,250,38300
20220215,11:04,55.35,56.00,55.35,55.65,75,38300
20220215,11:05,56.55,57.55,56.55,57.55,375,38300
20220215,11:07,58.90,58.90,58.75,58.75,175,38075
20220215,11:08,58.25,59.80,58.25,59.80,325,38075
20220215,11:09,59.70,60.15,59.70,60.15,200,38250
20220215,11:10,59.95,59.95,59.95,59.95,250,38250
20220215,11:11,59.05,60.05,59.05,60.00,75,38250
20220215,11:13,60.55,60.55,60.20,60.35,150,38350
20220215,11:14,57.60,57.60,57.60,57.60,50,38350
20220215,11:15,58.15,58.15,58.15,58.15,25,38450
20220215,11:16,59.45,60.00,59.30,59.30,525,38450
20220215,11:17,59.20,60.00,59.20,60.00,100,38450
20220215,11:18,59.90,59.90,58.95,58.95,100,38300
20220215,11:19,59.45,59.45,59.45,59.45,25,38300
20220215,11:20,60.10,60.55,58.55,58.55,375,38300
20220215,11:23,58.30,58.65,58.30,58.65,75,38375
20220215,11:24,57.55,57.55,57.55,57.55,50,38375
20220215,11:25,58.00,58.00,57.55,57.55,100,38375
20220215,11:27,56.00,56.00,56.00,56.00,100,38425
20220215,11:28,56.15,56.15,55.25,55.30,75,38425
20220215,11:29,55.15,57.25,55.15,57.25,150,38425
20220215,11:30,58.00,58.00,58.00,58.00,25,38375
20220215,11:31,59.30,60.95,59.30,60.65,250,38375
20220215,11:32,61.65,62.85,61.65,62.85,75,38275
20220215,11:33,62.85,63.35,62.85,63.00,275,38275
20220215,11:34,63.45,65.90,63.45,65.85,1200,38275
20220215,11:35,65.45,66.40,65.45,66.15,300,38275
20220215,11:36,64.10,64.15,64.10,64.15,250,38000
20220215,11:38,63.30,64.55,63.30,63.80,200,38000
20220215,11:39,63.50,63.90,63.40,63.90,150,37950
20220215,11:40,65.00,65.00,63.80,63.80,150,37950
20220215,11:41,62.60,62.60,62.60,62.60,25,37950
20220215,11:44,62.35,62.35,62.35,62.35,50,37925
20220215,11:45,61.10,66.50,61.10,66.50,975,37925
20220215,11:46,66.75,66.75,65.05,65.40,700,37925
20220215,11:47,66.05,66.05,66.00,66.00,75,37925
20220215,11:48,65.00,65.00,65.00,65.00,25,37675
20220215,11:50,65.00,65.25,65.00,65.25,200,37675
20220215,11:53,64.65,64.65,63.80,63.80,75,37600
20220215,11:54,65.05,65.05,65.05,65.05,25,37575
20220215,11:55,66.25,66.75,66.25,66.65,150,37575
20220215,11:56,67.40,67.40,67.35,67.35,50,37575
20220215,11:57,67.70,68.65,67.70,68.65,50,37650
20220215,11:58,68.90,69.85,68.90,69.85,450,37650
20220215,11:59,70.15,71.15,70.15,71.15,100,37650
20220215,12:00,71.35,78.45,71.35,77.60,450,37725
20220215,12:01,78.25,79.10,77.15,77.55,1250,37725
20220215,12:02,76.25,76.85,76.25,76.85,375,37725
20220215,12:03,76.15,76.85,76.15,76.80,300,37975
20220215,12:04,76.20,76.20,72.85,73.00,950,37975
20220215,12:05,73.75,73.75,72.25,72.25,100,37975
20220215,12:06,70.00,70.00,69.00,69.55,200,38150
20220215,12:07,70.95,76.00,70.95,76.00,200,38150
20220215,12:08,77.50,77.95,77.05,77.95,125,38150
20220215,12:09,79.05,79.05,79.05,79.05,25,38200
20220215,12:10,80.00,80.00,80.00,80.00,175,38200
20220215,12:12,80.45,80.45,77.90,77.90,175,38225
20220215,12:13,77.35,77.55,77.35,77.55,50,38225
20220215,12:14,77.55,77.70,75.05,76.50,2125,38225
20220215,12:15,79.35,79.35,78.45,78.45,625,38175
20220215,12:16,80.25,80.25,78.85,78.85,575,38175
20220215,12:17,78.85,78.85,78.85,78.85,25,38175
20220215,12:19,81.00,81.00,80.75,81.00,750,38075
20220215,12:20,79.05,79.05,79.05,79.05,50,38075
20220215,12:21,83.75,83.75,83.75,83.75,25,37850
20220215,12:22,83.75,83.75,80.70,80.70,150,37850
20220215,12:23,80.70,80.70,79.25,79.25,275,37850
20220215,12:24,79.50,80.50,79.50,79.55,75,37675
20220215,12:25,79.40,79.40,79.00,79.00,100,37675
20220215,12:26,78.40,78.40,78.40,78.40,250,37675
20220215,12:27,76.70,76.70,70.60,71.35,150,37500
20220215,12:28,69.50,71.80,69.00,71.80,325,37500
20220215,12:29,71.55,71.90,69.45,69.45,275,37500
20220215,12:30,69.10,69.10,66.65,66.65,675,37600
20220215,12:31,66.20,69.95,66.20,68.85,450,37600
20220215,12:32,69.15,70.00,68.90,70.00,825,37600
20220215,12:33,69.95,71.15,69.95,71.15,125,38400
20220215,12:34,73.05,73.05,72.15,72.15,150,38400
20220215,12:35,72.60,76.00,72.60,76.00,425,38400
20220215,12:36,76.30,76.30,76.00,76.00,125,38675
20220215,12:37,78.20,79.00,78.20,78.50,150,38675
20220215,12:38,76.00,76.90,76.00,76.30,175,38675
20220215,12:39,76.90,77.25,76.05,76.05,275,38600
20220215,12:40,76.55,78.15,76.30,78.00,900,38600
20220215,12:41,76.40,76.40,76.40,76.40,50,38600
20220215,12:42,76.20,76.20,75.10,75.10,200,39450
20220215,12:43,75.50,75.50,75.50,75.50,125,39450
20220215,12:45,77.00,77.00,77.00,77.00,25,39450
20220215,12:46,75.85,76.50,75.85,76.50,50,39450
20220215,12:48,77.30,78.05,77.30,78.05,100,39250
20220215,12:49,79.00,79.60,79.00,79.60,100,39250
20220215,12:50,77.30,77.30,77.30,77.30,25,39250
20220215,12:51,79.30,79.30,79.30,79.30,75,39025
20220215,12:54,79.00,79.00,79.00,79.00,75,38850
20220215,12:55,76.55,79.90,76.55,79.90,100,38850
20220215,12:56,77.15,77.15,77.15,77.15,25,38850
20220215,12:57,77.15,77.15,77.15,77.15,25,38500
20220215,12:58,76.10,76.20,74.60,76.20,150,38500
20220215,12:59,77.00,80.00,76.70,80.00,125,38500
20220215,13:00,80.15,80.30,78.95,78.95,100,38400
20220215,13:04,80.35,80.35,80.35,80.35,150,38150
20220215,13:05,79.30,79.30,79.30,79.30,300,38150
20220215,13:06,79.00,79.95,78.95,79.95,125,37800
20220215,13:07,80.20,80.20,78.95,78.95,75,37800
20220215,13:08,79.35,80.00,78.45,79.25,250,37800
20220215,13:09,77.45,78.20,77.45,78.20,300,38150
20220215,13:10,79.00,79.00,75.30,75.30,325,38150
20220215,13:11,76.85,77.95,76.85,77.95,50,38150
20220215,13:12,78.00,78.00,78.00,78.00,25,38350
20220215,13:13,78.70,78.70,78.70,78.70,25,38350
20220215,13:18,78.70,78.90,78.25,78.70,350,38575
20220215,13:19,78.10,78.10,76.40,76.75,575,38575
20220215,13:20,74.00,74.65,74.00,74.65,825,38575
20220215,13:21,75.05,75.90,74.40,75.90,150,38350
20220215,13:22,74.40,74.40,73.00,73.00,75,38350
20220215,13:23,74.25,74.25,74.25,74.25,50,38350
20220215,13:24,73.00,73.00,73.00,73.00,25,38475
20220215,13:25,73.90,74.95,73.90,74.00,100,38475
20220215,13:26,71.25,71.25,71.25,71.25,25,38475
20220215,13:28,74.35,74.35,74.35,74.35,25,38450
20220215,13:29,75.00,75.00,72.70,72.85,350,38450
20220215,13:30,72.40,73.85,71.75,71.75,450,38450
20220215,13:32,76.10,76.90,76.10,76.90,50,38450
20220215,13:33,76.85,76.85,76.85,76.85,25,38525
20220215,13:34,76.05,77.00,75.95,75.95,225,38525
20220215,13:35,77.00,77.00,76.95,76.95,75,38525
20220215,13:36,77.00,78.50,76.80,78.50,175,38525
20220215,13:37,81.30,84.35,81.30,84.35,75,38350
20220215,13:38,84.35,85.35,84.35,85.35,175,38350
20220215,13:39,84.00,84.60,84.00,84.60,75,38325
20220215,13:40,83.70,88.00,83.70,88.00,125,38325
20220215,13:41,90.00,93.30,90.00,93.30,725,38325
20220215,13:42,93.70,99.65,93.70,96.40,4850,41375
20220215,13:43,95.15,100.95,95.15,100.95,1650,41375
20220215,13:44,102.20,107.75,102.00,105.85,5075,41375
20220215,13:45,106.15,109.30,102.75,102.75,1225,45775
20220215,13:46,103.45,111.60,103.45,111.60,950,45775
20220215,13:47,112.15,120.40,111.25,120.40,4100,45775
20220215,13:48,119.75,119.75,114.75,118.35,1275,44300
20220215,13:49,120.95,126.80,119.95,126.80,2025,44300
20220215,13:50,126.80,129.05,124.00,125.90,2650,44300
20220215,13:51,125.85,125.85,116.60,118.15,2275,43675
20220215,13:52,120.25,122.85,119.35,122.85,650,43675
20220215,13:53,124.40,130.00,124.40,129.00,800,43675
20220215,13:54,130.15,133.05,129.25,133.05,1250,43175
20220215,13:55,136.20,138.10,131.45,133.55,375,43175
20220215,13:56,133.95,138.50,133.95,136.00,775,43175
20220215,13:57,136.90,136.90,132.00,133.20,850,42975
20220215,13:58,132.00,132.00,126.95,130.00,2350,42975
20220215,13:59,133.20,138.00,133.20,138.00,900,42975
20220215,14:00,138.00,146.50,138.00,143.00,775,42150
20220215,14:01,147.60,156.50,147.60,156.50,550,42150
20220215,14:02,159.35,160.00,148.25,148.65,625,42150
20220215,14:03,150.65,163.50,150.65,163.50,1325,40375
20220215,14:04,161.10,161.35,153.20,153.20,2175,40375
20220215,14:05,152.15,154.95,146.45,146.45,1250,40375
20220215,14:06,146.30,159.40,145.75,156.70,1275,39625
20220215,14:07,157.70,164.00,157.70,164.00,1725,39625
20220215,14:08,164.00,167.45,163.00,167.45,725,39625
20220215,14:09,168.65,192.40,168.65,188.35,2450,39750
20220215,14:10,191.95,191.95,184.25,185.65,3075,39750
20220215,14:11,186.00,197.30,186.00,197.30,2925,39750
20220215,14:12,200.00,204.95,197.60,203.00,2125,41950
20220215,14:13,201.05,201.05,183.60,189.25,1550,41950
20220215,14:14,185.85,188.90,179.30,180.35,1150,41950
20220215,14:15,182.35,194.90,182.35,194.05,1375,41250
20220215,14:16,195.00,195.05,188.10,190.00,1875,41250
20220215,14:17,194.60,194.60,183.70,183.70,1650,41250
20220215,14:18,183.65,193.00,180.00,191.60,575,42400
20220215,14:19,189.50,189.50,181.85,182.00,825,42400
20220215,14:20,180.35,182.20,171.75,175.75,2875,42400
20220215,14:21,177.55,177.55,162.35,168.00,2650,42350
20220215,14:22,165.15,167.45,159.85,167.45,2725,42350
20220215,14:23,169.55,174.85,169.55,174.85,2150,42350
20220215,14:24,175.25,175.25,165.50,165.50,750,41875
20220215,14:25,162.25,169.15,162.25,169.15,375,41875
20220215,14:26,167.25,168.75,160.05,162.05,575,41875
20220215,14:27,160.85,165.45,160.85,162.80,575,42225
20220215,14:28,169.45,173.90,167.15,172.15,350,42225
20220215,14:29,173.60,174.65,172.95,173.55,575,42225
20220215,14:30,173.55,173.55,173.55,173.55,50,42225
20220215,14:31,180.00,185.55,180.00,184.05,950,42175
20220215,14:32,182.85,185.00,170.00,172.75,1925,42175
20220215,14:33,174.30,180.00,174.30,180.00,575,42450
20220215,14:34,178.80,178.80,174.65,174.65,250,42450
20220215,14:35,175.05,180.45,174.35,177.95,300,42450
20220215,14:36,178.15,178.15,168.10,169.55,625,42750
20220215,14:37,172.70,173.90,171.45,171.45,200,42750
20220215,14:38,172.95,175.80,172.40,174.30,500,42750
20220215,14:39,176.45,180.00,176.45,180.00,100,43625
20220215,14:40,178.25,179.15,175.65,175.65,450,43625
20220215,14:41,175.35,179.00,173.40,178.85,275,43625
20220215,14:42,180.60,183.40,179.35,179.35,125,42975
20220215,14:43,180.50,180.50,174.75,175.55,175,42975
20220215,14:44,174.45,174.45,174.45,174.45,25,42975
20220215,14:45,178.75,181.80,178.75,180.25,200,43050
20220215,14:46,181.45,181.45,178.65,180.40,1475,43050
20220215,14:47,177.65,177.65,176.05,176.05,100,43050
20220215,14:48,178.05,178.05,175.95,175.95,175,42800
20220215,14:50,173.45,177.90,173.45,177.90,100,42800
20220215,14:51,178.75,187.45,178.75,187.10,1650,42350
20220215,14:52,190.00,191.65,188.90,190.55,1900,42350
20220215,14:53,190.50,194.15,190.50,191.55,675,42350
20220215,14:54,194.10,195.50,188.00,189.55,1825,42225
20220215,14:55,188.45,190.95,184.00,184.00,550,42225
20220215,14:56,185.50,188.65,182.45,185.45,575,42225
20220215,14:57,185.10,185.10,179.10,179.10,375,42250
20220215,14:58,177.50,179.65,175.00,175.00,325,42250
20220215,14:59,177.10,177.10,173.00,176.35,925,42250
20220215,15:00,180.95,185.70,180.95,184.50,125,42400
20220215,15:01,185.75,186.25,183.80,186.25,475,42400
20220215,15:02,186.05,187.25,186.05,187.00,725,42400
20220215,15:03,187.00,191.85,187.00,191.00,400,42650
20220215,15:04,190.50,190.50,184.70,185.50,800,42650
20220215,15:05,182.95,183.60,176.25,177.35,1775,42650
20220215,15:06,176.10,183.00,176.10,183.00,225,42675
20220215,15:07,185.10,187.95,185.10,187.55,325,42675
20220215,15:08,187.25,188.95,186.00,186.00,625,42675
20220215,15:09,187.80,187.80,178.55,181.00,400,43200
20220215,15:10,180.90,181.70,177.95,177.95,275,43200
20220215,15:11,175.95,178.85,174.40,178.85,600,43200
20220215,15:12,178.55,179.60,176.45,179.60,675,43175
20220215,15:13,180.80,187.15,180.80,187.15,1625,43175
20220215,15:14,188.80,193.45,187.10,193.45,625,43175
20220215,15:15,192.05,195.00,192.05,192.60,550,43125
20220215,15:16,190.30,190.30,185.60,187.25,325,43125
20220215,15:17,186.00,190.10,183.95,190.10,375,43125
20220215,15:18,189.40,192.40,188.25,192.40,1075,44375
20220215,15:19,192.40,194.80,192.00,193.40,1175,44375
20220215,15:20,193.20,193.90,192.45,193.55,550,44375
20220215,15:21,193.25,194.70,193.25,193.60,475,44375
20220215,15:22,193.85,193.85,190.95,193.85,425,44550
20220215,15:23,192.25,192.70,190.80,190.90,525,44550
20220215,15:24,193.20,194.40,192.70,192.70,175,44600
20220215,15:25,192.25,192.40,190.00,191.70,575,44600
20220215,15:26,190.25,191.80,190.25,191.80,200,44600
20220215,15:27,192.50,194.25,192.45,194.25,1300,44450
20220215,15:28,195.05,195.50,193.75,195.15,800,44450
20220215,15:29,195.05,195.55,190.70,190.70,500,44450
20220216,09:15,266.65,266.65,181.60,181.60,4676,41600
20220216,09:16,194.65,203.75,192.95,198.65,2400,41600
20220216,09:17,197.60,197.60,193.00,194.00,1325,44250
20220216,09:18,192.05,192.55,184.80,186.15,3375,44250
20220216,09:19,182.00,189.60,179.05,188.45,2925,44250
20220216,09:20,187.10,190.70,172.80,172.80,5000,46000
20220216,09:21,171.05,178.30,168.40,178.30,3525,46000
20220216,09:22,179.05,181.85,175.15,176.60,4500,46000
20220216,09:23,176.65,176.65,167.30,167.30,1200,46000
20220216,09:24,167.30,169.80,159.20,162.15,1475,46000
20220216,09:25,162.35,169.45,157.35,169.45,1450,46000
20220216,09:26,169.10,177.15,169.10,175.45,1750,48100
20220216,09:27,177.85,177.85,168.15,169.60,625,48100
20220216,09:28,172.45,177.65,171.30,176.75,800,48100
20220216,09:29,175.40,178.35,173.30,173.30,1625,47500
20220216,09:30,174.65,182.05,174.00,180.85,675,47500
20220216,09:31,184.60,188.20,184.60,185.05,1400,47500
20220216,09:32,185.10,185.10,180.00,180.00,1875,47400
20220216,09:33,178.75,179.55,172.10,174.55,1575,47400
20220216,09:34,176.80,176.80,166.75,169.50,575,47400
20220216,09:35,171.25,178.55,166.55,166.55,1000,47100
20220216,09:36,166.15,166.15,157.55,160.25,2050,47100
20220216,09:37,158.00,163.45,156.30,162.55,2275,47100
20220216,09:38,163.90,182.50,163.30,182.50,2200,48550
20220216,09:39,179.60,179.60,161.90,161.90,1400,48550
20220216,09:40,160.20,163.70,160.20,163.70,125,48550
20220216,09:41,163.55,163.55,158.85,160.90,725,49600
20220216,09:42,160.65,161.60,158.00,158.00,800,49600
20220216,09:43,158.50,158.50,155.00,155.00,375,49600
20220216,09:44,154.50,154.50,152.00,152.30,625,48575
20220216,09:45,150.00,162.75,150.00,161.85,1875,48575
20220216,09:46,165.05,165.05,153.90,153.90,325,48575
20220216,09:47,156.05,156.20,151.90,153.20,150,49425
20220216,09:48,151.00,157.75,149.75,157.75,725,49425
20220216,09:49,156.90,157.95,151.90,155.85,325,49425
20220216,09:50,156.65,160.55,156.65,158.40,575,50400
20220216,09:51,162.00,162.00,153.60,153.60,300,50400
20220216,09:52,151.35,154.15,138.90,142.45,2425,50400
20220216,09:53,145.50,145.50,140.25,142.75,925,51550
20220216,09:54,141.55,141.55,137.40,137.40,325,51550
20220216,09:55,135.85,141.45,135.45,141.45,1600,51550
20220216,09:56,140.15,145.40,139.95,145.40,500,50925
20220216,09:57,144.60,144.80,140.45,140.95,450,50925
20220216,09:58,139.15,141.55,139.15,141.55,75,50925
20220216,09:59,141.15,144.90,141.15,141.80,225,48850
20220216,10:00,140.10,151.70,140.10,149.35,650,48850
20220216,10:01,155.30,166.20,155.30,162.60,900,48850
20220216,10:02,158.20,158.20,148.10,148.10,775,49400
20220216,10:03,137.00,146.15,137.00,146.15,250,49400
20220216,10:04,148.00,153.30,148.00,153.30,100,49400
20220216,10:05,153.65,154.60,151.00,151.20,425,49400
20220216,10:06,148.05,151.00,144.85,149.35,250,50100
20220216,10:07,147.80,147.80,144.35,146.15,225,50100
20220216,10:08,147.00,149.75,147.00,149.25,775,50100
20220216,10:09,148.30,148.30,143.10,145.00,425,50050
20220216,10:11,143.00,144.10,143.00,144.10,150,49900
20220216,10:12,143.60,146.20,142.95,142.95,225,49900
20220216,10:13,144.00,144.55,142.85,144.50,275,49900
20220216,10:14,149.35,150.10,143.00,143.00,250,49875
20220216,10:15,140.70,148.20,140.70,145.55,325,49875
20220216,10:16,145.70,152.55,145.70,151.05,1475,49875
20220216,10:17,146.35,146.35,146.35,146.35,25,49875
20220216,10:18,146.25,149.15,146.25,149.15,125,50875
20220216,10:19,153.25,154.00,153.25,154.00,75,50875
20220216,10:20,156.95,156.95,152.15,152.15,200,50325
20220216,10:21,152.00,161.00,150.70,161.00,75,50325
20220216,10:22,163.45,164.30,161.20,161.20,425,50325
20220216,10:23,160.10,160.10,159.50,159.50,100,50325
20220216,10:24,157.65,157.65,152.05,152.05,625,50200
20220216,10:25,157.15,159.90,155.75,155.75,650,50200
20220216,10:26,156.85,158.15,156.00,158.15,225,50225
20220216,10:27,157.30,157.40,154.05,154.05,300,50225
20220216,10:28,145.65,151.15,145.65,151.00,625,50225
20220216,10:29,150.10,150.25,145.00,150.25,225,50225
20220216,10:30,147.55,150.20,147.55,147.90,300,50225
20220216,10:31,148.20,151.20,148.20,151.20,100,50225
20220216,10:32,145.55,146.45,145.55,146.45,100,50225
20220216,10:33,144.40,145.75,144.40,145.75,125,49500
20220216,10:34,148.95,148.95,147.75,147.75,50,49500
20220216,10:35,145.05,146.65,144.90,146.65,100,49500
20220216,10:36,147.25,147.35,147.25,147.35,50,50575
20220216,10:37,141.40,147.75,141.40,147.75,325,50575
20220216,10:38,146.10,146.10,145.00,145.00,225,50575
20220216,10:39,140.00,149.05,140.00,149.05,575,50550
20220216,10:41,143.55,143.55,143.55,143.55,25,50550
20220216,10:43,144.50,144.50,144.50,144.50,25,49425
20220216,10:44,141.85,141.85,137.95,139.50,1075,48650
20220216,10:45,138.70,138.70,132.90,135.40,625,48650
20220216,10:46,134.95,134.95,133.80,133.80,325,48650
20220216,10:47,135.45,137.35,135.35,135.35,125,48600
20220216,10:48,134.50,134.50,131.00,132.70,1650,48600
20220216,10:49,133.80,134.70,132.75,134.70,650,48600
20220216,10:50,135.10,135.10,133.00,133.00,75,48600
20220216,10:51,131.00,133.45,130.00,132.20,950,48275
20220216,10:52,132.45,132.45,128.95,130.05,700,48275
20220216,10:53,129.15,132.00,129.15,130.65,125,48275
20220216,10:54,130.05,130.05,128.60,130.00,275,47550
20220216,10:55,130.80,131.95,130.80,131.35,225,47550
20220216,10:56,131.20,133.00,129.70,129.70,200,47550
20220216,10:57,130.75,130.75,125.00,125.00,300,47550
20220216,10:58,125.00,125.00,119.85,119.85,300,47550
20220216,10:59,121.95,126.75,121.95,126.50,1200,47550
20220216,11:00,123.00,124.70,122.55,124.70,300,47675
20220216,11:01,123.85,125.45,123.40,123.40,200,47675
20220216,11:02,123.80,123.80,120.00,120.00,375,47875
20220216,11:03,120.10,120.10,116.15,118.50,1900,47875
20220216,11:04,118.70,119.10,117.05,117.05,1250,47875
20220216,11:05,118.15,119.90,116.90,119.35,300,47875
20220216,11:06,119.55,119.55,119.55,119.55,25,47800
20220216,11:07,121.65,124.05,121.65,124.05,200,47800
20220216,11:08,123.15,123.15,122.65,122.65,50,47800
20220216,11:09,119.80,123.45,119.80,123.45,200,47500
20220216,11:10,118.70,119.40,118.55,119.40,175,47500
20220216,11:11,119.75,120.45,119.75,120.45,450,47500
20220216,11:12,118.45,121.45,118.45,121.40,250,47525
20220216,11:13,123.05,124.80,123.05,124.80,375,47525
20220216,11:14,123.05,127.00,123.05,126.80,825,47525
20220216,11:16,127.25,127.25,126.90,126.90,100,47450
20220216,11:17,127.00,130.65,127.00,130.65,250,47450
20220216,11:18,127.90,129.20,127.90,129.20,100,47775
20220216,11:19,130.15,130.70,129.65,130.35,575,47775
20220216,11:20,131.70,134.45,131.70,133.15,800,47775
20220216,11:21,134.25,138.00,134.25,138.00,475,47875
20220216,11:22,140.55,140.85,137.95,137.95,1575,47875
20220216,11:23,137.45,137.45,133.60,134.00,900,47875
20220216,11:24,134.50,138.30,134.50,138.30,1125,47800
20220216,11:25,137.25,140.90,137.25,140.50,300,47800
20220216,11:26,134.55,134.55,134.25,134.25,175,47800
20220216,11:27,130.00,130.90,129.00,129.55,525,48100
20220216,11:28,127.35,127.35,124.10,124.10,150,48100
20220216,11:29,125.85,130.20,125.00,130.20,125,48100
20220216,11:30,131.70,131.70,126.40,129.60,125,47925
20220216,11:31,132.00,132.00,131.25,131.25,125,47925
20220216,11:32,129.20,129.20,127.00,127.00,100,47925
20220216,11:33,129.40,129.40,129.40,129.40,75,48475
20220216,11:34,128.90,128.90,128.60,128.60,50,48475
20220216,11:35,123.00,123.00,120.55,121.00,225,48475
20220216,11:36,122.00,123.20,119.15,119.85,625,48475
20220216,11:37,120.00,120.95,120.00,120.70,500,48475
20220216,11:38,121.70,122.65,120.00,120.00,1450,48475
20220216,11:39,121.80,121.80,118.10,118.10,300,48625
20220216,11:40,119.45,122.00,119.45,122.00,125,48625
20220216,11:41,123.95,123.95,123.95,123.95,25,48625
20220216,11:42,127.35,127.35,127.35,127.35,50,48500
20220216,11:43,128.65,128.65,126.65,126.65,775,48500
20220216,11:44,126.65,126.65,121.90,121.90,150,48500
20220216,11:45,123.45,125.50,123.45,125.50,50,47625
20220216,11:46,124.25,124.30,124.25,124.30,50,47625
20220216,11:47,121.45,124.05,121.45,124.05,125,47625
20220216,11:48,124.00,124.00,122.05,122.05,275,47775
20220216,11:49,124.05,124.05,124.05,124.05,25,47775
20220216,11:50,125.20,125.20,124.05,124.05,50,47775
20220216,11:51,125.80,128.55,125.80,125.85,150,47950
20220216,11:52,128.15,128.15,128.15,128.15,325,47950
20220216,11:53,127.70,128.35,127.70,128.20,100,47950
20220216,11:54,127.10,128.35,127.00,128.35,75,47600
20220216,11:55,128.55,128.70,124.90,124.95,450,47600
20220216,11:56,124.20,127.50,124.20,127.50,500,47600
20220216,11:57,125.30,125.30,124.10,124.10,150,47375
20220216,11:58,122.40,122.40,120.30,120.30,225,47375
20220216,11:59,119.85,121.25,119.60,119.60,450,47375
20220216,12:00,120.45,120.45,119.60,119.70,125,47575
20220216,12:01,118.00,122.40,118.00,122.40,675,47575
20220216,12:02,121.30,121.30,118.00,118.00,275,47575
20220216,12:03,121.15,122.55,121.00,121.00,225,48250
20220216,12:04,119.15,119.15,119.15,119.15,25,48250
20220216,12:05,122.55,122.55,122.55,122.55,25,48250
20220216,12:06,122.55,125.40,122.55,123.55,600,48350
20220216,12:07,121.95,126.35,121.95,126.35,475,48350
20220216,12:08,127.05,128.20,124.55,126.65,300,48350
20220216,12:09,124.20,124.20,124.20,124.20,25,48450
20220216,12:10,122.10,122.10,122.05,122.05,50,48450
20220216,12:11,128.55,128.55,128.55,128.55,25,48450
20220216,12:12,128.45,129.05,123.85,123.85,125,48450
20220216,12:13,127.15,128.00,127.15,128.00,125,48450
20220216,12:15,129.20,129.50,129.20,129.50,150,48450
20220216,12:16,131.00,134.45,131.00,134.45,475,48450
20220216,12:17,134.75,136.45,133.50,133.50,1575,48450
20220216,12:18,134.15,137.40,134.15,137.40,350,49175
20220216,12:19,140.05,144.50,140.05,140.45,500,49175
20220216,12:20,141.45,142.70,139.50,140.90,225,49175
20220216,12:21,140.85,143.45,140.40,142.95,400,49150
20220216,12:22,144.85,157.60,144.85,156.95,1125,49150
20220216,12:23,159.90,159.90,153.05,155.80,1325,49150
20220216,12:24,155.55,156.80,150.00,150.00,1150,49700
20220216,12:25,151.95,157.15,151.45,155.65,250,49700
20220216,12:26,155.15,156.45,154.75,156.45,225,49700
20220216,12:27,153.25,153.25,146.90,148.10,675,50175
20220216,12:28,145.60,154.85,145.60,153.00,225,50175
20220216,12:29,152.90,152.90,147.25,148.15,975,50175
20220216,12:30,148.35,148.35,138.80,139.15,750,50450
20220216,12:31,142.25,149.00,142.25,149.00,775,50450
20220216,12:32,149.35,153.30,149.35,153.30,300,50450
20220216,12:33,153.90,157.25,153.50,157.25,75,49925
20220216,12:34,160.05,162.50,158.90,161.70,800,49925
20220216,12:35,162.25,164.15,157.65,164.15,1800,49925
20220216,12:36,166.45,166.45,159.20,166.00,975,51125
20220216,12:37,165.50,172.90,164.80,172.90,1650,51125
20220216,12:38,173.65,186.60,170.40,186.60,4700,51125
20220216,12:39,185.55,192.35,185.20,191.25,1450,54075
20220216,12:40,189.95,193.90,178.00,178.00,1525,54075
20220216,12:41,180.90,180.90,174.00,174.30,475,54075
20220216,12:42,173.55,174.65,167.00,174.65,850,54300
20220216,12:43,174.15,177.60,173.10,176.45,700,54300
20220216,12:44,170.95,175.10,167.75,175.10,650,54300
20220216,12:45,175.75,177.70,171.00,172.90,200,54450
20220216,12:46,172.05,176.65,169.25,176.35,400,54450
20220216,12:47,176.05,187.95,175.15,183.30,800,54450
20220216,12:48,179.30,181.80,174.65,179.55,600,54000
20220216,12:49,179.65,182.65,179.65,182.10,200,54000
20220216,12:50,179.30,180.05,176.75,179.30,175,54000
20220216,12:51,178.85,178.85,172.85,172.85,150,54000
20220216,12:52,171.00,171.00,168.05,168.05,225,54000
20220216,12:53,170.15,170.65,163.10,163.10,925,54000
20220216,12:54,163.55,164.20,148.65,150.70,1225,53475
20220216,12:55,153.95,166.70,153.95,166.70,225,53475
20220216,12:56,166.05,166.05,158.00,158.05,775,53475
20220216,12:57,158.35,160.45,157.10,159.40,425,53725
20220216,12:58,160.00,161.80,160.00,161.00,775,53725
20220216,12:59,159.90,160.00,157.70,158.45,300,53725
20220216,13:00,155.75,161.30,155.75,161.30,700,52625
20220216,13:01,163.85,166.15,163.85,165.00,350,52625
20220216,13:02,164.45,164.55,159.55,162.30,1500,52625
20220216,13:03,162.05,166.15,162.05,164.55,1475,52100
20220216,13:04,167.00,170.40,167.00,169.75,475,52100
20220216,13:05,171.80,174.15,170.35,173.05,350,52100
20220216,13:06,171.55,173.35,169.00,173.35,625,51600
20220216,13:07,174.80,174.80,173.15,174.55,75,51600
20220216,13:08,172.95,172.95,168.65,170.05,275,51600
20220216,13:09,168.85,168.85,160.20,167.85,575,51650
20220216,13:10,168.30,172.95,168.30,169.40,1200,51650
20220216,13:11,168.70,169.50,162.80,165.05,700,51650
20220216,13:12,164.05,164.05,159.25,159.25,300,52650
20220216,13:13,163.00,163.00,158.35,160.50,400,52650
20220216,13:14,156.35,163.55,156.25,163.55,625,52650
20220216,13:15,165.40,167.65,164.25,166.65,525,52150
20220216,13:16,160.15,163.45,160.05,163.45,175,52150
20220216,13:17,161.00,163.35,161.00,163.35,475,52150
20220216,13:18,160.30,161.80,153.50,153.50,450,51925
20220216,13:19,154.40,155.65,148.80,153.55,1250,51925
20220216,13:20,153.55,158.25,151.50,156.50,1550,51925
20220216,13:21,155.40,165.15,155.40,165.15,550,50500
20220216,13:22,166.10,167.00,161.75,167.00,325,50500
20220216,13:23,166.90,166.90,163.35,166.65,175,50500
20220216,13:24,163.25,167.00,162.55,166.50,325,50450
20220216,13:25,166.30,168.15,164.90,164.90,325,50450
20220216,13:26,169.95,171.90,168.05,168.65,1625,50450
20220216,13:27,168.10,168.10,164.40,165.80,250,50450
20220216,13:28,171.45,176.65,171.45,174.65,700,50300
20220216,13:29,172.65,180.00,170.80,180.00,950,50300
20220216,13:30,180.25,181.95,179.10,181.15,3500,53075
20220216,13:31,182.00,182.00,175.40,175.65,225,53075
20220216,13:32,171.00,172.25,171.00,172.25,150,53075
20220216,13:33,176.95,181.95,176.95,181.35,550,53275
20220216,13:34,180.60,180.60,168.90,174.10,1275,53275
20220216,13:35,173.95,174.80,170.85,170.85,375,53275
20220216,13:36,170.85,175.05,170.55,175.05,300,52875
20220216,13:37,177.10,181.00,174.00,178.25,600,52875
20220216,13:38,180.65,180.65,177.00,178.25,550,52875
20220216,13:39,177.35,180.00,176.05,180.00,525,52875
20220216,13:40,180.00,182.10,180.00,181.40,325,52125
20220216,13:41,181.30,181.40,176.65,177.40,2475,52125
20220216,13:42,176.35,177.45,175.95,176.95,275,53775
20220216,13:43,180.25,183.15,179.65,179.65,875,53775
20220216,13:44,185.50,185.50,181.75,183.20,450,53775
20220216,13:45,185.30,187.15,180.90,187.15,475,54375
20220216,13:46,185.40,186.10,181.85,186.10,625,54375
20220216,13:47,185.60,188.00,183.50,184.45,1800,54375
20220216,13:48,183.60,184.65,181.65,184.50,3100,50900
20220216,13:49,184.35,187.00,184.35,186.35,775,50900
20220216,13:50,190.20,198.00,190.20,193.10,1650,50900
20220216,13:51,195.60,195.60,190.75,190.75,400,51800
20220216,13:52,190.70,200.25,190.70,200.25,700,51800
20220216,13:53,200.45,201.80,197.15,198.85,1650,51800
20220216,13:54,200.00,200.00,188.85,188.85,650,51525
20220216,13:55,190.10,192.75,181.05,181.05,800,51525
20220216,13:56,182.75,189.30,176.50,189.30,1750,51525
20220216,13:57,188.65,192.75,188.65,189.65,150,51525
20220216,13:58,185.80,191.00,185.80,191.00,325,50925
20220216,13:59,190.75,191.25,187.15,189.90,1075,50925
20220216,14:00,191.25,191.25,187.50,191.00,1925,52150
20220216,14:01,186.40,191.00,186.40,191.00,75,52150
20220216,14:02,191.40,191.40,187.60,188.15,575,52150
20220216,14:03,188.95,190.00,187.60,190.00,225,52150
20220216,14:04,187.70,190.00,187.70,190.00,50,52200
20220216,14:05,193.25,193.25,191.30,193.00,100,52200
20220216,14:06,186.55,187.05,177.10,187.05,750,52200
20220216,14:07,187.05,189.85,186.80,187.55,225,54700
20220216,14:08,188.70,189.75,187.20,188.00,200,54700
20220216,14:09,188.20,189.30,187.55,187.55,1875,54450
20220216,14:10,189.65,189.65,183.00,183.00,1750,54450
20220216,14:11,184.85,184.85,177.45,177.45,100,54450
20220216,14:12,175.95,176.05,166.80,167.10,1525,56275
20220216,14:13,169.25,176.75,169.05,175.00,1625,56275
20220216,14:14,173.00,180.30,172.90,179.50,725,56275
20220216,14:15,179.05,182.60,167.85,167.85,750,55850
20220216,14:16,167.65,176.95,167.65,176.95,1825,55850
20220216,14:17,174.45,175.60,172.15,172.75,1475,55850
20220216,14:18,169.80,171.30,169.80,171.30,250,56450
20220216,14:19,167.70,167.70,161.05,161.05,925,56450
20220216,14:20,157.20,157.70,150.35,155.60,1775,56450
20220216,14:21,153.10,159.40,151.30,158.35,975,55475
20220216,14:22,163.10,167.85,159.90,166.35,300,55475
20220216,14:23,163.25,163.25,157.95,159.70,700,55475
20220216,14:24,158.20,160.95,155.00,160.15,525,55000
20220216,14:25,163.40,165.10,163.40,164.00,225,55000
20220216,14:26,167.10,170.20,167.10,169.55,250,55000
20220216,14:27,167.70,168.80,167.70,168.80,400,55250
20220216,14:28,169.60,171.00,167.35,169.75,225,55250
20220216,14:29,168.90,169.30,164.90,164.90,275,55250
20220216,14:30,164.60,173.10,164.60,170.70,400,54750
20220216,14:31,170.15,170.15,164.15,168.70,925,54750
20220216,14:32,167.50,167.90,165.85,167.00,275,54750
20220216,14:33,164.50,167.00,164.50,167.00,50,54750
20220216,14:34,168.40,170.10,168.40,168.80,225,55725
20220216,14:35,165.00,168.35,165.00,168.35,1100,55725
20220216,14:36,166.75,166.75,157.85,158.85,1475,56350
20220216,14:37,157.95,158.45,150.80,152.15,4750,56350
20220216,14:38,152.80,153.25,152.00,152.55,1500,56350
20220216,14:39,151.90,151.90,146.00,146.00,1475,55200
20220216,14:40,144.10,144.10,128.60,134.05,2175,55200
20220216,14:41,133.95,135.70,128.25,130.55,625,55200
20220216,14:42,127.00,136.35,125.90,136.35,2225,55425
20220216,14:43,138.00,143.15,137.05,143.15,600,55425
20220216,14:44,143.25,143.95,132.50,133.30,900,55425
20220216,14:45,132.55,145.40,129.40,143.35,850,55500
20220216,14:46,142.90,147.45,141.75,142.40,2350,55500
20220216,14:47,142.65,144.40,138.30,140.20,2600,55500
20220216,14:48,138.75,144.35,133.80,133.80,2325,55050
20220216,14:49,133.55,133.55,121.70,126.75,750,55050
20220216,14:50,125.90,132.00,122.55,127.00,1600,55050
20220216,14:51,127.00,130.00,127.00,128.30,375,56825
20220216,14:52,128.70,131.00,121.30,122.35,650,56825
20220216,14:53,122.75,126.15,121.40,126.15,1575,56825
20220216,14:54,126.10,129.00,123.25,123.25,600,56850
20220216,14:55,123.55,126.75,123.55,126.75,150,56850
20220216,14:56,128.85,131.70,126.65,128.20,2075,56850
20220216,14:57,127.60,127.60,120.75,120.75,950,58125
20220216,14:58,122.30,123.60,122.10,123.10,525,58125
20220216,14:59,124.05,131.45,124.05,129.10,875,58125
20220216,15:00,132.10,137.85,128.40,130.40,1025,58300
20220216,15:01,131.25,131.25,122.05,122.55,700,58300
20220216,15:02,123.05,126.60,119.50,126.60,600,58300
20220216,15:03,128.15,134.65,128.15,129.00,475,58300
20220216,15:04,127.50,128.40,124.60,128.00,600,57575
20220216,15:05,128.00,128.00,119.00,119.00,575,57575
20220216,15:06,122.05,124.60,122.05,124.00,175,57575
20220216,15:07,121.25,121.25,118.05,119.35,1825,57425
20220216,15:08,118.80,122.25,118.40,122.25,850,57425
20220216,15:09,121.50,130.05,121.50,130.05,1250,57425
20220216,15:10,130.45,130.85,125.15,126.25,750,57175
20220216,15:11,124.85,124.85,119.30,119.95,2175,57175
20220216,15:12,119.75,122.00,119.75,121.75,1075,57175
20220216,15:13,118.55,120.45,116.00,116.00,625,59625
20220216,15:14,116.00,117.35,114.90,114.90,825,59625
20220216,15:15,115.45,115.45,111.00,111.00,750,59625
20220216,15:16,110.80,113.00,105.20,105.20,3975,59950
20220216,15:17,104.70,104.70,101.00,103.00,1475,59950
20220216,15:18,103.15,112.00,103.15,112.00,950,59950
20220216,15:19,108.40,108.40,104.85,104.85,925,58150
20220216,15:20,106.45,106.45,103.55,103.55,650,58150
20220216,15:21,103.00,103.40,101.00,101.00,1400,58150
20220216,15:22,101.20,101.60,98.60,101.25,1725,56500
20220216,15:23,100.00,101.45,99.30,101.25,1575,56500
20220216,15:24,102.90,103.85,101.55,103.05,1450,56500
20220216,15:25,103.95,103.95,99.90,102.50,1925,56200
20220216,15:26,103.25,103.25,101.70,102.90,2800,56200
20220216,15:27,102.25,102.25,100.05,100.90,675,56200
20220216,15:28,100.05,100.80,98.40,98.40,1250,56700
20220216,15:29,98.35,98.75,96.75,98.35,2075,56700
20220217,09:15,118.35,118.35,102.15,108.90,1951,53900
20220217,09:16,106.30,107.55,99.40,107.55,3825,53900
20220217,09:17,105.55,105.55,101.45,102.65,2175,56325
20220217,09:18,104.65,108.10,102.80,108.10,2000,56325
20220217,09:19,106.75,111.30,104.45,109.55,2950,56325
20220217,09:20,109.25,112.00,107.85,111.95,1875,56550
20220217,09:21,110.05,112.10,108.15,108.80,1900,56550
20220217,09:22,109.70,110.55,106.05,109.60,5950,56550
20220217,09:23,109.55,109.55,102.95,105.15,4875,59925
20220217,09:24,103.25,107.70,101.75,106.65,2100,59925
20220217,09:25,105.15,105.80,98.75,100.15,5450,59925
20220217,09:26,99.30,100.00,93.10,96.75,7050,60925
20220217,09:27,97.25,99.35,95.75,97.90,1575,60925
20220217,09:28,97.60,101.85,95.90,98.50,3625,60925
20220217,09:29,95.15,100.00,92.70,95.15,2150,62450
20220217,09:30,95.50,95.50,88.35,92.00,2925,62450
20220217,09:31,92.10,97.55,92.10,95.50,2975,62450
20220217,09:32,95.65,99.00,93.40,97.35,3350,64525
20220217,09:33,96.90,96.90,92.00,93.90,1225,64525
20220217,09:34,91.50,93.15,90.55,92.45,1225,64525
20220217,09:35,91.65,91.65,88.85,88.85,1375,65025
20220217,09:36,91.60,94.50,90.45,94.50,1625,65025
20220217,09:37,95.40,95.40,91.15,91.15,1875,65025
20220217,09:38,88.45,92.00,88.45,89.15,4000,65850
20220217,09:39,90.15,91.30,86.05,87.85,4775,65850
20220217,09:40,87.75,90.00,85.65,90.00,4225,65850
20220217,09:41,88.50,91.55,87.75,87.75,1900,65975
20220217,09:42,87.60,90.60,87.60,90.35,1300,65975
20220217,09:43,89.80,92.45,89.55,92.45,4425,65975
20220217,09:44,92.20,92.20,86.35,87.90,1325,65250
20220217,09:45,85.00,87.20,79.30,85.15,3550,65250
20220217,09:46,84.60,88.15,84.60,87.25,1150,65250
20220217,09:47,86.95,88.65,84.80,84.80,1450,65875
20220217,09:48,85.75,85.75,83.00,85.25,3850,65875
20220217,09:49,82.70,86.90,82.70,86.90,2350,65875
20220217,09:50,83.95,87.05,83.10,83.95,2125,63925
20220217,09:51,82.85,86.25,82.85,84.50,600,63925
20220217,09:52,84.45,84.45,83.00,84.45,900,63925
20220217,09:53,86.00,87.85,85.00,85.00,2925,63725
20220217,09:54,86.80,87.30,85.75,86.30,400,63725
20220217,09:55,87.15,87.70,83.85,86.10,3300,63725
20220217,09:56,86.35,86.35,83.60,83.60,575,63725
20220217,09:57,82.95,84.30,81.40,84.30,1000,63875
20220217,09:58,83.35,85.80,83.35,84.80,875,63875
20220217,09:59,84.75,85.95,84.00,85.40,950,64450
20220217,10:00,82.45,82.60,81.20,81.80,750,64450
20220217,10:01,83.00,85.05,82.60,85.05,650,64450
20220217,10:02,85.15,85.15,82.50,84.60,700,65000
20220217,10:03,83.25,85.00,83.25,85.00,325,65000
20220217,10:04,86.70,86.70,83.25,83.25,550,65000
20220217,10:05,82.40,85.75,82.40,84.00,825,63650
20220217,10:06,82.00,87.20,82.00,87.20,1450,63650
20220217,10:07,88.00,88.00,83.45,83.45,1125,63650
20220217,10:08,83.80,86.45,81.80,81.80,1775,64000
20220217,10:09,80.75,80.85,76.70,76.70,2250,64000
20220217,10:10,78.80,82.30,77.40,79.60,2050,64000
20220217,10:11,80.40,83.00,80.40,82.25,5375,63800
20220217,10:12,82.20,83.25,81.80,82.20,975,63800
20220217,10:13,83.05,84.00,81.40,82.40,550,63800
20220217,10:14,83.55,85.85,82.30,82.30,2175,63775
20220217,10:15,83.60,84.65,82.15,84.65,1100,63775
20220217,10:16,85.10,85.10,83.00,83.60,250,63775
20220217,10:17,84.70,86.05,83.05,85.20,1700,63325
20220217,10:18,85.00,86.40,84.50,84.50,650,63325
20220217,10:19,84.15,85.05,82.30,82.30,750,63325
20220217,10:20,82.50,85.20,82.00,84.15,625,64100
20220217,10:21,84.10,84.10,83.25,83.40,975,64100
20220217,10:22,82.70,83.35,81.05,81.65,1050,64100
20220217,10:23,80.80,81.75,80.30,81.00,775,63550
20220217,10:24,81.10,82.60,77.55,81.60,975,63550
20220217,10:25,80.45,83.00,80.45,80.50,2250,63550
20220217,10:26,80.00,83.85,79.70,82.60,4025,63775
20220217,10:27,82.55,84.25,80.00,84.25,1100,63775
20220217,10:28,83.75,83.75,82.15,83.20,850,63775
20220217,10:29,83.20,84.00,79.95,81.70,1625,63300
20220217,10:30,82.05,82.05,80.25,81.85,1225,63300
20220217,10:31,83.25,84.75,82.50,82.50,2825,63300
20220217,10:32,83.05,84.50,82.45,84.50,1400,64700
20220217,10:33,84.50,85.30,83.35,84.00,1225,64700
20220217,10:34,83.10,84.70,83.10,84.50,600,64700
20220217,10:35,84.00,86.65,83.60,86.15,675,64625
20220217,10:36,85.95,85.95,83.60,85.70,850,64625
20220217,10:37,85.90,88.00,84.15,88.00,1925,64625
20220217,10:38,89.55,89.55,87.10,87.40,1500,63450
20220217,10:39,86.70,89.00,85.70,88.05,500,63450
20220217,10:40,86.95,87.95,86.30,86.95,2450,63450
20220217,10:41,86.25,90.80,86.25,89.65,4875,63450
20220217,10:42,87.50,87.80,85.35,86.80,1725,62925
20220217,10:43,87.05,88.75,86.25,87.55,1175,62925
20220217,10:44,87.65,89.95,87.00,89.50,1175,63625
20220217,10:45,88.90,89.05,83.60,86.60,1175,63625
20220217,10:46,87.15,91.95,87.15,91.15,2675,63625
20220217,10:47,89.25,91.25,89.25,90.40,2600,63375
20220217,10:48,90.85,91.90,87.30,89.60,1900,63375
20220217,10:49,89.80,91.00,87.15,87.15,375,63375
20220217,10:50,89.05,89.05,87.40,88.00,400,63375
20220217,10:51,87.75,89.10,86.50,88.45,975,62275
20220217,10:52,88.65,90.00,88.55,88.60,425,62275
20220217,10:53,89.40,91.50,88.50,91.50,1750,63325
20220217,10:54,91.55,91.60,89.00,89.00,1150,63325
20220217,10:55,89.00,91.20,89.00,90.90,550,63325
20220217,10:56,89.95,90.35,87.15,87.40,1375,63325
20220217,10:57,87.55,91.00,86.80,91.00,200,63800
20220217,10:58,92.45,93.65,91.10,92.15,1675,63800
20220217,10:59,93.90,98.20,93.90,97.90,4725,63800
20220217,11:00,96.60,97.75,93.15,95.50,1700,63100
20220217,11:01,95.40,102.80,95.00,100.80,1725,63100
20220217,11:02,101.60,102.80,98.75,98.95,2925,63100
20220217,11:03,98.20,101.10,96.70,98.55,1325,64075
20220217,11:04,99.30,100.40,97.95,98.25,1650,64075
20220217,11:05,98.65,100.35,98.00,98.35,875,64075
20220217,11:06,98.00,99.20,91.65,94.65,1625,65075
20220217,11:07,94.65,94.65,91.50,92.10,1300,65075
20220217,11:08,90.90,97.05,90.90,95.80,1575,65075
20220217,11:09,97.25,100.95,97.25,100.00,2775,64850
20220217,11:10,97.80,97.80,91.25,96.10,3625,64850
20220217,11:11,95.90,99.00,95.90,96.05,1625,64850
20220217,11:12,96.35,96.35,92.40,93.95,1375,64075
20220217,11:13,95.35,95.35,91.50,94.45,1100,64075
20220217,11:14,92.45,93.50,91.85,93.00,1050,64075
20220217,11:15,93.00,94.20,88.75,88.75,1850,64150
20220217,11:16,88.00,90.00,84.75,90.00,1750,64150
20220217,11:17,90.90,95.90,90.00,95.85,2225,64150
20220217,11:18,94.85,94.85,88.55,88.55,1475,65525
20220217,11:19,88.90,91.30,87.90,88.95,1925,65525
20220217,11:20,88.55,91.50,88.10,88.10,1325,65525
20220217,11:21,88.75,89.70,86.55,89.70,900,66575
20220217,11:22,92.05,93.30,90.20,90.75,525,66575
20220217,11:23,91.50,93.00,91.15,93.00,425,66575
20220217,11:24,92.70,94.95,92.15,92.95,1525,66125
20220217,11:25,92.90,96.95,92.90,94.85,775,66125
20220217,11:26,92.05,95.00,91.95,93.50,1100,66125
20220217,11:27,93.95,97.70,93.95,94.55,800,65850
20220217,11:28,95.60,98.55,95.20,95.25,1050,65850
20220217,11:29,95.60,97.00,95.00,97.00,900,65850
20220217,11:30,94.00,95.65,92.15,95.00,1075,66200
20220217,11:31,95.30,97.20,95.05,97.20,575,66200
20220217,11:32,98.05,98.05,94.25,97.00,725,66200
20220217,11:33,96.55,96.95,95.40,96.00,250,67100
20220217,11:34,96.60,96.60,95.40,95.40,375,67100
20220217,11:35,95.40,97.40,94.55,94.55,1175,67100
20220217,11:36,94.00,94.00,90.40,90.40,1425,68025
20220217,11:37,91.00,95.00,91.00,94.75,1325,68025
20220217,11:38,93.95,95.60,92.00,92.00,275,68025
20220217,11:39,91.90,92.85,89.00,89.85,4725,69125
20220217,11:40,90.20,91.65,80.80,82.55,3725,69125
20220217,11:41,81.55,84.55,78.00,84.45,2925,69125
20220217,11:42,83.35,85.50,80.40,85.05,2250,69925
20220217,11:43,86.35,86.75,84.25,86.10,1875,69925
20220217,11:44,85.00,85.00,82.75,84.45,1025,69925
20220217,11:45,84.90,86.55,82.80,86.55,1200,70425
20220217,11:46,85.00,86.80,85.00,85.15,1975,70425
20220217,11:47,85.55,86.40,84.45,84.45,1350,70425
20220217,11:48,84.95,87.00,84.95,85.30,1150,70400
20220217,11:49,86.10,86.10,84.95,86.10,275,70400
20220217,11:50,84.90,86.95,84.90,86.85,1000,70400
20220217,11:51,85.95,86.85,83.95,83.95,725,70825
20220217,11:52,85.10,85.25,82.80,84.55,1325,70825
20220217,11:53,83.35,84.55,83.10,84.55,1025,70825
20220217,11:54,83.50,84.45,82.65,84.40,650,70150
20220217,11:55,84.80,86.05,83.00,86.05,1075,70150
20220217,11:56,85.35,86.80,85.35,86.60,350,70150
20220217,11:57,86.40,88.55,86.40,86.65,575,70175
20220217,11:58,85.40,88.95,84.70,88.55,775,70175
20220217,11:59,87.80,91.35,87.25,91.35,3125,70175
20220217,12:00,92.55,93.00,90.40,90.90,1850,71350
20220217,12:01,90.75,90.75,87.75,89.05,575,71350
20220217,12:02,88.35,91.70,88.35,89.65,1275,71350
20220217,12:03,88.95,92.10,88.95,90.90,1975,71850
20220217,12:04,89.80,90.40,86.55,90.40,1100,71850
20220217,12:05,90.60,92.60,88.00,90.85,875,71850
20220217,12:06,91.20,93.00,91.05,91.70,1950,70200
20220217,12:07,91.10,93.50,90.90,92.50,1250,70200
20220217,12:08,91.75,92.25,91.20,91.65,700,70200
20220217,12:09,90.95,91.00,90.95,90.95,575,69850
20220217,12:10,91.80,91.80,90.45,90.45,150,69850
20220217,12:11,93.00,94.75,93.00,94.60,375,69850
20220217,12:12,94.50,94.50,92.50,92.70,2575,71275
20220217,12:13,92.10,94.60,92.10,94.60,500,71275
20220217,12:14,93.00,93.00,90.60,92.70,625,71275
20220217,12:15,91.20,91.45,85.80,89.10,1450,71050
20220217,12:16,89.80,94.35,89.80,93.40,1225,71050
20220217,12:17,91.25,91.65,90.25,91.65,950,71050
20220217,12:18,90.70,90.80,87.85,87.85,425,70500
20220217,12:19,89.00,91.65,88.15,91.65,600,70500
20220217,12:20,90.75,90.75,88.65,89.20,350,70500
20220217,12:21,89.40,89.40,87.55,89.05,675,70625
20220217,12:22,87.30,88.00,83.85,86.00,1450,70625
20220217,12:23,85.75,86.50,85.75,85.95,250,70625
20220217,12:24,87.70,90.00,87.70,89.50,750,71500
20220217,12:25,89.85,92.00,89.45,92.00,775,71500
20220217,12:26,91.30,94.00,90.70,90.75,475,71500
20220217,12:27,90.85,91.20,90.10,90.10,600,71225
20220217,12:28,93.20,93.20,91.50,91.50,125,71225
20220217,12:29,90.35,90.35,89.20,89.20,1075,71225
20220217,12:30,89.70,91.30,89.70,91.30,375,71250
20220217,12:31,90.75,91.35,89.30,89.30,800,71250
20220217,12:32,89.65,94.00,89.65,93.25,1325,71250
20220217,12:33,93.00,94.95,92.60,92.60,250,71950
20220217,12:34,93.85,96.80,93.65,95.70,1750,71950
20220217,12:35,96.30,97.80,96.10,97.80,675,71950
20220217,12:36,97.20,97.20,91.70,91.70,600,71525
20220217,12:37,91.70,97.35,91.70,97.35,600,71525
20220217,12:38,95.90,97.35,93.90,93.90,850,71525
20220217,12:39,94.30,94.45,92.95,92.95,275,71200
20220217,12:40,91.70,91.70,89.10,90.15,600,71200
20220217,12:41,90.80,90.90,87.75,89.85,1050,71200
20220217,12:42,90.15,90.40,89.30,90.35,100,71625
20220217,12:43,90.70,91.05,90.70,91.05,100,71625
20220217,12:44,91.05,91.05,88.95,90.35,200,71625
20220217,12:45,90.50,91.90,90.50,90.85,175,71300
20220217,12:46,90.25,90.25,89.60,89.60,50,71300
20220217,12:47,90.35,90.50,87.50,88.00,450,71300
20220217,12:48,88.00,88.00,82.95,87.60,2875,70725
20220217,12:49,87.40,90.40,87.40,90.00,825,70725
20220217,12:50,90.00,90.00,86.60,86.60,575,70725
20220217,12:51,86.65,90.00,86.60,88.55,575,70850
20220217,12:52,88.75,89.70,86.70,86.70,275,70850
20220217,12:53,87.00,89.40,87.00,89.40,150,70850
20220217,12:54,87.50,87.65,86.05,86.05,175,70950
20220217,12:55,85.55,87.00,85.00,86.00,350,70950
20220217,12:56,85.50,87.50,85.50,86.25,1450,70950
20220217,12:57,86.95,88.10,86.95,88.05,225,71025
20220217,12:58,88.70,88.70,88.25,88.25,275,71025
20220217,12:59,88.15,90.00,88.15,89.25,400,71025
20220217,13:00,90.00,92.70,90.00,92.25,500,71325
20220217,13:01,91.75,92.50,91.70,91.75,500,71325
20220217,13:02,90.00,90.00,89.05,89.75,625,71325
20220217,13:03,89.60,90.10,88.90,88.90,350,71375
20220217,13:04,89.75,89.75,86.20,87.20,1250,71375
20220217,13:05,86.85,87.15,84.65,86.10,1025,71375
20220217,13:06,85.55,85.55,79.25,82.50,1825,72600
20220217,13:07,82.80,82.80,79.65,82.50,975,72600
20220217,13:08,83.85,85.75,82.25,85.75,525,72600
20220217,13:09,86.45,87.05,85.00,85.00,1000,72350
20220217,13:10,85.00,86.50,84.65,85.60,1650,72350
20220217,13:11,85.05,86.65,85.00,86.65,975,72350
20220217,13:12,86.25,90.00,86.25,89.70,950,73400
20220217,13:13,88.50,89.30,88.05,89.05,1100,73400
20220217,13:14,89.10,89.10,84.75,84.75,1350,73400
20220217,13:15,85.40,89.20,85.30,88.50,1225,73350
20220217,13:16,87.90,88.50,85.30,86.00,450,73350
20220217,13:17,86.55,86.85,85.35,86.65,1625,73350
20220217,13:18,85.95,85.95,84.75,85.75,525,73250
20220217,13:19,83.75,86.30,83.75,86.30,1175,73250
20220217,13:20,85.75,87.30,85.20,85.55,950,73250
20220217,13:21,85.15,85.60,84.50,84.80,875,73900
20220217,13:22,85.20,86.10,84.05,85.00,875,73900
20220217,13:23,85.10,85.80,84.00,84.00,825,73900
20220217,13:24,84.00,84.10,81.75,81.75,450,74725
20220217,13:25,82.00,82.45,79.45,80.70,2400,74725
20220217,13:26,80.00,80.75,79.35,80.65,1300,74725
20220217,13:27,80.15,82.40,80.15,81.30,1250,76525
20220217,13:28,80.60,80.60,79.25,79.65,550,76525
20220217,13:29,79.95,82.65,79.80,81.30,775,76525
20220217,13:30,81.00,85.00,81.00,84.15,2450,76900
20220217,13:31,83.85,84.80,82.00,83.35,325,76900
20220217,13:32,83.00,85.40,83.00,85.40,1200,76900
20220217,13:33,85.80,86.15,82.25,84.00,2075,78925
20220217,13:34,83.05,83.05,82.65,82.65,125,78925
20220217,13:35,81.55,85.55,81.55,85.55,1550,78925
20220217,13:36,84.95,86.00,83.85,86.00,650,79350
20220217,13:37,85.90,87.00,85.45,85.80,1025,79350
20220217,13:38,86.25,87.15,85.35,86.60,550,79350
20220217,13:39,86.55,88.50,86.20,88.50,1150,79475
20220217,13:40,88.85,89.45,87.20,88.85,2525,79475
20220217,13:41,90.00,90.20,87.65,89.60,1600,79475
20220217,13:42,90.40,91.20,90.25,91.20,1150,80200
20220217,13:43,92.00,93.95,91.25,93.95,2425,80200
20220217,13:44,93.55,94.40,91.60,94.15,1400,80200
20220217,13:45,93.45,93.45,89.00,89.00,475,79450
20220217,13:46,88.90,92.00,88.40,91.65,525,79450
20220217,13:47,90.00,91.00,87.10,91.00,550,79450
20220217,13:48,91.00,91.00,87.60,89.05,675,78450
20220217,13:49,88.85,91.40,88.35,90.70,1025,78450
20220217,13:50,90.95,92.00,90.30,90.95,1800,78450
20220217,13:51,90.30,90.30,87.80,89.65,1750,78350
20220217,13:52,88.55,90.15,88.55,90.15,1200,78350
20220217,13:53,89.95,90.75,88.20,88.20,450,78350
20220217,13:54,87.65,87.65,81.75,86.10,350,78800
20220217,13:55,85.15,85.50,82.00,82.00,500,78800
20220217,13:56,82.95,85.45,82.95,83.35,1125,78800
20220217,13:57,83.20,83.20,79.45,80.15,2200,78650
20220217,13:58,80.20,84.90,80.20,83.75,1175,78650
20220217,13:59,84.65,84.80,81.35,82.25,2050,78650
20220217,14:00,82.85,84.90,80.95,84.00,2550,79975
20220217,14:01,82.40,84.00,82.00,82.00,300,79975
20220217,14:02,82.85,84.35,82.00,82.75,1000,79975
20220217,14:03,82.05,82.15,79.00,80.30,750,81275
20220217,14:04,80.00,81.85,79.45,80.45,900,81275
20220217,14:05,79.00,79.00,77.60,77.60,475,81275
20220217,14:06,79.15,79.15,75.75,75.95,15350,85050
20220217,14:07,77.95,77.95,75.90,76.20,1225,85050
20220217,14:08,76.85,79.00,76.85,78.50,900,85050
20220217,14:09,78.40,78.90,76.90,78.50,875,91400
20220217,14:10,76.75,78.30,76.50,77.30,900,91400
20220217,14:11,76.35,78.00,76.35,77.30,725,91400
20220217,14:12,77.00,78.25,76.35,78.25,600,90375
20220217,14:13,78.10,78.10,75.15,75.15,875,90375
20220217,14:14,75.00,75.00,72.00,73.45,2325,90375
20220217,14:15,73.05,73.05,70.00,70.60,3025,90775
20220217,14:16,71.10,71.30,69.00,70.15,1450,90775
20220217,14:17,68.00,70.00,66.95,70.00,4450,90775
20220217,14:18,70.00,72.15,69.30,71.25,3225,89175
20220217,14:19,71.05,73.00,70.85,72.95,1925,89175
20220217,14:20,71.70,74.20,71.70,72.60,675,89175
20220217,14:21,72.25,75.10,71.60,74.00,1800,89250
20220217,14:22,74.00,74.00,72.40,73.30,500,89250
20220217,14:23,73.00,75.45,73.00,75.45,475,89250
20220217,14:24,76.00,76.00,74.05,75.40,625,88750
20220217,14:25,75.55,75.55,74.60,75.25,1150,88750
20220217,14:26,76.15,76.15,74.00,74.85,850,88750
20220217,14:27,74.45,75.50,73.45,74.70,4475,89875
20220217,14:28,75.45,75.80,73.75,74.40,5925,89875
20220217,14:29,74.25,74.35,72.80,72.90,2525,89875
20220217,14:30,72.15,76.15,72.15,76.15,2700,95775
20220217,14:31,76.50,76.50,74.15,75.00,1775,95775
20220217,14:32,74.70,75.30,73.50,73.55,2025,95775
20220217,14:33,73.55,74.10,70.60,74.10,1850,95775
20220217,14:34,73.50,73.50,71.70,71.85,2400,96025
20220217,14:35,72.15,73.15,71.00,71.00,650,96025
20220217,14:36,71.10,71.35,69.40,70.70,2075,96650
20220217,14:37,69.30,71.10,69.30,70.00,900,96650
20220217,14:38,70.50,71.35,69.30,70.00,925,96650
20220217,14:39,70.05,71.00,69.50,69.65,1000,97325
20220217,14:40,70.25,70.75,68.65,68.90,1100,97325
20220217,14:41,69.10,69.10,67.00,68.30,2275,97325
20220217,14:42,68.60,68.90,66.70,66.85,2425,98300
20220217,14:43,67.15,67.15,64.30,64.30,2025,98300
20220217,14:44,65.65,66.50,63.65,66.25,4825,98300
20220217,14:45,65.95,68.20,65.75,66.60,3825,99350
20220217,14:46,65.00,65.00,61.85,64.05,6350,99350
20220217,14:47,62.20,63.05,60.10,60.80,5000,99350
20220217,14:48,61.40,64.60,61.40,63.45,6475,98225
20220217,14:49,61.95,63.50,61.65,62.70,4375,98225
20220217,14:50,63.95,65.50,63.35,64.95,2325,98225
20220217,14:51,64.00,64.50,62.60,63.45,1900,100500
20220217,14:52,63.45,64.30,61.20,61.80,2825,100500
20220217,14:53,62.00,66.10,61.50,65.55,2600,100500
20220217,14:54,65.35,65.35,62.85,64.10,1300,100775
20220217,14:55,61.80,63.15,61.00,62.00,2950,100775
20220217,14:56,61.80,63.00,61.80,61.95,4850,100775
20220217,14:57,61.75,63.90,61.75,63.30,2000,100500
20220217,14:58,62.75,64.50,62.70,64.50,2450,100500
20220217,14:59,63.90,65.20,63.90,64.60,3725,100500
20220217,15:00,63.40,65.50,63.00,64.15,5875,100500
20220217,15:01,64.15,64.55,60.00,61.00,6200,103225
20220217,15:02,60.40,60.55,58.65,58.85,2575,103225
20220217,15:03,58.95,62.55,58.95,60.55,2800,106200
20220217,15:04,61.05,62.50,59.00,59.60,4150,106200
20220217,15:05,59.70,60.30,58.50,60.20,2150,106200
20220217,15:06,60.80,60.80,58.80,59.25,1750,106400
20220217,15:07,59.85,60.60,58.80,60.40,2950,106400
20220217,15:08,60.30,60.75,57.00,57.00,3275,106400
20220217,15:09,56.30,60.25,56.30,58.95,3675,106400
20220217,15:10,58.90,59.10,57.95,57.95,3475,107125
20220217,15:11,58.05,58.05,55.55,56.20,3525,107125
20220217,15:12,55.25,55.25,53.00,54.05,16550,107125
20220217,15:13,54.00,54.30,52.40,52.85,4900,104375
20220217,15:14,52.50,52.50,47.55,47.55,6850,104375
20220217,15:15,48.45,50.95,48.45,50.10,5175,104375
20220217,15:16,50.90,51.10,47.60,47.60,6075,103725
20220217,15:17,47.10,47.10,45.65,45.65,8350,103725
20220217,15:18,45.50,46.35,45.30,45.80,7100,103725
20220217,15:19,45.55,46.70,44.20,46.70,4650,107375
20220217,15:20,45.50,47.45,45.10,47.15,4750,107375
20220217,15:21,47.25,47.75,46.55,47.15,6825,107375
20220217,15:22,46.75,47.70,46.60,47.50,5475,108500
20220217,15:23,47.60,48.45,47.40,48.10,3950,108500
20220217,15:24,48.85,48.85,47.10,47.30,5450,108500
20220217,15:25,47.40,48.50,47.40,48.05,9550,110275
20220217,15:26,48.65,49.50,47.95,47.95,5575,110275
20220217,15:27,48.50,48.95,47.60,48.95,7850,110275
20220217,15:28,49.30,50.25,49.00,50.05,18725,113075
20220217,15:29,49.35,49.65,48.65,48.75,7425,113075
20220217,15:30,49.70,49.70,49.70,49.70,250,113075
20220218,09:15,40.00,51.55,28.35,47.15,30351,112975
20220218,09:16,46.95,49.85,46.10,46.10,24875,112975
20220218,09:17,46.00,48.00,45.70,47.65,14350,125175
20220218,09:18,47.90,55.00,47.90,54.05,29575,125175
20220218,09:19,53.45,53.65,48.05,48.30,26125,125175
20220218,09:20,48.45,49.25,46.00,48.40,16200,133875
20220218,09:21,48.70,52.20,48.10,52.20,12500,133875
20220218,09:22,52.25,55.80,51.50,54.00,25125,133875
20220218,09:23,54.00,55.20,53.10,53.95,26450,133875
20220218,09:24,54.50,57.10,53.70,54.15,21400,133875
20220218,09:25,53.65,56.45,51.45,56.45,41250,133875
20220218,09:26,57.70,57.70,53.00,53.15,16850,154125
20220218,09:27,53.45,54.85,51.40,52.10,11325,154125
20220218,09:28,51.95,55.25,51.95,53.90,28525,154125
20220218,09:29,53.90,56.20,53.90,56.20,12150,172875
20220218,09:30,56.25,58.80,55.60,57.15,34050,172875
20220218,09:31,57.20,62.25,57.10,62.15,24850,172875
20220218,09:32,61.65,63.70,61.30,62.75,22600,191025
20220218,09:33,62.90,63.40,61.65,62.85,15450,191025
20220218,09:34,62.25,62.70,60.25,60.85,13475,191025
20220218,09:35,60.90,60.90,56.00,56.00,29075,190850
20220218,09:36,55.00,56.60,53.75,54.60,26325,190850
20220218,09:37,54.30,55.85,52.40,55.05,18475,190850
20220218,09:38,54.30,56.30,54.25,55.00,11525,212375
20220218,09:39,55.45,56.30,54.00,55.50,6350,212375
20220218,09:40,56.20,56.50,54.40,54.40,10875,212375
20220218,09:41,54.55,54.55,51.00,52.95,21575,219925
20220218,09:42,53.05,53.90,52.80,53.00,15575,219925
20220218,09:43,52.80,55.20,52.75,53.35,13725,219925
20220218,09:44,53.65,53.85,51.20,51.50,6675,220750
20220218,09:45,51.90,51.90,49.05,49.70,25250,220750
20220218,09:46,49.25,52.25,49.00,51.50,16100,220750
20220218,09:47,51.10,51.10,49.60,49.90,12825,228300
20220218,09:48,50.35,53.30,49.75,52.65,12475,228300
20220218,09:49,52.45,52.85,50.00,51.60,11775,228300
20220218,09:50,51.80,53.85,50.75,51.20,11975,237525
20220218,09:51,51.55,51.90,49.30,51.20,13800,237525
20220218,09:52,50.60,51.10,49.40,50.40,13350,237525
20220218,09:53,50.50,50.50,47.20,47.20,11275,249375
20220218,09:54,46.70,47.30,44.75,46.85,17725,249375
20220218,09:55,46.95,47.70,46.50,47.70,5500,249375
20220218,09:56,47.50,49.70,47.50,49.10,5875,255025
20220218,09:57,48.60,50.35,48.20,49.85,23050,255025
20220218,09:58,50.00,51.05,49.00,49.00,8025,255025
20220218,09:59,49.05,49.15,47.20,49.15,6025,263075
20220218,10:00,49.30,50.30,48.60,49.60,10300,263075
20220218,10:01,50.10,51.45,49.90,51.45,8725,263075
20220218,10:02,50.70,52.00,50.40,51.45,14850,265600
20220218,10:03,51.70,52.00,49.75,51.40,11050,265600
20220218,10:04,51.45,53.60,51.45,52.80,6300,265600
20220218,10:05,53.00,54.35,52.75,53.50,6475,268875
20220218,10:06,53.80,55.50,53.80,55.30,10875,268875
20220218,10:07,55.20,55.20,52.00,52.00,14650,268875
20220218,10:08,51.90,53.00,50.35,52.75,7425,270350
20220218,10:09,52.50,52.85,50.65,51.00,5675,270350
20220218,10:10,51.00,51.30,47.85,48.30,10525,270350
20220218,10:11,48.20,51.60,47.15,51.45,6400,267100
20220218,10:12,51.60,53.30,51.30,52.30,10900,267100
20220218,10:13,52.70,53.60,51.00,51.00,5375,267100
20220218,10:14,51.00,51.00,48.25,48.95,7500,270900
20220218,10:15,49.20,52.35,49.20,51.10,4375,270900
20220218,10:16,51.10,51.10,49.00,49.85,4775,270900
20220218,10:17,49.45,50.30,48.90,49.30,4225,271225
20220218,10:18,49.30,50.75,49.20,49.35,2375,271225
20220218,10:19,49.20,50.10,48.80,49.25,2550,271225
20220218,10:20,49.35,50.20,48.45,49.75,3975,272025
20220218,10:21,49.85,50.40,48.90,50.15,4550,272025
20220218,10:22,49.70,50.30,48.00,49.00,1775,272025
20220218,10:23,49.25,50.45,49.25,50.00,6875,273425
20220218,10:24,50.30,51.05,49.15,49.70,5825,273425
20220218,10:25,49.40,50.50,49.25,49.50,850,273425
20220218,10:26,49.70,50.00,48.90,49.65,1250,276450
20220218,10:27,49.30,49.65,47.45,48.45,4550,276450
20220218,10:28,48.00,48.65,47.55,47.90,13125,276450
20220218,10:29,47.85,47.85,46.70,47.35,10025,286725
20220218,10:30,47.35,48.05,46.70,47.50,6025,286725
20220218,10:31,47.50,48.25,47.00,47.75,5625,286725
20220218,10:32,47.35,48.00,47.10,47.60,4175,287975
20220218,10:33,47.55,47.55,46.30,47.05,3425,287975
20220218,10:34,47.20,48.70,47.15,47.70,7725,287975
20220218,10:35,47.75,48.10,44.60,44.60,7375,289550
20220218,10:36,45.05,45.85,43.80,45.50,16100,289550
20220218,10:37,45.40,46.15,45.40,45.70,2150,289550
20220218,10:38,46.10,46.35,45.55,45.80,3850,286850
20220218,10:39,45.80,46.40,45.50,45.75,3050,286850
20220218,10:40,45.20,46.60,45.20,46.05,2675,286850
20220218,10:41,46.20,46.80,45.55,45.65,5875,284775
20220218,10:42,46.05,46.65,45.60,45.80,1450,284775
20220218,10:43,46.00,46.40,45.00,45.05,1675,284775
20220218,10:44,45.00,45.95,45.00,45.45,1200,283950
20220218,10:45,45.15,45.80,44.30,45.80,3300,283950
20220218,10:46,45.95,46.70,45.35,46.25,7575,283950
20220218,10:47,46.10,47.00,46.05,46.35,4800,282000
20220218,10:48,46.30,47.25,46.20,46.50,2650,282000
20220218,10:49,46.30,46.40,45.90,46.30,3525,282000
20220218,10:50,46.35,46.45,45.75,46.40,2025,282575
20220218,10:51,46.00,46.00,44.05,44.35,6775,282575
20220218,10:52,44.80,45.70,44.80,45.65,1775,282575
20220218,10:53,45.25,45.30,44.70,44.85,1825,278925
20220218,10:54,44.75,45.00,43.40,43.40,9575,278925
20220218,10:55,43.55,44.35,43.20,44.35,8925,278925
20220218,10:56,44.25,45.05,44.10,44.85,4000,282200
20220218,10:57,45.05,47.65,45.00,47.25,18450,282200
20220218,10:58,47.30,48.90,47.10,48.55,7850,282200
20220218,10:59,48.65,49.65,48.05,48.95,8825,285125
20220218,11:00,49.00,51.00,48.80,51.00,14675,285125
20220218,11:01,51.00,51.25,50.25,50.90,15325,285125
20220218,11:02,50.95,51.05,49.30,50.45,4800,293300
20220218,11:03,50.35,50.45,49.05,49.95,3675,293300
20220218,11:04,50.25,50.60,49.95,49.95,5850,293300
20220218,11:05,50.00,52.20,50.00,52.00,9050,292475
20220218,11:06,52.10,52.55,51.30,51.70,5875,292475
20220218,11:07,51.65,52.35,50.60,50.80,4450,292475
20220218,11:08,50.85,51.95,50.60,51.70,6850,284825
20220218,11:09,51.45,51.60,50.45,50.50,4475,284825
20220218,11:10,50.70,50.70,47.40,47.40,11850,284825
20220218,11:11,47.20,49.10,47.20,48.35,5750,284900
20220218,11:12,48.75,49.90,48.60,49.60,2675,284900
20220218,11:13,49.50,53.80,49.25,53.40,11250,284900
20220218,11:14,53.80,54.70,53.55,54.20,15600,286850
20220218,11:15,54.70,57.85,54.70,57.20,23600,286850
20220218,11:16,57.20,57.20,52.60,52.60,13275,286850
20220218,11:17,53.10,54.10,52.35,53.55,11725,286200
20220218,11:18,53.55,55.45,53.55,54.00,9100,286200
20220218,11:19,54.15,54.65,51.95,51.95,7425,286200
20220218,11:20,52.15,52.60,49.45,49.60,8625,284200
20220218,11:21,49.85,51.70,49.80,51.70,6100,284200
20220218,11:22,51.95,54.70,51.75,54.25,6425,284200
20220218,11:23,54.45,55.00,52.90,53.00,8375,283950
20220218,11:24,53.60,54.30,51.10,51.30,7275,283950
20220218,11:25,52.00,52.25,49.60,49.60,4025,283950
20220218,11:26,49.70,50.25,48.70,50.25,8875,281300
20220218,11:27,49.95,50.65,49.55,49.65,2775,281300
20220218,11:28,49.45,49.80,47.85,48.10,5300,281300
20220218,11:29,48.05,50.65,47.65,50.25,3925,284625
20220218,11:30,49.75,51.25,49.60,50.00,3750,284625
20220218,11:31,50.75,50.95,49.75,50.15,1475,284625
20220218,11:32,49.95,50.60,49.90,50.20,1575,284650
20220218,11:33,49.70,50.00,48.60,48.70,2450,284650
20220218,11:34,49.00,49.35,48.75,48.90,5875,284650
20220218,11:35,48.70,52.30,48.70,51.40,6525,286225
20220218,11:36,51.45,54.10,51.45,53.30,7950,286225
20220218,11:37,53.45,53.80,52.40,53.25,6350,286225
20220218,11:38,53.30,53.50,52.25,53.05,4650,288975
20220218,11:39,53.10,53.90,52.70,52.70,2950,288975
20220218,11:40,52.60,53.40,52.60,52.80,1150,288975
20220218,11:41,52.45,52.65,51.25,52.40,2150,289350
20220218,11:42,52.60,52.65,51.55,52.35,5325,289350
20220218,11:43,52.30,52.40,51.60,51.65,2650,289350
20220218,11:44,51.55,51.75,50.95,50.95,3525,289275
20220218,11:45,50.95,52.30,50.95,52.30,4450,289275
20220218,11:46,52.10,52.30,50.90,51.00,5350,289275
20220218,11:47,50.95,51.65,50.45,51.40,3825,292650
20220218,11:48,51.45,55.05,50.95,54.70,18450,292650
20220218,11:49,54.85,55.55,53.40,53.40,7800,292650
20220218,11:50,53.60,54.90,53.30,54.55,5500,292650
20220218,11:51,54.35,54.70,52.45,52.45,5625,292850
20220218,11:52,52.60,53.55,51.45,52.20,9275,292850
20220218,11:53,52.20,54.60,51.45,54.60,8800,292400
20220218,11:54,54.70,55.00,54.00,54.75,9425,292400
20220218,11:55,54.10,54.50,53.10,53.10,3050,292400
20220218,11:56,52.80,53.10,51.70,52.00,5475,292400
20220218,11:57,52.05,52.65,51.50,51.65,4200,292950
20220218,11:58,51.75,52.35,50.30,50.45,6225,292950
20220218,11:59,50.45,50.70,49.00,49.70,7350,292950
20220218,12:00,50.00,52.90,50.00,52.55,6100,288925
20220218,12:01,52.65,53.10,51.70,51.80,3525,288925
20220218,12:02,51.75,51.80,50.40,51.10,2050,288925
20220218,12:03,50.80,51.50,50.00,50.90,3775,290575
20220218,12:04,50.55,50.70,49.55,49.55,3275,290575
20220218,12:05,48.60,49.55,47.80,49.20,8900,290575
20220218,12:06,49.55,50.70,49.05,49.30,1950,289475
20220218,12:07,49.30,50.20,48.00,49.05,2300,289475
20220218,12:08,49.25,50.05,48.95,49.95,2350,289475
20220218,12:09,50.65,53.30,49.95,53.15,7250,290700
20220218,12:10,53.50,54.70,52.95,53.75,10175,290700
20220218,12:11,53.10,53.25,51.30,52.95,8100,290700
20220218,12:12,52.80,53.35,52.60,53.05,4900,291550
20220218,12:13,53.05,53.30,51.75,51.80,3575,291550
20220218,12:14,51.70,53.00,51.70,52.55,2625,291550
20220218,12:15,52.90,52.90,50.15,51.95,8425,292125
20220218,12:16,52.00,52.00,51.20,51.80,4550,292125
20220218,12:17,51.55,54.30,51.55,53.15,9500,292125
20220218,12:18,53.15,53.25,52.10,52.85,7625,291575
20220218,12:19,52.50,53.00,51.75,52.55,7200,291575
20220218,12:20,52.45,53.05,50.25,50.40,8375,291575
20220218,12:21,50.80,52.15,50.25,51.00,6400,291950
20220218,12:22,51.15,51.70,50.80,51.20,4850,291950
20220218,12:23,51.15,51.70,50.40,50.40,4100,291950
20220218,12:24,50.85,51.50,50.10,51.25,5975,290425
20220218,12:25,51.25,51.50,50.40,50.80,3650,290425
20220218,12:26,50.60,51.05,49.05,49.05,9150,290425
20220218,12:27,49.10,49.70,48.15,49.25,5225,292075
20220218,12:28,49.15,50.25,49.15,49.30,1575,292075
20220218,12:29,48.85,50.15,48.80,49.60,3600,292075
20220218,12:30,49.05,49.60,48.30,49.20,2400,292700
20220218,12:31,49.20,50.00,48.70,49.95,2850,292700
20220218,12:32,50.00,50.95,49.75,50.00,9325,292700
20220218,12:33,49.70,50.70,49.70,50.50,4875,293475
20220218,12:34,50.70,50.85,50.40,50.40,2325,293475
20220218,12:35,50.40,51.00,50.30,50.75,3125,293475
20220218,12:36,50.95,51.30,50.35,50.35,5075,291700
20220218,12:37,50.50,51.85,49.25,51.55,4300,291700
20220218,12:38,51.30,51.85,50.75,51.20,3425,291700
20220218,12:39,51.40,51.65,50.25,51.20,5275,289500
20220218,12:40,51.10,51.40,50.30,50.80,3050,289500
20220218,12:41,50.70,51.20,50.40,50.40,1825,289500
20220218,12:42,50.35,50.95,49.80,50.50,4900,287825
20220218,12:43,50.40,52.35,50.25,51.60,8425,287825
20220218,12:44,51.65,52.55,51.40,52.35,6850,287825
20220218,12:45,52.20,56.90,52.20,55.20,27450,287000
20220218,12:46,55.40,55.50,53.35,53.45,9550,287000
20220218,12:47,53.40,54.90,53.40,54.35,7125,287000
20220218,12:48,54.40,55.85,53.85,55.70,9600,284025
20220218,12:49,55.70,58.50,55.70,58.50,13000,284025
20220218,12:50,58.75,63.35,58.45,62.35,28725,284025
20220218,12:51,62.30,62.30,58.75,59.00,15600,275150
20220218,12:52,58.50,59.45,57.15,57.85,9450,275150
20220218,12:53,58.00,59.55,57.10,59.20,10275,275150
20220218,12:54,59.40,60.50,58.10,58.60,6650,271225
20220218,12:55,57.65,59.25,56.70,58.50,4550,271225
20220218,12:56,58.05,58.85,58.00,58.65,4275,271225
20220218,12:57,58.90,60.10,58.25,59.15,9750,268425
20220218,12:58,59.10,59.10,57.05,58.65,5950,268425
20220218,12:59,58.85,59.25,57.95,58.75,5900,268425
20220218,13:00,58.40,59.95,58.40,58.95,7000,268575
20220218,13:01,59.30,59.65,56.95,57.40,7250,268575
20220218,13:02,57.55,58.05,53.30,53.75,9425,268575
20220218,13:03,54.40,55.00,52.35,53.70,9325,267475
20220218,13:04,53.45,53.55,50.90,51.90,11400,267475
20220218,13:05,52.10,54.90,52.00,54.90,4475,267475
20220218,13:06,55.10,55.75,54.00,55.35,7350,270425
20220218,13:07,55.25,55.65,53.70,54.00,3850,270425
20220218,13:08,54.05,54.65,53.80,53.80,3525,270425
20220218,13:09,53.85,55.00,53.85,54.95,1950,270150
20220218,13:10,54.55,56.75,54.55,56.75,6250,270150
20220218,13:11,56.20,57.85,55.95,57.45,6325,270150
20220218,13:12,57.05,58.00,56.10,56.70,6425,273925
20220218,13:13,56.55,57.10,56.05,56.35,4200,273925
20220218,13:14,56.15,56.35,55.05,55.10,5275,273925
20220218,13:15,55.30,56.30,55.05,55.25,3925,275400
20220218,13:16,55.90,55.90,54.15,54.15,4800,275400
20220218,13:17,54.75,56.10,54.70,55.80,2800,275400
20220218,13:18,55.85,57.00,55.85,56.70,5825,275875
20220218,13:19,56.90,58.35,56.90,57.70,6600,275875
20220218,13:20,57.20,57.90,56.50,56.50,2850,275875
20220218,13:21,57.10,57.35,55.05,55.05,2625,276150
20220218,13:22,55.20,56.25,54.85,55.10,1500,276150
20220218,13:23,55.05,55.65,53.40,54.05,4825,276150
20220218,13:24,54.30,54.35,52.30,52.40,5375,275700
20220218,13:25,52.10,53.15,50.65,52.65,20900,275700
20220218,13:26,52.40,53.45,51.80,52.30,7300,275700
20220218,13:27,52.50,52.70,49.00,50.60,21000,282925
20220218,13:28,51.20,51.60,50.45,51.55,5050,282925
20220218,13:29,51.70,52.60,51.45,52.40,4975,282925
20220218,13:30,52.20,54.45,51.85,54.45,2800,286975
20220218,13:31,54.45,56.50,53.40,55.15,8025,286975
20220218,13:32,55.50,55.95,54.00,55.65,4350,286975
20220218,13:33,54.75,55.10,53.15,53.80,2875,285850
20220218,13:34,53.90,55.15,53.70,54.50,2300,285850
20220218,13:35,54.00,54.30,53.70,53.70,3475,285850
20220218,13:36,54.10,54.10,51.50,52.60,7775,283875
20220218,13:37,52.10,53.10,51.50,51.85,9700,283875
20220218,13:38,51.65,51.75,50.75,51.45,5325,283875
20220218,13:39,51.15,52.15,50.30,52.15,2900,284400
20220218,13:40,52.30,53.30,51.80,53.00,3500,284400
20220218,13:41,53.00,53.80,51.00,51.00,3725,284400
20220218,13:42,51.10,52.85,50.50,52.10,2050,285425
20220218,13:43,52.30,52.75,51.45,52.35,1775,285425
20220218,13:44,52.25,52.30,51.10,52.00,1650,285425
20220218,13:45,51.60,51.95,50.40,51.45,3675,284750
20220218,13:46,51.30,52.95,51.20,52.85,2450,284750
20220218,13:47,53.05,55.05,52.45,54.65,6150,284750
20220218,13:48,54.90,56.85,54.50,56.45,6800,287275
20220218,13:49,55.90,56.65,54.05,54.55,5800,287275
20220218,13:50,54.35,55.45,54.00,54.55,2975,287275
20220218,13:51,54.15,56.50,54.15,56.50,5400,285075
20220218,13:52,56.60,57.30,55.00,55.50,4325,285075
20220218,13:53,55.20,55.85,54.55,54.70,3800,285075
20220218,13:54,54.75,55.80,53.30,54.80,4600,286475
20220218,13:55,55.00,55.40,54.55,54.90,1325,286475
20220218,13:56,54.55,54.60,52.45,54.60,3425,286475
20220218,13:57,54.35,54.70,54.00,54.00,1425,284675
20220218,13:58,54.20,55.00,54.00,55.00,1600,284675
20220218,13:59,55.05,55.60,53.50,54.55,5075,284675
20220218,14:00,54.30,56.45,54.30,55.00,2075,286175
20220218,14:01,54.75,54.75,53.35,53.50,3400,286175
20220218,14:02,53.40,53.40,50.95,51.75,11325,286175
20220218,14:03,52.05,53.05,51.15,51.40,2900,290450
20220218,14:04,52.00,52.40,49.30,49.30,11200,290450
20220218,14:05,49.65,50.55,49.35,50.20,10050,290450
20220218,14:06,50.25,52.40,50.20,50.80,5425,293200
20220218,14:07,50.85,52.10,50.85,51.40,5325,293200
20220218,14:08,51.00,52.45,51.00,51.65,5100,293200
20220218,14:09,51.80,53.20,51.40,52.35,6250,296200
20220218,14:10,52.50,52.60,51.00,52.10,3850,296200
20220218,14:11,52.50,52.50,50.00,50.95,2525,296200
20220218,14:12,50.20,51.20,49.50,50.45,7475,299425
20220218,14:13,51.10,51.40,50.20,50.65,2150,299425
20220218,14:14,51.00,51.60,47.10,47.90,10900,299425
20220218,14:15,47.70,48.30,45.35,47.30,21675,302625
20220218,14:16,47.65,48.40,46.15,48.10,10575,302625
20220218,14:17,48.10,48.15,46.35,46.85,8025,302625
20220218,14:18,47.15,47.40,44.95,44.95,8125,301975
20220218,14:19,44.60,44.60,42.00,42.35,25975,301975
20220218,14:20,42.25,43.60,42.10,43.60,13150,301975
20220218,14:21,43.60,43.65,39.35,40.50,26450,296375
20220218,14:22,40.05,42.05,39.90,41.35,13025,296375
20220218,14:23,41.25,42.25,40.85,41.50,11925,296375
20220218,14:24,41.10,41.40,38.15,38.15,23525,294175
20220218,14:25,38.40,40.55,37.20,40.55,20500,294175
20220218,14:26,40.85,41.00,38.95,39.40,12150,294175
20220218,14:27,39.40,40.15,38.60,39.90,9800,287100
20220218,14:28,39.90,40.50,39.10,40.05,3825,287100
20220218,14:29,39.75,40.30,39.05,39.70,7350,287100
20220218,14:30,39.80,40.70,39.15,39.45,3250,285825
20220218,14:31,39.35,39.85,38.55,39.60,10325,285825
20220218,14:32,39.00,41.25,38.90,40.90,13225,285825
20220218,14:33,40.80,41.75,40.80,41.65,13950,286125
20220218,14:34,41.90,42.20,40.80,41.40,14725,286125
20220218,14:35,41.45,43.10,41.00,42.65,9800,286125
20220218,14:36,42.80,43.70,41.65,41.85,14900,284575
20220218,14:37,42.00,42.45,40.90,40.90,5200,284575
20220218,14:38,40.45,41.00,39.90,40.35,6875,284575
20220218,14:39,40.00,40.80,40.00,40.15,9725,285400
20220218,14:40,40.05,40.75,39.30,39.75,4050,285400
20220218,14:41,39.60,40.10,39.00,39.25,6900,285400
20220218,14:42,39.15,40.15,38.35,38.35,13600,279225
20220218,14:43,38.30,39.05,37.60,38.85,16950,279225
20220218,14:44,38.50,38.55,37.60,38.15,4700,279225
20220218,14:45,37.80,38.20,36.25,36.80,15550,275425
20220218,14:46,36.75,37.55,36.10,36.85,16000,275425
20220218,14:47,36.85,38.00,36.40,38.00,30450,275425
20220218,14:48,37.85,38.60,36.90,37.70,31575,270150
20220218,14:49,37.55,38.60,36.95,37.80,13825,270150
20220218,14:50,37.80,37.80,36.45,36.60,5050,270150
20220218,14:51,36.50,37.70,36.50,37.20,4400,266825
20220218,14:52,36.85,37.30,36.15,36.60,3425,266825
20220218,14:53,36.45,36.65,36.00,36.25,9900,266825
20220218,14:54,36.05,37.50,36.05,37.45,5025,265750
20220218,14:55,37.40,38.15,36.70,36.90,10725,265750
20220218,14:56,37.00,37.00,36.15,36.70,5025,265750
20220218,14:57,36.70,37.45,36.20,37.10,5300,268775
20220218,14:58,36.80,37.40,36.50,37.20,5675,268775
20220218,14:59,37.15,37.50,36.75,36.80,5700,268775
20220218,15:00,36.20,38.90,36.20,38.35,6900,267300
20220218,15:01,38.45,41.50,38.20,40.45,30975,267300
20220218,15:02,40.45,41.55,40.05,40.60,20400,267300
20220218,15:03,40.80,41.30,39.35,39.50,19300,272350
20220218,15:04,39.50,40.65,38.05,40.45,17725,272350
20220218,15:05,40.50,40.50,38.30,39.35,11400,272350
20220218,15:06,38.90,40.25,38.90,39.45,15775,259050
20220218,15:07,39.50,39.95,38.80,39.05,7050,259050
20220218,15:08,38.90,38.90,37.10,37.35,12100,259050
20220218,15:09,37.00,38.45,36.80,37.85,14275,250875
20220218,15:10,37.75,37.95,35.80,36.45,19375,250875
20220218,15:11,36.70,36.90,36.30,36.65,15575,250875
20220218,15:12,36.65,37.45,36.55,36.95,14700,241350
20220218,15:13,37.05,37.30,36.65,37.20,5400,241350
20220218,15:14,37.50,37.50,36.30,36.30,9375,241350
20220218,15:15,36.30,37.10,36.25,36.35,17925,229975
20220218,15:16,36.40,37.70,36.40,37.60,8125,229975
20220218,15:17,37.60,38.25,37.20,38.00,6150,229975
20220218,15:18,38.05,38.60,37.85,38.10,7750,225450
20220218,15:19,38.10,38.45,37.80,38.15,15050,225450
20220218,15:20,37.95,38.50,37.80,38.05,15800,225450
20220218,15:21,37.95,38.80,37.95,38.15,9900,232600
20220218,15:22,38.15,38.30,37.10,37.40,10500,232600
20220218,15:23,37.15,39.15,37.15,38.35,22700,232600
20220218,15:24,38.60,38.65,37.50,37.55,9850,224450
20220218,15:25,37.55,37.80,36.70,37.05,29125,224450
20220218,15:26,37.50,37.55,36.55,36.80,18825,224450
20220218,15:27,36.95,37.00,35.90,35.90,11400,216000
20220218,15:28,35.95,36.20,34.90,36.20,15900,216000
20220218,15:29,36.70,37.55,34.55,37.55,21925,216000
20220221,09:15,26.00,29.85,22.70,24.35,37528,212000
20220221,09:16,24.75,26.00,23.65,25.90,38675,212000
20220221,09:17,25.50,26.40,24.30,25.45,32050,235400
20220221,09:18,25.55,25.55,22.95,23.70,46350,235400
20220221,09:19,23.65,24.70,22.95,23.40,31875,235400
20220221,09:20,23.15,25.70,22.65,24.40,35350,257850
20220221,09:21,24.55,24.55,22.00,22.25,26700,257850
20220221,09:22,22.40,23.70,22.30,22.70,17900,257850
20220221,09:23,22.95,23.65,21.40,21.40,17625,257850
20220221,09:24,21.25,21.60,20.50,20.70,32725,257850
20220221,09:25,20.75,20.75,19.35,20.05,33925,257850
20220221,09:26,19.65,19.80,19.05,19.05,25475,273225
20220221,09:27,19.05,19.20,18.45,18.60,14800,273225
20220221,09:28,18.40,18.85,18.35,18.75,31600,273225
20220221,09:29,18.65,18.85,18.35,18.50,33075,295725
20220221,09:30,18.50,20.35,18.10,20.00,40375,295725
20220221,09:31,19.90,20.55,19.65,20.00,21900,295725
20220221,09:32,20.00,20.15,19.15,19.75,21900,319575
20220221,09:33,19.55,20.10,19.40,19.60,16250,319575
20220221,09:34,19.50,19.60,18.50,19.05,26950,319575
20220221,09:35,18.95,18.95,18.15,18.50,18700,330950
20220221,09:36,18.40,18.55,18.05,18.25,6950,330950
20220221,09:37,18.20,18.75,18.10,18.45,9700,330950
20220221,09:38,18.45,18.45,17.30,17.65,18550,329400
20220221,09:39,17.55,17.65,16.65,17.50,12700,329400
20220221,09:40,17.45,17.60,16.90,17.60,18050,329400
20220221,09:41,17.55,17.85,17.15,17.15,17825,327450
20220221,09:42,17.15,17.95,17.05,17.90,11400,327450
20220221,09:43,17.85,18.55,17.85,18.35,10500,327450
20220221,09:44,18.35,18.50,17.80,17.90,17700,326550
20220221,09:45,17.85,18.35,17.40,18.25,14300,326550
20220221,09:46,18.35,18.40,17.55,17.60,13300,326550
20220221,09:47,17.60,17.60,17.05,17.35,13475,307950
20220221,09:48,17.45,17.95,17.15,17.85,14650,307950
20220221,09:49,17.70,18.10,17.65,17.80,14275,307950
20220221,09:50,17.75,17.80,17.10,17.10,16650,302825
20220221,09:51,17.30,17.90,17.00,17.90,9700,302825
20220221,09:52,17.80,18.25,17.40,17.55,11050,302825
20220221,09:53,17.45,17.65,17.20,17.50,4050,303925
20220221,09:54,17.40,17.65,17.15,17.55,11900,303925
20220221,09:55,17.65,17.75,17.00,17.50,12300,303925
20220221,09:56,17.65,17.75,17.00,17.10,20850,304075
20220221,09:57,16.80,17.45,16.80,17.15,11175,304075
20220221,09:58,17.25,18.05,17.20,17.95,19050,304075
20220221,09:59,17.75,17.95,17.15,17.30,9525,305500
20220221,10:00,17.30,17.45,16.80,17.00,15100,305500
20220221,10:01,17.05,17.15,16.75,17.00,11575,305500
20220221,10:02,16.95,17.10,16.80,17.00,10750,307525
20220221,10:03,17.05,17.20,16.85,16.95,5975,307525
20220221,10:04,16.95,16.95,16.40,16.65,10725,307525
20220221,10:05,16.50,16.75,16.20,16.60,22425,304325
20220221,10:06,16.60,16.70,16.30,16.30,8200,304325
20220221,10:07,16.40,16.40,15.90,16.25,9625,304325
20220221,10:08,16.25,16.60,16.25,16.50,9550,302100
20220221,10:09,16.45,16.60,16.30,16.50,6175,302100
20220221,10:10,16.45,16.65,16.35,16.50,7300,302100
20220221,10:11,16.55,16.80,16.50,16.65,6625,300300
20220221,10:12,16.65,16.75,16.50,16.60,29800,300300
20220221,10:13,16.50,16.70,16.30,16.35,6825,300300
20220221,10:14,16.35,16.75,16.30,16.70,7400,295200
20220221,10:15,16.65,16.75,16.35,16.50,31300,295200
20220221,10:16,16.45,16.45,15.90,15.95,30800,295200
20220221,10:17,15.85,16.15,15.85,16.10,8125,304150
20220221,10:18,16.10,16.25,15.95,16.05,8725,304150
20220221,10:19,16.05,16.40,16.00,16.30,12550,304150
20220221,10:20,16.30,16.45,16.20,16.25,3600,298250
20220221,10:21,16.20,16.55,16.15,16.50,6350,298250
20220221,10:22,16.50,16.75,16.50,16.65,4200,298250
20220221,10:23,16.60,16.70,16.45,16.45,3625,296700
20220221,10:24,16.40,16.70,16.40,16.70,5150,296700
20220221,10:25,16.55,17.00,16.55,16.90,4625,296700
20220221,10:26,16.90,17.80,16.80,16.85,33325,296450
20220221,10:27,16.85,17.15,16.75,17.15,15800,296450
20220221,10:28,17.10,17.45,17.00,17.40,27700,296450
20220221,10:29,17.25,17.70,17.05,17.50,5175,290575
20220221,10:30,17.60,17.60,17.00,17.60,14600,290575
20220221,10:31,17.50,17.80,17.35,17.70,17850,290575
20220221,10:32,17.65,17.65,17.25,17.25,7800,287625
20220221,10:33,17.15,17.70,17.10,17.50,5275,287625
20220221,10:34,17.60,17.90,17.40,17.90,3425,287625
20220221,10:35,17.80,17.95,17.55,17.70,12100,289050
20220221,10:36,17.45,18.45,17.45,18.40,6750,289050
20220221,10:37,18.30,20.30,18.30,19.95,19350,289050
20220221,10:38,20.00,20.35,19.65,20.25,7400,293775
20220221,10:39,20.30,22.65,20.15,22.45,16850,293775
20220221,10:40,22.40,25.00,22.20,23.40,40550,293775
20220221,10:41,23.15,29.15,22.90,28.80,33500,286375
20220221,10:42,28.70,34.90,28.50,30.15,58600,286375
20220221,10:43,29.95,31.60,28.65,31.35,27975,286375
20220221,10:44,30.95,30.95,28.45,28.75,22525,291325
20220221,10:45,28.90,31.00,28.90,29.75,16650,291325
20220221,10:46,29.80,31.45,29.45,30.10,12575,291325
20220221,10:47,30.30,30.35,28.85,29.60,11775,303325
20220221,10:48,29.35,29.95,27.00,27.85,18475,303325
20220221,10:49,27.45,27.55,24.30,24.95,24125,303325
20220221,10:50,25.00,26.15,24.15,24.20,31300,296750
20220221,10:51,23.80,25.35,23.80,24.05,11950,296750
20220221,10:52,23.90,25.30,23.40,24.80,15825,296750
20220221,10:53,24.90,27.15,24.75,27.15,8925,300000
20220221,10:54,27.30,30.40,27.25,30.30,16200,300000
20220221,10:55,30.75,31.75,30.30,30.65,31775,300000
20220221,10:56,30.75,30.75,29.20,30.05,9075,301200
20220221,10:57,29.95,31.80,29.75,30.55,17450,301200
20220221,10:58,30.85,31.30,27.50,27.50,19975,301200
20220221,10:59,27.55,28.65,26.55,28.40,13550,298100
20220221,11:00,28.55,29.30,27.90,28.25,15350,298100
20220221,11:01,28.80,28.80,25.85,25.90,8200,298100
20220221,11:02,25.90,27.65,25.55,27.45,10775,299375
20220221,11:03,27.45,28.20,26.05,26.05,7325,299375
20220221,11:04,26.45,27.10,26.00,26.60,5750,299375
20220221,11:05,26.70,27.30,26.55,26.80,4750,299550
20220221,11:06,27.00,27.20,26.45,27.10,5625,299550
20220221,11:07,26.90,27.50,26.35,27.00,4125,299550
20220221,11:08,27.00,28.75,27.00,28.75,8500,303400
20220221,11:09,28.70,29.90,28.40,29.80,21425,303400
20220221,11:10,29.90,30.35,28.75,29.95,12450,303400
20220221,11:11,29.50,30.00,28.90,29.55,4975,304475
20220221,11:12,29.25,29.70,28.20,28.20,16600,304475
20220221,11:13,28.45,28.75,26.90,28.55,9325,304475
20220221,11:14,28.05,29.00,28.00,28.65,7975,304475
20220221,11:15,29.10,31.00,29.05,29.50,27475,300850
20220221,11:16,29.20,29.85,28.35,28.75,6250,300850
20220221,11:17,28.80,29.30,28.35,28.85,7975,302350
20220221,11:18,28.90,29.15,27.50,28.45,10650,302350
20220221,11:19,28.55,29.05,26.85,26.95,10450,302350
20220221,11:20,26.85,27.95,26.20,26.20,18975,311325
20220221,11:21,26.15,27.25,26.15,26.15,13000,311325
20220221,11:22,26.05,26.40,24.75,25.25,18400,311325
20220221,11:23,25.30,26.70,25.10,26.50,23450,308675
20220221,11:24,26.50,28.10,26.35,28.00,12100,308675
20220221,11:25,27.90,28.40,27.65,27.85,8550,308675
20220221,11:26,28.00,28.50,27.30,28.35,5625,308675
20220221,11:27,28.40,28.90,27.75,28.25,8650,308525
20220221,11:28,28.20,28.75,27.75,28.40,7150,308525
20220221,11:29,28.30,28.75,27.85,28.30,5000,308525
20220221,11:30,28.15,34.00,28.15,33.85,47825,306825
20220221,11:31,34.05,36.75,32.60,35.65,40975,306825
20220221,11:32,35.20,35.20,33.20,34.65,40400,306825
20220221,11:33,35.00,35.00,32.95,33.75,26325,309950
20220221,11:34,33.60,38.30,33.60,38.30,31525,309950
20220221,11:35,38.30,39.60,36.25,36.60,43550,309950
20220221,11:36,36.90,37.75,36.10,36.10,35550,306075
20220221,11:37,35.75,37.05,34.70,36.15,20325,306075
20220221,11:38,36.15,37.20,35.20,37.20,18375,306075
20220221,11:39,37.40,44.10,37.40,44.10,58600,295250
20220221,11:40,44.20,44.20,39.15,39.60,37200,295250
20220221,11:41,39.65,43.65,39.60,41.45,19000,295250
20220221,11:42,41.20,41.60,38.75,40.25,16875,299650
20220221,11:43,41.25,42.00,39.40,40.35,21675,299650
20220221,11:44,40.40,46.50,39.50,44.80,34950,299650
20220221,11:45,44.20,48.00,43.80,48.00,39875,284125
20220221,11:46,47.25,48.65,45.60,45.60,35600,284125
20220221,11:47,45.95,46.90,43.35,44.30,25925,284125
20220221,11:48,44.30,46.40,44.05,44.45,16650,291475
20220221,11:49,44.25,47.55,44.25,46.20,26125,291475
20220221,11:50,46.10,47.70,45.00,47.15,14150,291475
20220221,11:51,47.10,49.10,45.55,45.55,25250,292725
20220221,11:52,45.60,46.40,42.50,42.50,22275,292725
20220221,11:53,42.50,42.55,39.25,41.00,31825,292725
20220221,11:54,41.20,41.25,39.10,39.90,14825,295500
20220221,11:55,39.70,40.35,38.35,38.45,15200,295500
20220221,11:56,37.40,39.30,37.00,37.70,14350,295500
20220221,11:57,37.50,38.20,34.80,35.60,26775,298750
20220221,11:58,35.45,37.90,34.35,37.70,20100,298750
20220221,11:59,37.80,39.50,37.20,39.20,16925,298750
20220221,12:00,39.25,44.30,39.25,43.80,31000,299400
20220221,12:01,43.65,44.75,41.90,43.65,22600,299400
20220221,12:02,43.65,46.00,43.00,46.00,19550,299400
20220221,12:03,46.35,48.10,45.70,47.55,34275,293375
20220221,12:04,47.65,48.00,43.85,44.60,17375,293375
20220221,12:05,44.85,45.75,43.00,44.00,16700,293375
20220221,12:06,43.90,47.00,42.65,45.40,13225,294600
20220221,12:07,45.65,45.75,43.70,44.55,18025,294600
20220221,12:08,44.55,45.25,43.55,45.00,11675,294600
20220221,12:09,44.90,48.95,44.80,48.95,20950,301125
20220221,12:10,49.20,49.80,46.40,47.90,16400,301125
20220221,12:11,48.00,49.05,46.60,47.40,11875,301125
20220221,12:12,47.60,48.10,45.40,45.40,10825,299825
20220221,12:13,45.25,47.90,45.20,46.75,10975,299825
20220221,12:14,46.70,47.00,44.15,44.85,17475,299825
20220221,12:15,44.95,47.15,44.95,46.00,9375,305625
20220221,12:16,46.55,51.45,46.20,51.05,31775,305625
20220221,12:17,50.80,52.20,49.75,51.25,27025,305625
20220221,12:18,51.95,52.90,50.85,51.55,23500,295850
20220221,12:19,51.15,51.30,48.35,49.45,15850,295850
20220221,12:20,49.60,50.50,47.00,47.70,21725,295850
20220221,12:21,47.80,48.90,45.15,45.65,15500,305050
20220221,12:22,45.80,45.85,43.45,45.55,21475,305050
20220221,12:23,45.60,45.65,42.90,44.05,15550,305050
20220221,12:24,45.30,47.15,45.05,46.40,16800,313050
20220221,12:25,46.40,47.40,45.25,47.25,8400,313050
20220221,12:26,46.50,46.70,44.45,45.15,10800,313050
20220221,12:27,45.25,45.75,42.40,43.50,16625,313450
20220221,12:28,43.50,44.50,43.10,44.35,6150,313450
20220221,12:29,44.25,44.70,39.40,40.15,24250,313450
20220221,12:30,39.65,41.45,38.15,40.15,16925,321250
20220221,12:31,40.00,42.85,39.95,42.80,13775,321250
20220221,12:32,42.80,43.80,41.70,43.05,5575,321250
20220221,12:33,43.00,44.75,42.95,44.10,8275,322925
20220221,12:34,44.25,45.50,44.15,44.40,8800,322925
20220221,12:35,44.50,47.00,44.50,46.00,14300,322925
20220221,12:36,45.85,46.10,45.00,45.30,6800,323125
20220221,12:37,45.45,45.45,42.65,43.35,13625,323125
20220221,12:38,43.50,43.80,41.90,43.50,8375,323125
20220221,12:39,43.30,45.25,42.80,44.90,10750,330200
20220221,12:40,44.55,45.20,43.90,44.90,5650,330200
20220221,12:41,44.50,45.45,43.85,45.15,3025,330200
20220221,12:42,45.00,45.60,43.90,44.25,4925,331725
20220221,12:43,44.05,44.15,43.00,43.00,4125,331725
20220221,12:44,43.00,44.40,43.00,43.60,5750,331725
20220221,12:45,43.75,44.65,41.45,41.45,8625,331575
20220221,12:46,41.35,41.90,39.80,41.20,15250,331575
20220221,12:47,41.20,43.45,41.20,43.00,10150,331575
20220221,12:48,42.90,43.40,41.80,43.25,4900,333975
20220221,12:49,43.25,44.55,42.80,44.30,12175,333975
20220221,12:50,44.20,44.65,43.85,44.55,3550,333975
20220221,12:51,44.25,44.80,44.20,44.70,6525,331475
20220221,12:52,44.65,44.70,41.20,42.50,12725,331475
20220221,12:53,42.45,42.70,39.30,39.50,12825,331475
20220221,12:54,39.75,40.40,39.35,40.40,6075,330350
20220221,12:55,40.00,40.10,38.85,39.85,6550,330350
20220221,12:56,39.85,41.65,39.85,40.15,7175,330350
20220221,12:57,40.20,40.80,37.05,37.30,23050,333500
20220221,12:58,37.70,40.00,37.40,39.60,6400,333500
20220221,12:59,39.85,41.90,39.65,41.60,13050,333500
20220221,13:00,41.35,46.00,41.35,45.20,21625,340750
20220221,13:01,45.35,45.90,43.10,44.65,17575,340750
20220221,13:02,44.85,45.45,43.40,44.65,10975,340750
20220221,13:03,44.70,45.15,43.50,44.90,8475,340775
20220221,13:04,44.90,44.90,42.20,43.45,16450,340775
20220221,13:05,43.00,44.40,42.00,44.40,11875,340775
20220221,13:06,44.30,45.35,43.90,44.10,8775,348075
20220221,13:07,44.20,45.00,43.65,44.70,6925,348075
20220221,13:08,44.90,45.00,42.75,43.95,7500,348075
20220221,13:09,43.45,44.60,43.30,43.30,2650,350750
20220221,13:10,43.00,44.45,43.00,43.80,4925,350750
20220221,13:11,43.50,44.00,42.70,43.00,4650,350750
20220221,13:12,42.75,46.10,42.20,45.70,11275,350175
20220221,13:13,45.85,48.20,45.30,47.40,17250,350175
20220221,13:14,47.35,48.00,46.50,47.10,17425,350175
20220221,13:15,46.95,49.05,46.40,48.00,15175,347350
20220221,13:16,48.15,48.40,46.30,48.20,9975,347350
20220221,13:17,48.30,48.30,46.20,47.95,7725,347350
20220221,13:18,48.50,51.05,47.85,47.85,21175,341850
20220221,13:19,47.55,48.40,44.10,44.60,15475,341850
20220221,13:20,44.30,45.35,42.65,44.55,18550,341850
20220221,13:21,45.55,46.00,43.55,44.60,5875,340575
20220221,13:22,44.15,44.15,40.75,41.00,19275,340575
20220221,13:23,41.30,43.45,41.20,43.00,9900,340575
20220221,13:24,43.15,45.05,43.10,43.90,12225,348750
20220221,13:25,43.55,43.65,39.30,39.35,17975,348750
20220221,13:26,39.30,42.25,39.10,41.05,16700,348750
20220221,13:27,40.50,40.75,38.40,38.40,13075,350550
20220221,13:28,38.30,40.80,37.90,40.00,14525,350550
20220221,13:29,40.00,40.80,38.90,38.90,7600,350550
20220221,13:30,38.15,38.70,33.70,36.85,37250,355575
20220221,13:31,36.50,36.60,35.45,35.90,11750,355575
20220221,13:32,36.00,37.70,36.00,36.80,17825,355575
20220221,13:33,37.25,38.65,36.95,38.20,6750,363375
20220221,13:34,38.35,38.65,34.20,34.20,19475,363375
20220221,13:35,34.30,36.10,33.50,35.40,14075,363375
20220221,13:36,35.70,36.00,34.90,34.90,4400,368675
20220221,13:37,34.70,35.05,33.35,34.35,16650,368675
20220221,13:38,34.05,34.05,32.65,32.65,7375,368675
20220221,13:39,32.40,32.50,29.25,29.30,28750,371100
20220221,13:40,29.00,29.80,26.90,26.90,42475,371100
20220221,13:41,27.00,30.10,26.90,29.80,31550,371100
20220221,13:42,29.85,31.20,29.60,31.00,13500,384350
20220221,13:43,31.00,34.00,31.00,33.85,14125,384350
20220221,13:44,33.80,35.85,33.60,35.40,24425,384350
20220221,13:45,35.95,37.30,35.80,37.30,17925,386000
20220221,13:46,37.40,37.40,35.60,36.20,11725,386000
20220221,13:47,36.40,37.20,36.20,36.80,11950,386000
20220221,13:48,36.40,36.45,35.25,35.40,6525,385100
20220221,13:49,35.10,35.35,33.55,34.30,8950,385100
20220221,13:50,34.40,36.15,34.40,35.75,8525,385100
20220221,13:51,35.25,36.05,35.25,35.70,3600,386675
20220221,13:52,35.55,35.70,33.40,34.60,7750,386675
20220221,13:53,34.70,34.85,31.85,32.50,8025,386675
20220221,13:54,32.30,32.45,30.50,30.50,17750,391075
20220221,13:55,30.55,31.25,30.50,31.15,7525,391075
20220221,13:56,31.35,32.20,31.35,31.65,9125,391075
20220221,13:57,31.60,32.60,31.50,32.50,5000,390650
20220221,13:58,32.80,33.55,32.50,33.55,6900,390650
20220221,13:59,33.35,34.15,32.40,32.65,2600,390650
20220221,14:00,32.80,34.65,32.80,33.90,8900,391675
20220221,14:01,33.50,33.85,31.80,32.15,5650,391675
20220221,14:02,32.40,32.60,31.45,31.45,3800,391675
20220221,14:03,31.50,33.25,31.45,32.90,6950,391425
20220221,14:04,32.80,33.10,32.40,32.85,4975,391425
20220221,14:05,32.95,32.95,25.70,27.00,42175,391425
20220221,14:06,26.40,26.55,23.95,24.20,39275,391475
20220221,14:07,23.90,24.40,23.10,23.95,33625,391475
20220221,14:08,23.95,25.45,23.80,25.40,29375,391475
20220221,14:09,25.40,26.00,23.60,23.90,23850,380925
20220221,14:10,23.85,24.40,22.90,23.25,26025,380925
20220221,14:11,23.05,23.45,20.85,20.85,39850,380925
20220221,14:12,20.85,21.85,20.25,21.15,38550,393100
20220221,14:13,21.05,22.00,20.75,21.20,22850,393100
20220221,14:14,21.30,22.60,21.20,21.75,23400,393100
20220221,14:15,21.30,22.55,20.65,22.20,24325,386250
20220221,14:16,22.35,23.00,21.75,22.50,13950,386250
20220221,14:17,22.50,23.45,22.45,22.95,10125,386250
20220221,14:18,22.90,23.10,21.30,21.35,19100,384150
20220221,14:19,21.55,21.80,20.95,21.80,18075,384150
20220221,14:20,21.95,23.85,21.80,23.60,16675,384150
20220221,14:21,23.55,23.75,22.85,23.15,12050,383300
20220221,14:22,23.10,23.55,22.85,23.35,8250,383300
20220221,14:23,23.40,24.30,23.10,23.30,10375,383300
20220221,14:24,23.00,23.10,21.70,22.65,14900,383850
20220221,14:25,22.75,22.95,21.50,21.95,6350,383850
20220221,14:26,22.05,22.80,22.00,22.70,6025,383850
20220221,14:27,22.50,23.00,21.80,22.05,5575,384925
20220221,14:28,22.30,23.00,22.20,22.45,6850,384925
20220221,14:29,22.50,23.25,22.45,23.25,4325,384925
20220221,14:30,23.40,23.70,22.65,23.05,11525,382650
20220221,14:31,22.90,23.15,22.00,22.05,6450,382650
20220221,14:32,22.00,23.00,21.85,22.20,8550,382650
20220221,14:33,22.00,22.15,21.70,21.95,11325,385325
20220221,14:34,21.80,22.15,20.30,20.40,33925,385325
20220221,14:35,20.30,20.30,18.80,19.45,28475,385325
20220221,14:36,19.30,19.60,18.30,18.35,33475,396000
20220221,14:37,18.25,18.45,17.60,18.00,26325,396000
20220221,14:38,17.80,18.60,17.80,18.50,26900,396000
20220221,14:39,18.45,18.70,18.00,18.20,9275,399200
20220221,14:40,18.10,18.30,17.35,17.40,11100,399200
20220221,14:41,17.55,17.85,17.00,17.80,25975,399200
20220221,14:42,17.65,17.85,16.20,16.60,14250,405800
20220221,14:43,16.65,18.15,16.65,17.90,17450,405800
20220221,14:44,17.85,18.00,17.60,17.75,13550,405800
20220221,14:45,17.55,18.55,17.15,18.00,22275,402850
20220221,14:46,18.10,18.85,18.10,18.50,8775,402850
20220221,14:47,18.40,18.80,18.15,18.55,7400,402850
20220221,14:48,18.55,18.80,18.20,18.40,7225,402500
20220221,14:49,18.55,19.10,18.40,18.90,14350,402500
20220221,14:50,19.05,19.80,18.70,19.40,11050,402500
20220221,14:51,19.55,20.00,19.45,19.80,9875,404475
20220221,14:52,19.95,21.10,19.85,20.65,13625,404475
20220221,14:53,20.70,23.25,20.70,23.25,16600,404475
20220221,14:54,23.20,23.90,22.65,23.50,17550,400100
20220221,14:55,23.45,23.60,22.25,23.45,13075,400100
20220221,14:56,23.35,23.50,22.00,22.00,14500,400100
20220221,14:57,21.80,22.10,21.20,21.80,12825,402400
20220221,14:58,21.55,21.65,20.55,21.30,10925,402400
20220221,14:59,21.10,21.50,20.90,21.25,11475,402400
20220221,15:00,21.60,21.95,20.00,20.80,37650,388200
20220221,15:01,20.85,21.05,19.65,19.65,19550,388200
20220221,15:02,19.50,19.50,18.00,18.10,22425,388200
20220221,15:03,18.25,18.75,18.10,18.25,13250,385575
20220221,15:04,18.15,18.70,18.10,18.70,15100,385575
20220221,15:05,18.55,18.55,17.55,18.05,11400,385575
20220221,15:06,18.05,18.30,17.25,17.50,13800,385825
20220221,15:07,17.45,17.45,16.90,17.15,15275,385825
20220221,15:08,17.10,17.10,15.60,15.80,19550,385825
20220221,15:09,15.75,15.75,15.00,15.20,24425,389500
20220221,15:10,15.30,15.55,14.80,14.95,39950,389500
20220221,15:11,14.90,15.10,14.80,14.90,21250,389500
20220221,15:12,14.90,15.45,14.90,15.15,21575,400100
20220221,15:13,15.05,16.15,15.05,16.15,92625,400100
20220221,15:14,16.20,16.55,15.65,15.65,59275,400100
20220221,15:15,15.60,15.90,14.90,15.05,55000,400100
20220221,15:16,14.95,15.50,14.95,15.45,26525,448825
20220221,15:17,15.45,16.10,15.45,15.95,21750,448825
20220221,15:18,16.05,16.70,16.05,16.70,24475,448825
20220221,15:19,16.65,16.90,16.40,16.75,14250,428050
20220221,15:20,16.65,17.45,16.45,17.30,19350,428050
20220221,15:21,17.25,17.25,16.85,17.00,13100,428050
20220221,15:22,17.00,17.10,16.25,16.35,13275,426750
20220221,15:23,16.20,16.70,15.85,16.30,14950,426750
20220221,15:24,16.30,16.30,15.85,16.30,14275,426750
20220221,15:25,16.20,16.20,15.35,15.60,31850,425125
20220221,15:26,15.60,15.95,14.55,14.90,30975,425125
20220221,15:27,14.80,15.35,14.80,15.15,27975,425125
20220221,15:28,15.30,15.55,14.90,15.10,26400,394925
20220221,15:29,15.30,16.00,14.75,15.00,32025,394925
20220221,15:30,15.00,15.00,15.00,15.00,75,394925
20220222,09:15,19.80,19.80,3.55,9.40,190753,370975
20220222,09:16,9.20,13.00,8.25,12.90,101700,370975
20220222,09:17,12.95,15.40,12.55,12.55,78050,305650
20220222,09:18,12.40,12.40,11.20,11.70,97350,305650
20220222,09:19,11.55,11.75,10.90,11.20,82150,305650
20220222,09:20,11.20,11.55,10.65,11.30,70575,343750
20220222,09:21,11.35,13.80,11.35,13.80,40250,343750
20220222,09:22,13.70,13.70,12.30,12.55,27675,343750
20220222,09:23,12.30,12.50,11.55,12.20,22000,370650
20220222,09:24,12.05,12.15,11.50,12.00,19550,370650
20220222,09:25,11.90,12.15,11.50,12.00,25500,370650
20220222,09:26,12.05,12.25,11.50,11.85,22150,371550
20220222,09:27,11.80,12.75,11.60,12.40,25925,371550
20220222,09:28,12.60,12.75,12.25,12.30,15175,371550
20220222,09:29,12.35,12.40,11.90,12.35,16050,363600
20220222,09:30,12.45,13.15,11.80,13.10,18150,363600
20220222,09:31,13.00,13.30,12.75,13.05,21425,363600
20220222,09:32,13.00,13.50,12.90,13.40,14975,354100
20220222,09:33,13.35,13.45,13.15,13.25,11750,354100
20220222,09:34,13.30,13.35,12.80,13.10,17825,354100
20220222,09:35,13.00,13.35,12.95,13.00,20425,355925
20220222,09:36,13.00,13.30,12.85,13.20,18950,355925
20220222,09:37,13.25,13.25,12.90,13.00,15425,355925
20220222,09:38,12.90,13.05,12.65,12.70,9450,361975
20220222,09:39,12.65,12.90,12.40,12.65,14775,361975
20220222,09:40,12.60,12.90,12.50,12.70,11775,361975
20220222,09:41,12.60,13.20,12.50,13.00,21000,350300
20220222,09:42,13.00,13.30,12.80,13.25,8900,350300
20220222,09:43,13.15,13.75,13.10,13.15,17675,350300
20220222,09:44,13.15,13.25,12.85,12.85,15550,347750
20220222,09:45,12.75,13.15,12.65,13.00,8050,347750
20220222,09:46,12.95,13.40,12.95,13.05,9675,347750
20220222,09:47,13.15,13.15,12.90,13.10,7925,344675
20220222,09:48,13.10,13.35,13.00,13.00,5025,344675
20220222,09:49,13.05,13.20,12.90,13.10,4375,344675
20220222,09:50,13.10,13.30,12.95,13.25,8675,345175
20220222,09:51,13.20,13.35,13.00,13.10,10775,345175
20220222,09:52,13.10,13.30,13.00,13.20,12050,345175
20220222,09:53,13.30,13.55,13.20,13.30,11600,343300
20220222,09:54,13.25,13.50,13.05,13.15,11625,343300
20220222,09:55,13.20,13.60,13.10,13.55,10400,343300
20220222,09:56,13.60,13.70,13.25,13.30,7475,345500
20220222,09:57,13.25,13.65,13.25,13.25,7150,345500
20220222,09:58,13.35,13.60,13.20,13.35,5775,345500
20220222,09:59,13.40,13.55,13.25,13.50,2975,342975
20220222,10:00,13.40,13.75,13.35,13.65,10925,342975
20220222,10:01,13.55,13.65,13.45,13.50,4500,342975
20220222,10:02,13.50,13.85,13.45,13.80,5950,346675
20220222,10:03,13.75,13.80,13.55,13.75,7100,346675
20220222,10:04,13.60,14.15,13.60,14.10,5300,346675
20220222,10:05,14.05,17.85,14.05,16.85,47200,357250
20220222,10:06,16.90,17.10,15.30,15.40,18350,357250
20220222,10:07,15.40,15.40,14.55,15.25,9425,357250
20220222,10:08,15.20,15.30,14.45,15.20,13175,365950
20220222,10:09,15.10,15.15,14.35,14.95,5350,365950
20220222,10:10,14.70,14.80,13.85,14.05,9200,365950
20220222,10:11,13.80,13.90,12.50,12.60,19025,371000
20220222,10:12,12.55,13.00,12.10,12.85,15250,371000
20220222,10:13,12.90,13.15,12.65,13.10,4025,371000
20220222,10:14,13.10,13.35,13.00,13.25,5800,371300
20220222,10:15,13.20,13.95,12.85,13.75,8950,371300
20220222,10:16,13.85,13.95,13.45,13.50,7700,371300
20220222,10:17,13.50,13.90,13.30,13.80,5300,372350
20220222,10:18,13.80,13.95,13.50,13.50,2850,372350
20220222,10:19,13.45,13.55,13.00,13.15,5350,372350
20220222,10:20,13.15,13.45,13.00,13.45,3375,375350
20220222,10:21,13.55,13.85,13.20,13.45,3725,375350
20220222,10:22,13.65,13.80,13.25,13.45,6400,375350
20220222,10:23,13.30,13.80,13.25,13.65,8500,379250
20220222,10:24,13.55,13.60,13.05,13.35,8850,379250
20220222,10:25,13.40,13.50,13.15,13.30,2975,379250
20220222,10:26,13.25,13.60,13.15,13.50,5175,379150
20220222,10:27,13.50,13.55,13.25,13.35,5475,379150
20220222,10:28,13.30,13.45,13.20,13.35,2600,379150
20220222,10:29,13.40,13.45,13.20,13.40,3900,381875
20220222,10:30,13.40,13.75,13.40,13.55,7225,381875
20220222,10:31,13.60,13.60,13.10,13.40,13450,381875
20220222,10:32,13.35,13.45,13.15,13.40,2525,380625
20220222,10:33,13.25,13.70,13.15,13.65,5025,380625
20220222,10:34,13.55,13.55,13.35,13.45,1850,380625
20220222,10:35,13.35,13.45,13.15,13.25,2850,382150
20220222,10:36,13.10,13.20,12.80,13.20,2725,382150
20220222,10:37,13.25,13.55,13.00,13.30,3850,382150
20220222,10:38,13.30,13.50,13.15,13.50,1450,383500
20220222,10:39,13.60,13.60,13.25,13.35,5600,383500
20220222,10:40,13.30,13.65,13.30,13.30,2550,383500
20220222,10:41,13.25,13.25,12.65,12.65,5350,384475
20220222,10:42,12.65,12.70,12.40,12.60,4325,384475
20220222,10:43,12.60,12.65,12.50,12.65,2450,384475
20220222,10:44,12.55,12.65,12.15,12.30,6325,383975
20220222,10:45,12.25,12.85,12.20,12.70,5775,383975
20220222,10:46,12.70,13.05,12.55,12.55,4000,383975
20220222,10:47,12.50,12.60,12.15,12.35,2325,381875
20220222,10:48,12.35,12.55,12.25,12.40,2650,381875
20220222,10:49,12.35,12.55,12.25,12.35,3850,381875
20220222,10:50,12.40,12.75,12.35,12.65,2625,383575
20220222,10:51,12.75,12.80,12.55,12.70,1300,383575
20220222,10:52,12.70,12.75,12.55,12.65,1675,383575
20220222,10:53,12.75,12.75,12.60,12.75,2175,381975
20220222,10:54,12.70,12.80,12.55,12.80,2175,381975
20220222,10:55,12.80,13.00,12.75,12.80,4950,381975
20220222,10:56,12.85,12.95,12.80,12.85,1950,382800
20220222,10:57,12.90,13.45,12.80,13.45,5225,382800
20220222,10:58,13.50,13.60,13.20,13.25,2775,382800
20220222,10:59,13.20,13.55,13.20,13.30,5550,381475
20220222,11:00,13.40,13.65,13.20,13.25,12575,381475
20220222,11:01,13.15,13.30,12.85,13.05,8300,381475
20220222,11:02,13.15,13.80,13.15,13.55,10050,378525
20220222,11:03,13.55,13.70,13.10,13.30,5075,378525
20220222,11:04,13.25,13.45,13.10,13.40,5700,378525
20220222,11:05,13.45,13.45,13.00,13.10,5475,381275
20220222,11:06,13.10,13.70,13.05,13.05,10650,381275
20220222,11:07,13.10,13.60,13.00,13.20,10600,381275
20220222,11:08,13.20,13.80,13.20,13.65,4300,385350
20220222,11:09,13.70,13.80,13.35,13.50,9300,385350
20220222,11:10,13.50,13.55,13.05,13.20,7400,385350
20220222,11:11,13.20,13.65,13.20,13.40,4075,387400
20220222,11:12,13.35,13.60,13.15,13.50,7650,387400
20220222,11:13,13.50,13.60,13.25,13.30,3275,387400
20220222,11:14,13.35,13.40,13.10,13.35,4200,391675
20220222,11:15,13.40,13.45,13.20,13.20,3100,391675
20220222,11:16,13.20,13.20,12.70,13.05,8250,391675
20220222,11:17,13.20,13.25,13.00,13.20,9825,393350
20220222,11:18,13.10,13.25,13.00,13.10,4750,393350
20220222,11:19,13.15,13.45,12.95,13.45,8250,393350
20220222,11:20,13.40,13.65,12.80,13.05,18350,393275
20220222,11:21,13.10,13.25,12.85,13.25,4975,393275
20220222,11:22,13.25,13.35,12.85,13.00,7525,393275
20220222,11:23,12.95,13.40,12.75,13.40,11325,394725
20220222,11:24,13.30,13.45,13.15,13.35,7800,394725
20220222,11:25,13.35,13.35,13.05,13.25,2825,394725
20220222,11:26,13.25,13.25,13.05,13.05,2150,401050
20220222,11:27,13.20,13.25,12.95,13.05,4725,401050
20220222,11:28,13.10,13.25,12.85,13.25,5550,401050
20220222,11:29,13.10,13.20,12.85,12.95,1725,399950
20220222,11:30,12.95,13.05,12.55,13.05,14800,399950
20220222,11:31,13.05,13.20,12.50,12.60,7925,399950
20220222,11:32,12.65,12.65,12.30,12.30,3150,399950
20220222,11:33,12.35,12.40,12.00,12.15,7700,396900
20220222,11:34,12.05,12.25,11.95,12.15,3075,396900
20220222,11:35,12.15,12.25,11.65,11.80,11275,397175
20220222,11:36,11.90,12.25,11.90,12.05,4075,397175
20220222,11:37,12.05,12.15,11.90,12.05,2325,397175
20220222,11:38,12.00,12.15,11.85,12.05,4550,397350
20220222,11:39,11.95,12.05,11.80,11.85,1775,397350
20220222,11:40,11.85,12.00,11.75,11.90,5350,397350
20220222,11:41,11.90,11.95,11.60,11.70,4525,392975
20220222,11:42,11.70,11.70,11.55,11.65,2950,392975
20220222,11:43,11.70,11.70,11.35,11.35,2000,392975
20220222,11:44,11.45,11.50,11.30,11.50,16325,392975
20220222,11:45,11.50,11.70,11.35,11.50,5625,397850
20220222,11:46,11.40,11.50,11.25,11.50,5250,397850
20220222,11:47,11.55,11.55,11.35,11.50,4275,397850
20220222,11:48,11.45,11.60,11.10,11.10,6375,398350
20220222,11:49,11.05,11.40,11.05,11.15,4225,398350
20220222,11:50,11.10,11.20,10.40,10.40,11075,398350
20220222,11:51,10.45,10.55,10.40,10.55,12050,398350
20220222,11:52,10.50,10.55,10.10,10.35,21900,398350
20220222,11:53,10.30,10.45,10.25,10.30,21525,398350
20220222,11:54,10.25,10.30,10.05,10.20,8250,393375
20220222,11:55,10.25,10.40,10.05,10.15,9450,393375
20220222,11:56,10.15,10.25,9.90,10.05,23800,393375
20220222,11:57,10.05,10.45,10.05,10.30,16900,395325
20220222,11:58,10.25,10.35,10.05,10.05,6050,395325
20220222,11:59,10.10,10.20,9.55,9.65,15200,395325
20220222,12:00,9.60,9.75,9.55,9.75,11025,399275
20220222,12:01,9.65,9.90,9.55,9.85,18750,399275
20220222,12:02,9.95,10.00,9.70,9.90,17875,399275
20220222,12:03,9.90,9.95,9.70,9.75,7925,401350
20220222,12:04,9.70,9.70,9.55,9.65,5300,401350
20220222,12:05,9.65,9.80,9.60,9.70,7800,401350
20220222,12:06,9.75,9.95,9.70,9.85,3550,401200
20220222,12:07,9.80,9.95,9.80,9.90,2850,401200
20220222,12:08,9.95,10.00,9.85,10.00,5825,401200
20220222,12:09,9.95,10.00,9.90,9.90,3975,401675
20220222,12:10,9.95,10.00,9.80,9.95,7150,401675
20220222,12:11,9.90,10.10,9.90,10.00,5725,401675
20220222,12:12,10.00,10.05,9.95,10.05,6200,402275
20220222,12:13,10.05,10.15,10.00,10.10,2175,402275
20220222,12:14,10.00,10.10,9.95,10.00,2575,402275
20220222,12:15,10.05,10.15,9.90,10.10,6850,402000
20220222,12:16,10.10,10.10,9.90,9.95,4100,402000
20220222,12:17,9.95,9.95,9.75,9.90,6950,402000
20220222,12:18,9.75,9.85,9.70,9.80,1925,402875
20220222,12:19,9.75,9.85,9.70,9.75,1625,402875
20220222,12:20,9.75,9.80,9.65,9.65,4275,402875
20220222,12:21,9.70,9.75,9.55,9.60,11625,403300
20220222,12:22,9.60,9.60,9.35,9.35,7100,403300
20220222,12:23,9.40,9.45,9.35,9.35,8225,403300
20220222,12:24,9.45,9.45,9.30,9.45,1725,401875
20220222,12:25,9.40,9.45,9.25,9.25,5150,401875
20220222,12:26,9.30,9.30,9.15,9.25,6525,401875
20220222,12:27,9.30,9.35,9.15,9.30,5200,402025
20220222,12:28,9.25,9.30,9.15,9.30,5875,402025
20220222,12:29,9.30,9.30,9.10,9.20,1125,402025
20220222,12:30,9.05,9.15,8.95,8.95,11000,403000
20220222,12:31,9.05,9.10,8.80,8.90,10675,403000
20220222,12:32,8.90,8.90,8.75,8.80,8925,403000
20220222,12:33,8.75,8.90,8.70,8.90,5775,409250
20220222,12:34,8.90,9.20,8.90,9.15,11300,409250
20220222,12:35,9.20,9.40,9.20,9.30,7025,409250
20220222,12:36,9.25,9.40,9.15,9.25,7050,407900
20220222,12:37,9.25,9.40,9.25,9.35,5850,407900
20220222,12:38,9.25,9.40,9.25,9.30,4050,407900
20220222,12:39,9.25,9.35,9.20,9.30,5800,406675
20220222,12:40,9.25,9.45,9.25,9.30,1550,406675
20220222,12:41,9.30,9.35,9.30,9.35,900,406675
20220222,12:42,9.30,9.40,9.30,9.35,2500,406000
20220222,12:43,9.30,9.40,9.25,9.30,2400,406000
20220222,12:44,9.25,9.30,9.10,9.10,5550,406000
20220222,12:45,9.00,9.20,9.00,9.10,3525,406900
20220222,12:46,9.10,9.20,8.95,8.95,4100,406900
20220222,12:47,9.00,9.10,8.95,9.05,2100,406900
20220222,12:48,9.10,9.10,9.05,9.05,1800,407900
20220222,12:49,9.05,9.10,8.90,8.90,12200,407900
20220222,12:50,8.90,9.00,8.85,9.00,4475,407900
20220222,12:51,8.95,9.15,8.95,9.15,6450,411975
20220222,12:52,9.10,9.10,9.05,9.05,2425,411975
20220222,12:53,9.00,9.10,9.00,9.05,3175,411975
20220222,12:54,9.05,9.05,8.75,8.80,6250,412275
20220222,12:55,8.75,8.90,8.75,8.75,5850,412275
20220222,12:56,8.75,8.85,8.65,8.80,3425,412275
20220222,12:57,8.80,8.85,8.60,8.65,3125,412425
20220222,12:58,8.70,8.75,8.60,8.70,5100,412425
20220222,12:59,8.75,8.80,8.60,8.75,8475,412425
20220222,13:00,8.65,8.75,8.65,8.75,4600,410600
20220222,13:01,8.70,8.70,8.60,8.65,6225,410600
20220222,13:02,8.60,8.65,8.55,8.55,2850,410600
20220222,13:03,8.65,8.80,8.45,8.55,14450,411375
20220222,13:04,8.50,8.60,8.40,8.40,3175,411375
20220222,13:05,8.40,8.60,8.35,8.50,8075,411375
20220222,13:06,8.50,8.60,8.45,8.60,5925,410500
20220222,13:07,8.60,8.65,8.50,8.65,3675,410500
20220222,13:08,8.55,8.70,8.50,8.50,4575,410500
20220222,13:09,8.50,8.60,8.45,8.55,8025,406975
20220222,13:10,8.55,8.80,8.50,8.70,7925,406975
20220222,13:11,8.65,8.95,8.60,8.95,7850,406975
20220222,13:12,8.95,9.00,8.85,8.95,2425,401775
20220222,13:13,8.90,8.90,8.70,8.70,5200,401775
20220222,13:14,8.70,8.85,8.70,8.80,3925,401775
20220222,13:15,8.75,8.80,8.75,8.80,2500,398225
20220222,13:16,8.80,8.80,8.75,8.80,925,398225
20220222,13:17,8.85,8.95,8.80,8.85,3200,398225
20220222,13:18,8.85,9.00,8.85,8.90,2125,398450
20220222,13:19,8.95,9.05,8.95,9.00,1400,398450
20220222,13:20,8.95,9.10,8.95,9.10,1525,398450
20220222,13:21,9.00,9.00,8.95,9.00,1075,398825
20220222,13:22,9.05,9.05,8.90,8.95,2675,398825
20220222,13:23,8.95,9.00,8.90,9.00,1600,398825
20220222,13:24,8.90,8.95,8.70,8.80,2350,398825
20220222,13:25,8.75,8.80,8.75,8.75,1625,398825
20220222,13:26,8.80,8.80,8.60,8.70,5350,398825
20220222,13:27,8.70,8.75,8.55,8.55,2600,398300
20220222,13:28,8.60,8.75,8.55,8.75,5025,398300
20220222,13:29,8.75,8.90,8.70,8.75,3500,398300
20220222,13:30,8.80,9.00,8.80,8.85,6850,396950
20220222,13:31,8.90,8.95,8.80,8.90,3700,396950
20220222,13:32,8.85,8.90,8.80,8.85,2450,396950
20220222,13:33,8.85,8.95,8.60,8.60,3600,398925
20220222,13:34,8.65,8.70,8.60,8.65,2325,398925
20220222,13:35,8.70,8.75,8.65,8.70,3075,398925
20220222,13:36,8.65,8.80,8.65,8.70,1900,399100
20220222,13:37,8.70,8.90,8.70,8.85,6725,399100
20220222,13:38,8.85,8.90,8.80,8.90,800,399100
20220222,13:39,8.90,9.00,8.90,8.90,1525,402275
20220222,13:40,8.90,9.00,8.90,8.90,2850,402275
20220222,13:41,8.90,8.95,8.80,8.85,2400,402275
20220222,13:42,8.85,8.85,8.75,8.80,2900,397550
20220222,13:43,8.80,8.80,8.70,8.75,1775,397550
20220222,13:44,8.75,8.80,8.60,8.65,4975,397550
20220222,13:45,8.65,8.75,8.60,8.75,3575,399400
20220222,13:46,8.75,8.85,8.70,8.85,4725,399400
20220222,13:47,8.85,8.85,8.80,8.85,525,399400
20220222,13:48,8.80,8.85,8.75,8.85,3175,397850
20220222,13:49,8.80,8.85,8.70,8.70,2900,397850
20220222,13:50,8.65,8.75,8.65,8.70,2275,397850
20220222,13:51,8.70,8.70,8.50,8.55,1700,397500
20220222,13:52,8.50,8.55,8.40,8.40,2700,397500
20220222,13:53,8.50,8.65,8.50,8.60,4200,397500
20220222,13:54,8.60,8.65,8.40,8.40,1650,395850
20220222,13:55,8.40,8.50,8.40,8.45,2900,395850
20220222,13:56,8.40,8.70,8.40,8.65,4575,395850
20220222,13:57,8.60,9.25,8.50,9.10,18675,395350
20220222,13:58,9.10,11.10,9.10,10.90,23925,395350
20220222,13:59,10.90,11.15,10.40,10.40,26475,395350
20220222,14:00,10.30,12.30,10.30,12.00,34875,392900
20220222,14:01,12.00,12.45,11.20,12.15,26350,392900
20220222,14:02,12.25,12.30,11.70,11.95,13300,392900
20220222,14:03,12.05,13.80,11.80,13.80,24750,393300
20220222,14:04,13.60,13.70,11.60,11.70,16700,393300
20220222,14:05,11.85,12.30,11.35,11.35,16150,393300
20220222,14:06,11.35,11.95,11.35,11.60,13650,388800
20220222,14:07,11.85,12.05,11.00,11.00,7100,388800
20220222,14:08,11.20,11.75,11.15,11.75,5375,388800
20220222,14:09,11.70,11.85,11.40,11.80,7400,389850
20220222,14:10,11.85,13.40,11.55,12.35,34600,389850
20220222,14:11,12.40,12.40,11.65,12.05,19850,389850
20220222,14:12,12.05,12.05,11.55,11.75,15425,388775
20220222,14:13,11.80,12.20,11.55,12.15,6750,388775
20220222,14:14,12.10,12.75,11.95,12.65,6050,388775
20220222,14:15,12.80,13.25,12.00,12.05,14150,384475
20220222,14:16,12.05,12.15,11.50,11.50,18950,384475
20220222,14:17,11.75,12.30,11.50,12.10,15775,384475
20220222,14:18,12.10,12.20,11.75,12.20,24325,387825
20220222,14:19,12.15,12.40,11.40,11.50,13650,387825
20220222,14:20,11.55,11.60,10.25,10.65,14875,387825
20220222,14:21,10.70,11.80,10.65,11.80,12575,383625
20220222,14:22,12.00,12.00,11.50,11.60,11450,383625
20220222,14:23,11.80,12.00,11.50,11.90,8900,383625
20220222,14:24,12.00,13.00,11.95,12.80,20875,389675
20220222,14:25,13.00,13.10,12.10,12.80,12100,389675
20220222,14:26,12.80,12.80,12.05,12.15,13625,389675
20220222,14:27,12.35,12.85,12.35,12.60,7775,398350
20220222,14:28,12.50,13.35,12.50,13.05,10325,398350
20220222,14:29,12.95,13.20,12.50,12.55,15200,398350
20220222,14:30,12.65,12.95,12.00,12.40,7075,399850
20220222,14:31,12.40,14.15,12.40,13.65,12900,399850
20220222,14:32,13.65,14.15,12.60,12.70,15900,399850
20220222,14:33,12.75,12.75,11.85,12.40,16000,397125
20220222,14:34,12.45,12.90,12.00,12.55,13225,397125
20220222,14:35,12.50,13.75,12.50,13.40,15325,397125
20220222,14:36,13.40,13.40,12.65,12.95,15125,394650
20220222,14:37,12.65,13.35,12.25,12.85,17550,394650
20220222,14:38,12.85,12.90,11.75,12.30,16125,394650
20220222,14:39,12.10,12.80,11.85,12.50,16225,397750
20220222,14:40,12.60,12.60,11.90,12.05,7100,397750
20220222,14:41,12.15,12.20,11.75,11.90,6350,397750
20220222,14:42,11.90,12.05,11.20,11.20,3800,413700
20220222,14:43,11.30,11.65,10.30,10.50,9975,413700
20220222,14:44,10.55,11.35,10.45,11.25,7100,413700
20220222,14:45,11.40,11.65,11.00,11.30,15450,410600
20220222,14:46,11.30,11.70,10.90,11.05,32000,410600
20220222,14:47,11.10,11.20,10.15,10.85,24700,410600
20220222,14:48,11.00,11.15,10.35,10.35,14700,410400
20220222,14:49,10.30,11.05,10.20,10.95,18975,410400
20220222,14:50,10.80,11.15,10.65,10.95,29350,410400
20220222,14:51,10.95,11.00,10.60,11.00,41775,427725
20220222,14:52,11.10,11.25,10.75,11.00,11750,427725
20220222,14:53,10.90,11.00,10.20,10.30,18925,427725
20220222,14:54,10.30,10.30,9.80,10.10,9250,406125
20220222,14:55,10.25,10.60,10.10,10.30,6825,406125
20220222,14:56,10.15,10.60,10.10,10.20,10725,406125
20220222,14:57,10.20,10.20,9.50,9.50,5050,402275
20220222,14:58,9.45,9.70,9.10,9.55,10800,402275
20220222,14:59,9.60,9.60,9.25,9.55,4950,402275
20220222,15:00,9.60,9.80,8.35,8.55,14575,401125
20220222,15:01,8.50,8.80,8.25,8.70,11600,401125
20220222,15:02,8.65,8.80,8.10,8.65,25825,401125
20220222,15:03,8.65,8.70,8.10,8.25,22175,410375
20220222,15:04,8.25,8.30,8.10,8.15,10725,410375
20220222,15:05,8.05,8.05,7.75,8.00,13950,410375
20220222,15:06,8.05,8.10,7.45,7.55,19000,417500
20220222,15:07,7.45,7.60,7.25,7.55,16100,417500
20220222,15:08,7.55,7.80,7.55,7.65,8950,417500
20220222,15:09,7.70,7.75,7.45,7.50,17950,419600
20220222,15:10,7.55,7.65,7.35,7.50,15475,419600
20220222,15:11,7.50,7.50,7.20,7.30,18275,419600
20220222,15:12,7.20,7.25,7.00,7.05,15000,423400
20220222,15:13,7.05,7.20,6.85,7.20,29900,423400
20220222,15:14,7.15,7.40,7.10,7.25,21800,423400
20220222,15:15,7.20,7.45,7.05,7.45,21750,419850
20220222,15:16,7.50,7.80,7.50,7.60,15900,419850
20220222,15:17,7.65,7.70,7.60,7.70,4700,419850
20220222,15:18,7.60,7.80,7.50,7.50,14475,423450
20220222,15:19,7.55,7.70,7.55,7.65,8525,423450
20220222,15:20,7.55,7.90,7.55,7.65,18725,423450
20220222,15:21,7.60,7.70,7.55,7.60,10450,416050
20220222,15:22,7.60,7.65,7.35,7.35,10475,416050
20220222,15:23,7.40,7.70,7.35,7.60,19275,416050
20220222,15:24,7.60,7.65,7.50,7.50,13275,419175
20220222,15:25,7.45,7.60,7.30,7.40,13500,419175
20220222,15:26,7.40,7.50,7.20,7.40,13425,419175
20220222,15:27,7.45,7.55,7.30,7.35,12625,415525
20220222,15:28,7.35,7.55,7.30,7.50,9700,415525
20220222,15:29,7.50,7.75,6.45,6.95,16725,415525
20220223,09:15,6.25,9.95,6.25,9.00,36926,412875
20220223,09:16,9.05,9.05,8.60,8.70,34775,412875
20220223,09:17,8.80,9.15,8.65,8.95,41050,423875
20220223,09:18,9.10,9.20,8.80,8.80,30375,423875
20220223,09:19,8.85,8.85,8.50,8.65,22050,423875
20220223,09:20,8.75,8.75,8.10,8.10,34350,456750
20220223,09:21,8.10,8.30,7.85,8.25,47550,456750
20220223,09:22,8.30,9.00,8.25,8.85,34050,456750
20220223,09:23,8.85,9.15,8.80,9.00,40150,469500
20220223,09:24,9.00,9.20,8.85,9.10,28450,469500
20220223,09:25,9.10,9.30,8.90,9.15,19425,469500
20220223,09:26,9.15,9.65,9.10,9.50,33825,459325
20220223,09:27,9.65,9.65,9.00,9.10,23875,459325
20220223,09:28,9.10,9.10,8.65,8.70,23700,459325
20220223,09:29,8.70,8.75,8.60,8.60,24750,469600
20220223,09:30,8.60,8.75,8.30,8.30,26975,469600
20220223,09:31,8.30,8.30,8.00,8.05,15600,469600
20220223,09:32,8.10,8.45,8.00,8.30,15600,476650
20220223,09:33,8.45,8.55,8.15,8.45,12725,476650
20220223,09:34,8.50,8.70,8.25,8.25,10550,476650
20220223,09:35,8.25,8.55,8.15,8.25,15525,476825
20220223,09:36,8.25,8.50,8.05,8.25,10600,476825
20220223,09:37,8.25,8.55,8.20,8.50,6925,476825
20220223,09:38,8.50,8.50,8.30,8.30,6875,479375
20220223,09:39,8.30,8.30,8.15,8.20,8925,479375
20220223,09:40,8.15,8.15,7.90,7.90,5275,479375
20220223,09:41,7.90,7.90,7.45,7.80,13600,478775
20220223,09:42,7.85,7.85,7.65,7.75,9125,478775
20220223,09:43,7.75,7.80,7.65,7.75,4975,478775
20220223,09:44,7.75,7.90,7.60,7.60,7950,482475
20220223,09:45,7.60,7.75,7.55,7.60,9675,482475
20220223,09:46,7.60,7.95,7.60,7.90,8975,482475
20220223,09:47,7.90,8.00,7.75,7.75,10725,480700
20220223,09:48,7.80,7.90,7.50,7.55,18050,480700
20220223,09:49,7.60,7.65,7.15,7.35,11500,480700
20220223,09:50,7.35,7.55,7.25,7.55,11350,492575
20220223,09:51,7.40,7.55,7.40,7.45,4925,492575
20220223,09:52,7.50,7.55,7.35,7.40,9350,492575
20220223,09:53,7.35,7.35,7.15,7.30,9525,495250
20220223,09:54,7.25,7.30,7.05,7.15,12100,495250
20220223,09:55,7.10,7.30,7.10,7.20,13050,495250
20220223,09:56,7.10,7.25,7.05,7.15,6525,491300
20220223,09:57,7.10,7.45,7.10,7.45,17575,491300
20220223,09:58,7.35,7.40,7.10,7.10,6475,491300
20220223,09:59,7.20,7.30,7.15,7.20,6300,486975
20220223,10:00,7.20,7.25,7.10,7.15,6700,486975
20220223,10:01,7.15,7.40,7.15,7.25,5500,486975
20220223,10:02,7.25,7.40,7.25,7.30,4875,484450
20220223,10:03,7.30,7.40,7.25,7.25,3625,484450
20220223,10:04,7.20,7.25,7.10,7.10,4050,484450
20220223,10:05,7.10,7.20,7.05,7.10,8150,479375
20220223,10:06,7.10,7.25,7.05,7.25,6225,479375
20220223,10:07,7.20,7.50,7.20,7.25,6725,479375
20220223,10:08,7.30,7.50,7.25,7.40,5325,481100
20220223,10:09,7.40,8.40,7.30,7.45,30450,481100
20220223,10:10,7.50,7.50,7.00,7.20,11725,481100
20220223,10:11,7.10,7.40,7.00,7.40,5575,479675
20220223,10:12,7.40,7.45,7.20,7.35,12750,479675
20220223,10:13,7.40,7.45,7.20,7.40,9750,479675
20220223,10:14,7.35,7.40,7.15,7.20,7675,480875
20220223,10:15,7.20,7.55,7.15,7.50,17625,480875
20220223,10:16,7.45,7.60,7.30,7.35,13825,480875
20220223,10:17,7.45,7.45,7.25,7.45,5175,477500
20220223,10:18,7.45,7.55,7.40,7.50,15525,477500
20220223,10:19,7.50,7.65,7.40,7.65,9300,477500
20220223,10:20,7.50,7.65,7.35,7.45,5975,477200
20220223,10:21,7.45,7.60,7.45,7.55,4275,477200
20220223,10:22,7.55,7.65,7.40,7.65,2050,477200
20220223,10:23,7.60,7.70,7.50,7.60,5925,475900
20220223,10:24,7.65,8.10,7.65,7.85,13200,475900
20220223,10:25,7.95,7.95,7.60,7.65,6975,475900
20220223,10:26,7.60,7.60,7.45,7.45,3075,476250
20220223,10:27,7.50,7.60,7.40,7.45,9675,476250
20220223,10:28,7.45,7.45,7.30,7.30,3800,476250
20220223,10:29,7.35,7.40,7.30,7.40,4425,472100
20220223,10:30,7.40,7.40,7.30,7.35,5275,472100
20220223,10:31,7.35,7.50,7.25,7.45,8900,472100
20220223,10:32,7.45,7.60,7.40,7.55,11775,470475
20220223,10:33,7.60,7.65,7.50,7.60,12225,470475
20220223,10:34,7.50,7.65,7.40,7.50,14775,470475
20220223,10:35,7.60,7.65,7.45,7.55,11925,473975
20220223,10:36,7.60,7.65,7.45,7.45,14250,473975
20220223,10:37,7.40,7.45,7.20,7.25,13925,473975
20220223,10:38,7.25,7.30,7.00,7.00,12400,463175
20220223,10:39,7.00,7.00,6.75,6.90,12825,463175
20220223,10:40,6.85,7.05,6.85,7.00,4650,463175
20220223,10:41,7.00,7.20,7.00,7.15,11550,455250
20220223,10:42,7.10,7.20,7.10,7.20,4025,455250
20220223,10:43,7.10,7.20,7.10,7.10,8500,455250
20220223,10:44,7.10,7.20,7.10,7.10,5350,455750
20220223,10:45,7.10,7.20,7.05,7.10,4075,455750
20220223,10:46,7.15,7.15,7.05,7.05,7925,455750
20220223,10:47,7.00,7.10,7.00,7.05,750,455175
20220223,10:48,7.05,7.10,6.95,7.00,5925,455175
20220223,10:49,7.00,7.00,6.85,6.90,6425,455175
20220223,10:50,6.85,7.00,6.75,6.90,12925,456650
20220223,10:51,6.85,6.95,6.70,6.85,17175,456650
20220223,10:52,6.90,7.10,6.85,7.10,8450,456650
20220223,10:53,7.10,7.10,6.90,7.00,4550,453200
20220223,10:54,7.05,7.05,6.90,6.95,2075,453200
20220223,10:55,6.90,7.00,6.85,6.85,2250,453200
20220223,10:56,6.80,6.90,6.80,6.85,950,453200
20220223,10:57,6.90,7.05,6.85,7.05,3575,451975
20220223,10:58,7.00,7.15,7.00,7.10,3700,451975
20220223,10:59,7.15,7.15,7.00,7.00,2625,451975
20220223,11:00,6.95,7.05,6.90,6.95,2650,451275
20220223,11:01,7.00,7.05,6.90,7.05,3650,451275
20220223,11:02,7.10,7.20,6.90,6.90,7725,448975
20220223,11:03,6.90,6.95,6.80,6.85,5675,448975
20220223,11:04,6.90,6.95,6.80,6.80,4375,448975
20220223,11:05,6.80,6.95,6.80,6.80,8325,450900
20220223,11:06,6.80,6.80,6.60,6.65,5525,450900
20220223,11:07,6.70,6.70,6.55,6.65,10725,450900
20220223,11:08,6.60,6.65,6.55,6.55,8475,445025
20220223,11:09,6.60,6.60,6.40,6.50,19900,445025
20220223,11:10,6.50,6.55,6.40,6.50,4600,445025
20220223,11:11,6.55,6.60,6.50,6.55,5250,440600
20220223,11:12,6.50,6.60,6.50,6.50,5225,440600
20220223,11:13,6.60,6.60,6.35,6.40,3975,440600
20220223,11:14,6.35,6.60,6.35,6.60,5150,441825
20220223,11:15,6.50,6.60,6.50,6.55,2350,441825
20220223,11:16,6.50,6.50,6.35,6.35,4900,441825
20220223,11:17,6.35,6.40,6.25,6.25,1550,439600
20220223,11:18,6.25,6.45,6.20,6.35,11425,439600
20220223,11:19,6.30,6.40,6.30,6.30,7000,439600
20220223,11:20,6.30,6.40,6.25,6.40,4550,438075
20220223,11:21,6.30,6.35,6.10,6.10,7775,438075
20220223,11:22,6.10,6.10,6.00,6.10,5150,438075
20220223,11:23,6.10,6.20,6.10,6.10,2600,436550
20220223,11:24,6.10,6.15,6.05,6.10,4025,436550
20220223,11:25,6.05,6.10,6.00,6.00,5050,436550
20220223,11:26,6.00,6.00,5.90,5.90,3325,434375
20220223,11:27,5.90,5.95,5.85,5.95,1975,434375
20220223,11:28,5.95,5.95,5.80,5.90,5300,434375
20220223,11:29,5.90,6.00,5.80,5.90,8350,433100
20220223,11:30,5.85,6.00,5.80,5.85,12250,433100
20220223,11:31,5.95,6.00,5.85,5.85,5975,433100
20220223,11:32,5.90,5.95,5.85,5.90,4100,422300
20220223,11:33,5.95,6.00,5.90,6.00,2425,422300
20220223,11:34,6.00,6.05,5.95,5.95,3325,422300
20220223,11:35,5.95,5.95,5.80,5.80,2825,422300
20220223,11:36,5.80,5.85,5.75,5.75,5425,417675
20220223,11:37,5.80,5.85,5.70,5.75,3475,417675
20220223,11:38,5.80,5.85,5.75,5.80,1000,417675
20220223,11:39,5.80,5.85,5.70,5.75,4275,413850
20220223,11:40,5.70,5.75,5.60,5.60,4025,413850
20220223,11:41,5.60,5.65,5.55,5.60,3300,413850
20220223,11:42,5.65,5.65,5.50,5.60,7075,414350
20220223,11:43,5.55,5.60,5.50,5.55,2450,414350
20220223,11:44,5.50,5.60,5.45,5.55,4925,414350
20220223,11:45,5.50,5.55,5.45,5.55,4475,411150
20220223,11:46,5.45,5.50,5.30,5.30,5475,411150
20220223,11:47,5.30,5.40,5.30,5.35,2225,411150
20220223,11:48,5.40,5.45,5.40,5.40,4650,409150
20220223,11:49,5.35,5.45,5.35,5.40,1975,409150
20220223,11:50,5.40,5.45,5.35,5.40,7175,409150
20220223,11:51,5.40,5.45,5.35,5.45,3150,408775
20220223,11:52,5.45,5.45,5.35,5.40,5575,408775
20220223,11:53,5.40,5.40,5.30,5.35,4425,408775
20220223,11:54,5.30,5.35,5.15,5.15,3750,408075
20220223,11:55,5.15,5.20,5.05,5.10,4025,408075
20220223,11:56,5.15,5.25,5.05,5.20,6850,408075
20220223,11:57,5.15,5.35,5.15,5.35,4900,406275
20220223,11:58,5.35,5.35,5.20,5.20,4050,406275
20220223,11:59,5.15,5.25,5.15,5.25,4725,406275
20220223,12:00,5.25,5.30,5.20,5.25,4350,405300
20220223,12:01,5.25,5.25,5.15,5.20,2550,405300
20220223,12:02,5.20,5.20,5.15,5.15,3025,405300
20220223,12:03,5.15,5.15,5.05,5.05,1675,406075
20220223,12:04,5.05,5.10,5.00,5.00,3200,406075
20220223,12:05,5.00,5.00,4.95,4.95,6000,406075
20220223,12:06,4.95,4.95,4.90,4.95,2925,405200
20220223,12:07,4.95,5.00,4.85,4.90,4325,405200
20220223,12:08,4.95,5.00,4.90,4.95,2300,405200
20220223,12:09,4.95,4.95,4.90,4.95,925,403425
20220223,12:10,4.95,5.10,4.95,5.05,4800,403425
20220223,12:11,5.00,5.05,4.90,4.90,4175,403425
20220223,12:12,4.90,4.95,4.80,4.85,3700,402050
20220223,12:13,4.85,4.90,4.80,4.85,2875,402050
20220223,12:14,4.80,4.80,4.75,4.75,1575,402050
20220223,12:15,4.75,4.80,4.70,4.70,1375,403475
20220223,12:16,4.70,4.80,4.70,4.80,7425,403475
20220223,12:17,4.75,4.80,4.70,4.70,4800,403475
20220223,12:18,4.60,4.70,4.60,4.60,4925,406275
20220223,12:19,4.65,4.70,4.60,4.70,1950,406275
20220223,12:20,4.60,4.80,4.60,4.75,5525,406275
20220223,12:21,4.85,4.90,4.75,4.80,5575,406875
20220223,12:22,4.80,4.85,4.70,4.85,3600,406875
20220223,12:23,4.80,4.80,4.70,4.70,2400,406875
20220223,12:24,4.75,4.80,4.70,4.70,1200,405300
20220223,12:25,4.70,4.80,4.70,4.80,1325,405300
20220223,12:26,4.75,4.80,4.75,4.75,375,405300
20220223,12:27,4.80,4.85,4.80,4.80,3850,405500
20220223,12:28,4.80,4.85,4.75,4.85,3300,405500
20220223,12:29,4.85,4.90,4.80,4.90,5250,405500
20220223,12:30,4.90,4.95,4.85,4.90,2200,409750
20220223,12:31,4.85,5.00,4.85,5.00,8800,409750
20220223,12:32,5.00,5.00,4.85,4.95,4150,409750
20220223,12:33,4.90,4.95,4.85,4.85,4300,411925
20220223,12:34,4.85,4.95,4.80,4.80,5450,411925
20220223,12:35,4.80,4.90,4.80,4.85,3350,411925
20220223,12:36,4.90,4.90,4.80,4.90,3350,409150
20220223,12:37,4.90,4.90,4.80,4.80,6925,409150
20220223,12:38,4.80,4.80,4.65,4.65,6200,409150
20220223,12:39,4.60,4.65,4.60,4.60,4825,408000
20220223,12:40,4.60,4.65,4.55,4.65,7175,408000
20220223,12:41,4.65,4.70,4.60,4.70,7725,408000
20220223,12:42,4.65,4.70,4.50,4.55,4825,406025
20220223,12:43,4.55,4.60,4.50,4.50,3825,406025
20220223,12:44,4.45,4.50,4.40,4.40,2650,406025
20220223,12:45,4.40,4.50,4.40,4.50,1100,405200
20220223,12:46,4.45,4.50,4.45,4.45,1450,405200
20220223,12:47,4.45,4.50,4.40,4.40,1775,405200
20220223,12:48,4.40,4.45,4.40,4.40,2050,405625
20220223,12:49,4.40,4.45,4.40,4.40,1700,405625
20220223,12:50,4.45,4.55,4.45,4.50,3700,405625
20220223,12:51,4.50,4.55,4.45,4.50,1625,403700
20220223,12:52,4.50,4.60,4.50,4.60,1550,403700
20220223,12:53,4.55,4.65,4.55,4.65,1875,403700
20220223,12:54,4.65,4.65,4.50,4.65,7925,403725
20220223,12:55,4.65,4.75,4.60,4.65,2375,403725
20220223,12:56,4.70,4.75,4.65,4.70,3150,403725
20220223,12:57,4.70,4.75,4.65,4.65,1275,399650
20220223,12:58,4.60,4.70,4.55,4.70,6050,399650
20220223,12:59,4.65,4.85,4.60,4.75,12275,399650
20220223,13:00,4.70,4.75,4.65,4.65,4475,399475
20220223,13:01,4.65,4.70,4.65,4.65,1450,399475
20220223,13:02,4.70,4.75,4.60,4.70,7175,399475
20220223,13:03,4.70,4.70,4.65,4.65,8775,395875
20220223,13:04,4.70,4.75,4.65,4.70,4850,395875
20220223,13:05,4.70,4.80,4.70,4.75,2500,395875
20220223,13:06,4.75,4.75,4.70,4.75,4275,398500
20220223,13:07,4.70,4.75,4.65,4.65,2100,398500
20220223,13:08,4.70,4.70,4.60,4.60,2075,398500
20220223,13:09,4.60,4.70,4.60,4.70,4925,396650
20220223,13:10,4.70,4.75,4.65,4.65,2425,396650
20220223,13:11,4.70,4.70,4.55,4.60,4825,396650
20220223,13:12,4.60,4.75,4.60,4.70,10425,394425
20220223,13:13,4.65,4.85,4.65,4.85,4275,394425
20220223,13:14,4.85,5.00,4.85,5.00,3075,394425
20220223,13:15,5.00,5.00,4.90,4.95,2525,394075
20220223,13:16,4.95,5.00,4.90,4.95,2850,394075
20220223,13:17,4.95,5.00,4.90,4.95,3225,394075
20220223,13:18,4.95,5.00,4.90,4.90,2450,393450
20220223,13:19,4.90,4.95,4.90,4.90,5725,393450
20220223,13:20,4.90,4.95,4.75,4.75,14950,393450
20220223,13:21,4.75,4.80,4.70,4.75,9600,383000
20220223,13:22,4.80,4.80,4.70,4.75,8150,383000
20220223,13:23,4.80,4.80,4.70,4.75,7575,383000
20220223,13:24,4.75,4.85,4.70,4.85,3975,377250
20220223,13:25,4.85,5.00,4.85,4.90,8750,377250
20220223,13:26,4.85,4.85,4.80,4.80,2575,377250
20220223,13:27,4.80,4.90,4.80,4.90,1200,374575
20220223,13:28,4.85,4.90,4.80,4.85,3175,374575
20220223,13:29,4.85,5.00,4.80,4.95,2400,374575
20220223,13:30,5.00,5.10,4.90,5.05,7025,374750
20220223,13:31,5.10,5.15,4.90,5.05,9100,374750
20220223,13:32,5.05,5.05,4.75,4.75,6175,374750
20220223,13:33,4.75,4.80,4.70,4.75,2325,377275
20220223,13:34,4.75,4.80,4.70,4.70,3350,377275
20220223,13:35,4.70,4.75,4.70,4.75,2700,377275
20220223,13:36,4.70,4.70,4.65,4.65,2925,376100
20220223,13:37,4.65,4.75,4.55,4.75,5725,376100
20220223,13:38,4.70,4.75,4.65,4.65,1575,376100
20220223,13:39,4.70,4.80,4.70,4.75,2700,376850
20220223,13:40,4.75,4.80,4.60,4.60,2500,376850
20220223,13:41,4.60,4.65,4.55,4.60,2950,376850
20220223,13:42,4.55,4.65,4.50,4.55,5975,375400
20220223,13:43,4.60,4.60,4.55,4.60,3150,375400
20220223,13:44,4.65,4.65,4.55,4.55,3550,375400
20220223,13:45,4.60,4.75,4.60,4.70,14175,367675
20220223,13:46,4.75,5.00,4.75,5.00,5875,367675
20220223,13:47,5.05,5.15,5.05,5.05,4125,367675
20220223,13:48,5.10,5.10,4.95,5.00,2525,366525
20220223,13:49,5.00,5.00,4.90,4.90,1975,366525
20220223,13:50,4.90,4.90,4.75,4.75,2300,366525
20220223,13:51,4.75,4.75,4.60,4.75,5225,366875
20220223,13:52,4.75,4.95,4.75,4.85,3950,366875
20220223,13:53,4.85,4.85,4.75,4.80,4525,366875
20220223,13:54,4.80,4.85,4.75,4.80,4300,366225
20220223,13:55,4.80,4.85,4.75,4.85,2550,366225
20220223,13:56,4.80,4.85,4.80,4.85,1350,366225
20220223,13:57,4.90,4.90,4.60,4.65,9025,363275
20220223,13:58,4.65,4.75,4.55,4.70,15400,363275
20220223,13:59,4.75,4.85,4.65,4.85,7625,363275
20220223,14:00,4.85,4.85,4.70,4.80,19725,358350
20220223,14:01,4.80,4.85,4.75,4.80,9275,358350
20220223,14:02,4.75,4.90,4.65,4.65,15875,358350
20220223,14:03,4.65,4.65,4.55,4.60,9375,352075
20220223,14:04,4.60,4.65,4.60,4.60,775,352075
20220223,14:05,4.60,4.60,4.50,4.50,4750,352075
20220223,14:06,4.50,4.60,4.45,4.60,6975,346550
20220223,14:07,4.60,4.70,4.60,4.70,5525,346550
20220223,14:08,4.65,4.65,4.55,4.60,2750,346550
20220223,14:09,4.55,4.55,4.50,4.50,1875,341675
20220223,14:10,4.55,4.60,4.45,4.60,2950,341675
20220223,14:11,4.55,4.95,4.55,4.80,11225,341675
20220223,14:12,4.75,4.75,4.55,4.55,1600,342550
20220223,14:13,4.55,4.65,4.55,4.55,3775,342550
20220223,14:14,4.50,4.60,4.50,4.55,2000,342550
20220223,14:15,4.55,4.65,4.55,4.55,9475,336325
20220223,14:16,4.55,4.70,4.50,4.60,10575,336325
20220223,14:17,4.60,4.65,4.45,4.55,1850,336325
20220223,14:18,4.50,4.65,4.50,4.55,2775,330900
20220223,14:19,4.55,4.60,4.55,4.60,1875,330900
20220223,14:20,4.60,4.60,4.50,4.50,3400,330900
20220223,14:21,4.50,4.50,4.40,4.45,4050,330350
20220223,14:22,4.40,4.40,4.35,4.35,3050,330350
20220223,14:23,4.40,4.40,4.35,4.35,4500,330350
20220223,14:24,4.35,4.40,4.30,4.30,3600,332625
20220223,14:25,4.30,4.35,4.25,4.35,10500,332625
20220223,14:26,4.40,4.40,4.30,4.35,2675,332625
20220223,14:27,4.30,4.45,4.30,4.40,14850,338625
20220223,14:28,4.40,4.45,4.40,4.45,1700,338625
20220223,14:29,4.40,4.50,4.40,4.45,4775,338625
20220223,14:30,4.50,4.60,4.50,4.50,5600,339875
20220223,14:31,4.50,4.55,4.45,4.50,11350,339875
20220223,14:32,4.55,4.70,4.45,4.60,12900,339875
20220223,14:33,4.60,4.60,4.30,4.40,6575,343300
20220223,14:34,4.40,4.40,4.20,4.35,9175,343300
20220223,14:35,4.35,4.35,4.25,4.30,4800,343300
20220223,14:36,4.35,4.45,4.30,4.40,6400,341425
20220223,14:37,4.40,4.45,4.35,4.35,2600,341425
20220223,14:38,4.35,4.40,4.30,4.30,6050,341425
20220223,14:39,4.35,4.35,4.30,4.30,1925,340300
20220223,14:40,4.30,4.40,4.25,4.25,9200,340300
20220223,14:41,4.30,4.30,4.15,4.15,21950,340300
20220223,14:42,4.15,4.20,4.05,4.10,10925,321550
20220223,14:43,4.10,4.10,3.95,4.05,15150,321550
20220223,14:44,4.00,4.20,4.00,4.20,11075,321550
20220223,14:45,4.25,4.40,4.20,4.40,39200,321125
20220223,14:46,4.45,4.60,4.35,4.50,22650,321125
20220223,14:47,4.45,4.50,4.30,4.35,12550,321125
20220223,14:48,4.35,4.45,4.30,4.40,8500,331200
20220223,14:49,4.40,4.50,4.40,4.50,6475,331200
20220223,14:50,4.45,4.50,4.30,4.30,4700,331200
20220223,14:51,4.25,4.40,4.25,4.30,6475,332325
20220223,14:52,4.30,4.35,4.25,4.30,3250,332325
20220223,14:53,4.30,4.35,4.30,4.30,3875,332325
20220223,14:54,4.30,4.35,4.15,4.15,11675,329075
20220223,14:55,4.15,4.25,4.15,4.20,13075,329075
20220223,14:56,4.20,4.20,4.15,4.20,3300,329075
20220223,14:57,4.20,4.20,4.00,4.00,4225,321150
20220223,14:58,4.00,4.10,3.95,4.00,6250,321150
20220223,14:59,3.95,4.10,3.95,4.05,10150,321150
20220223,15:00,4.10,4.10,3.90,3.90,20900,316700
20220223,15:01,3.90,4.15,3.90,4.05,22750,316700
20220223,15:02,4.05,4.05,3.90,4.00,27650,316700
20220223,15:03,3.95,4.20,3.95,4.05,26400,299500
20220223,15:04,4.05,4.15,4.00,4.10,21675,299500
20220223,15:05,4.15,4.15,4.00,4.00,2625,299500
20220223,15:06,4.05,4.15,4.00,4.10,18600,292250
20220223,15:07,4.15,4.20,3.95,4.00,25700,292250
20220223,15:08,4.00,4.00,3.90,3.95,5850,292250
20220223,15:09,3.95,3.95,3.85,3.90,11050,278250
20220223,15:10,3.90,3.95,3.85,3.90,10050,278250
20220223,15:11,3.90,3.95,3.85,3.95,4950,278250
20220223,15:12,4.00,4.10,3.95,4.00,9900,271525
20220223,15:13,4.05,4.15,3.95,4.05,13625,271525
20220223,15:14,4.05,4.15,3.95,4.05,18575,271525
20220223,15:15,4.05,4.05,3.70,3.75,24350,269050
20220223,15:16,3.75,3.80,3.65,3.70,26425,269050
20220223,15:17,3.75,3.85,3.70,3.80,17375,269050
20220223,15:18,3.75,3.90,3.75,3.80,18800,271100
20220223,15:19,3.85,3.85,3.75,3.80,11750,271100
20220223,15:20,3.80,3.80,3.55,3.55,18375,271100
20220223,15:21,3.60,3.65,3.50,3.55,11450,262450
20220223,15:22,3.55,3.60,3.40,3.50,17475,262450
20220223,15:23,3.50,3.55,3.40,3.50,16925,262450
20220223,15:24,3.50,3.60,3.45,3.45,18900,263700
20220223,15:25,3.50,3.50,3.30,3.30,19200,263700
20220223,15:26,3.35,3.45,3.20,3.40,56900,263700
20220223,15:27,3.45,3.50,3.30,3.40,27500,246900
20220223,15:28,3.45,3.65,3.45,3.60,10525,246900
20220223,15:29,3.60,3.80,3.40,3.80,11100,246900
20220224,09:15,3.55,3.55,1.65,2.50,37077,240675
20220224,09:16,2.50,2.55,1.50,1.55,27375,240675
20220224,09:17,1.60,2.05,1.60,2.05,9475,230250
20220224,09:18,2.05,2.70,2.05,2.60,15400,230250
20220224,09:19,2.60,2.70,2.55,2.65,9900,230250
20220224,09:20,2.65,2.85,2.60,2.75,12975,233050
20220224,09:21,2.75,2.80,2.60,2.70,6375,233050
20220224,09:22,2.65,2.80,2.60,2.70,13725,233050
20220224,09:23,2.70,2.70,2.55,2.65,5525,237375
20220224,09:24,2.65,2.85,2.65,2.75,9100,237375
20220224,09:25,2.80,2.90,2.70,2.90,9875,237375
20220224,09:26,2.90,3.25,2.90,3.10,13350,238300
20220224,09:27,3.15,3.25,3.05,3.10,7050,238300
20220224,09:28,3.10,3.20,3.05,3.15,9175,238300
20220224,09:29,3.25,3.30,3.10,3.20,4100,239575
20220224,09:30,3.20,3.60,3.15,3.60,9825,239575
20220224,09:31,3.60,3.75,3.55,3.65,6875,239575
20220224,09:32,3.65,3.70,3.50,3.55,5850,243150
20220224,09:33,3.55,3.80,3.50,3.75,17225,243150
20220224,09:34,3.80,3.80,3.65,3.75,15625,243150
20220224,09:35,3.80,3.80,3.70,3.80,5925,240350
20220224,09:36,3.75,3.85,3.75,3.80,5525,240350
20220224,09:37,3.85,3.95,3.75,3.85,17975,240350
20220224,09:38,3.85,3.90,3.65,3.75,17025,232450
20220224,09:39,3.75,3.85,3.70,3.70,3200,232450
20220224,09:40,3.65,3.75,3.60,3.70,6550,232450
20220224,09:41,3.70,3.80,3.70,3.75,2050,228775
20220224,09:42,3.75,3.90,3.75,3.80,6725,228775
20220224,09:43,3.80,3.85,3.75,3.85,5400,228775
20220224,09:44,3.75,3.80,3.65,3.70,6200,222600
20220224,09:45,3.70,3.80,3.65,3.65,4575,222600
20220224,09:46,3.65,3.65,3.55,3.60,6500,222600
20220224,09:47,3.55,3.65,3.40,3.40,15500,221050
20220224,09:48,3.40,3.65,3.35,3.60,12400,221050
20220224,09:49,3.60,3.70,3.55,3.70,4400,221050
20220224,09:50,3.65,3.85,3.65,3.70,25175,238075
20220224,09:51,3.75,3.85,3.75,3.80,22500,238075
20220224,09:52,3.75,3.90,3.75,3.80,6525,238075
20220224,09:53,3.80,3.85,3.75,3.80,7950,239600
20220224,09:54,3.80,3.90,3.75,3.80,9875,239600
20220224,09:55,3.80,3.90,3.75,3.75,8125,239600
20220224,09:56,3.75,3.90,3.75,3.90,6950,230775
20220224,09:57,3.90,4.00,3.90,3.95,8500,230775
20220224,09:58,3.90,4.00,3.90,4.00,7325,230775
20220224,09:59,3.90,4.00,3.90,4.00,7225,231625
20220224,10:00,4.00,4.25,4.00,4.25,9425,231625
20220224,10:01,4.15,4.30,4.15,4.15,5375,231625
20220224,10:02,4.15,4.15,4.05,4.15,3800,229050
20220224,10:03,4.10,4.20,4.10,4.10,4100,229050
20220224,10:04,4.20,4.20,4.10,4.10,3925,229050
20220224,10:05,4.10,4.15,4.05,4.10,2850,228525
20220224,10:06,4.15,4.15,4.00,4.15,2150,228525
20220224,10:07,4.15,4.25,4.05,4.20,6450,228525
20220224,10:08,4.15,4.20,3.95,3.95,3350,229900
20220224,10:09,4.00,4.00,3.75,3.80,2075,229900
20220224,10:10,3.80,3.85,3.55,3.55,2925,229900
20220224,10:11,3.55,3.55,3.35,3.35,2050,231800
20220224,10:12,3.30,3.35,3.10,3.10,5550,231800
20220224,10:13,3.10,3.20,3.05,3.05,10900,231800
20220224,10:14,3.05,3.10,2.95,3.00,6000,228850
20220224,10:15,2.95,3.00,2.95,3.00,5625,228850
20220224,10:16,3.05,3.05,2.70,2.70,13300,228850
20220224,10:17,2.70,2.70,2.55,2.65,7825,226925
20220224,10:18,2.60,2.60,2.55,2.55,2875,226925
20220224,10:19,2.60,2.65,2.55,2.55,1475,226925
20220224,10:20,2.55,2.60,2.55,2.60,1825,224925
20220224,10:21,2.55,2.65,2.55,2.65,2275,224925
20220224,10:22,2.65,2.70,2.65,2.65,2850,224925
20220224,10:23,2.65,2.70,2.55,2.60,4875,224725
20220224,10:24,2.60,2.60,2.55,2.60,775,224725
20220224,10:25,2.60,2.60,2.45,2.45,3725,224725
20220224,10:26,2.45,2.50,2.40,2.45,2575,225625
20220224,10:27,2.45,2.50,2.45,2.45,2050,225625
20220224,10:28,2.45,2.55,2.45,2.45,1850,225625
20220224,10:29,2.45,2.50,2.40,2.45,1775,225375
20220224,10:30,2.45,2.45,2.40,2.45,5950,225375
20220224,10:31,2.45,2.50,2.40,2.40,3375,225375
20220224,10:32,2.40,2.40,2.25,2.25,1350,224750
20220224,10:33,2.30,2.30,2.20,2.20,2450,224750
20220224,10:34,2.20,2.25,2.10,2.20,2325,224750
20220224,10:35,2.20,2.20,2.10,2.10,1675,224750
20220224,10:36,2.10,2.10,2.05,2.05,13625,225225
20220224,10:37,2.05,2.15,2.05,2.15,3575,225225
20220224,10:38,2.15,2.15,2.10,2.15,1600,225225
20220224,10:39,2.20,2.20,2.10,2.15,1900,230200
20220224,10:40,2.10,2.20,2.10,2.10,1200,230200
20220224,10:41,2.15,2.15,2.10,2.15,2800,230200
20220224,10:42,2.15,2.15,2.00,2.00,5275,229450
20220224,10:43,2.05,2.05,1.95,1.95,2975,229450
20220224,10:44,1.95,2.00,1.95,1.95,1125,228800
20220224,10:45,1.95,2.00,1.90,1.90,2000,228800
20220224,10:46,1.90,1.90,1.80,1.80,2800,228800
20220224,10:47,1.75,1.75,1.70,1.75,800,226850
20220224,10:48,1.75,1.75,1.70,1.70,550,226850
20220224,10:49,1.70,1.70,1.55,1.60,4850,226850
20220224,10:50,1.60,1.60,1.55,1.60,1575,225625
20220224,10:51,1.65,1.65,1.60,1.65,1350,225625
20220224,10:52,1.65,1.70,1.65,1.70,400,225625
20220224,10:53,1.65,1.75,1.65,1.70,475,225625
20220224,10:54,1.70,1.80,1.70,1.75,1750,225275
20220224,10:55,1.80,1.90,1.80,1.90,4550,225275
20220224,10:56,1.85,1.85,1.80,1.80,4075,225275
20220224,10:57,1.80,1.90,1.80,1.90,425,222875
20220224,10:58,1.85,1.85,1.85,1.85,825,222875
20220224,10:59,1.90,1.95,1.85,1.85,1150,222875
20220224,11:00,1.90,1.90,1.85,1.85,2000,222250
20220224,11:01,1.80,1.85,1.80,1.85,2625,222250
20220224,11:02,1.85,1.85,1.80,1.85,2175,222250
20220224,11:03,1.85,1.95,1.80,1.95,1050,221750
20220224,11:04,2.00,2.05,2.00,2.00,3900,221750
20220224,11:05,1.95,2.05,1.95,2.00,925,221750
20220224,11:06,1.95,1.95,1.90,1.90,1050,222250
20220224,11:07,1.85,1.90,1.85,1.90,3900,222250
20220224,11:08,1.90,2.05,1.90,2.05,2025,222250
20220224,11:09,2.00,2.00,1.95,2.00,2975,221550
20220224,11:10,2.00,2.10,1.95,2.00,5100,221550
20220224,11:11,2.00,2.00,2.00,2.00,900,221550
20220224,11:12,1.95,1.95,1.60,1.65,8250,218325
20220224,11:13,1.70,1.70,1.65,1.70,3500,218325
20220224,11:14,1.70,1.70,1.60,1.65,4650,218325
20220224,11:15,1.60,1.65,1.55,1.60,3175,214825
20220224,11:16,1.65,1.65,1.60,1.65,2400,214825
20220224,11:17,1.65,1.65,1.50,1.50,5925,214825
20220224,11:18,1.50,1.55,1.50,1.55,2825,215350
20220224,11:19,1.45,1.50,1.45,1.45,775,215350
20220224,11:20,1.50,1.50,1.45,1.45,325,215350
20220224,11:21,1.45,1.55,1.45,1.50,1450,214075
20220224,11:22,1.55,1.60,1.50,1.55,975,214075
20220224,11:23,1.55,1.55,1.50,1.50,175,214075
20220224,11:24,1.55,1.60,1.55,1.55,300,213675
20220224,11:25,1.60,1.60,1.45,1.50,5750,213675
20220224,11:26,1.50,1.55,1.50,1.55,1350,213675
20220224,11:27,1.55,1.60,1.55,1.55,2375,211250
20220224,11:28,1.60,1.60,1.60,1.60,100,211250
20220224,11:29,1.60,1.60,1.55,1.55,750,211250
20220224,11:30,1.55,1.55,1.50,1.50,2525,212175
20220224,11:31,1.50,1.50,1.50,1.50,225,212175
20220224,11:32,1.40,1.50,1.40,1.45,3550,212175
20220224,11:33,1.40,1.50,1.40,1.45,1425,211650
20220224,11:34,1.45,1.45,1.35,1.35,3625,211650
20220224,11:35,1.20,1.35,1.20,1.30,4525,211650
20220224,11:36,1.30,1.35,1.20,1.30,4725,211675
20220224,11:37,1.25,1.45,1.25,1.45,6825,211675
20220224,11:38,1.50,1.65,1.50,1.60,3000,211675
20220224,11:39,1.65,1.70,1.60,1.65,1800,206725
20220224,11:40,1.65,1.65,1.60,1.65,3450,206725
20220224,11:41,1.60,1.65,1.60,1.60,475,206725
20220224,11:42,1.60,1.60,1.45,1.45,2775,206500
20220224,11:43,1.50,1.55,1.45,1.50,1575,206500
20220224,11:44,1.55,1.55,1.50,1.50,4225,206500
20220224,11:45,1.45,1.55,1.45,1.55,1050,204825
20220224,11:46,1.60,1.60,1.50,1.50,175,204825
20220224,11:47,1.50,1.50,1.45,1.45,1350,204825
20220224,11:48,1.45,1.45,1.30,1.35,4275,204450
20220224,11:49,1.35,1.40,1.35,1.35,1275,204450
20220224,11:50,1.35,1.40,1.35,1.40,1025,204450
20220224,11:51,1.35,1.45,1.35,1.45,2575,202150
20220224,11:52,1.40,1.45,1.40,1.45,875,202150
20220224,11:53,1.40,1.45,1.40,1.45,700,202150
20220224,11:54,1.45,1.60,1.45,1.60,3075,201275
20220224,11:55,1.55,1.60,1.55,1.55,575,201275
20220224,11:56,1.55,1.55,1.50,1.50,525,201275
20220224,11:57,1.50,1.50,1.50,1.50,475,200550
20220224,11:58,1.50,1.55,1.50,1.50,4250,200550
20220224,11:59,1.50,1.50,1.40,1.40,3950,200550
20220224,12:00,1.40,1.50,1.40,1.45,4075,200950
20220224,12:01,1.35,1.35,1.30,1.35,3200,200950
20220224,12:02,1.35,1.35,1.30,1.30,75,200950
20220224,12:03,1.30,1.35,1.30,1.30,2250,200725
20220224,12:04,1.30,1.30,1.25,1.30,3400,200725
20220224,12:05,1.25,1.25,1.20,1.20,4875,200725
20220224,12:06,1.20,1.20,1.15,1.20,2875,197750
20220224,12:07,1.15,1.25,1.15,1.20,3150,197750
20220224,12:08,1.20,1.20,1.15,1.20,1225,197750
20220224,12:09,1.15,1.20,1.15,1.15,675,195700
20220224,12:10,1.20,1.25,1.20,1.25,3425,195700
20220224,12:11,1.20,1.25,1.20,1.25,625,195700
20220224,12:12,1.25,1.25,1.20,1.20,100,194500
20220224,12:13,1.25,1.25,1.20,1.20,700,194500
20220224,12:14,1.20,1.20,1.15,1.20,1200,194500
20220224,12:15,1.15,1.20,1.15,1.20,825,193700
20220224,12:16,1.15,1.20,1.15,1.15,1050,193700
20220224,12:17,1.15,1.15,1.10,1.10,1975,193700
20220224,12:18,1.15,1.15,1.10,1.10,1400,193625
20220224,12:19,1.10,1.15,1.10,1.10,2200,193625
20220224,12:20,1.10,1.15,1.05,1.10,4350,193625
20220224,12:21,1.10,1.15,1.10,1.15,1625,192825
20220224,12:22,1.15,1.15,1.10,1.10,225,192825
20220224,12:23,1.15,1.15,1.10,1.10,475,192825
20220224,12:24,1.10,1.10,1.05,1.05,1150,193150
20220224,12:25,1.00,1.00,0.95,0.95,2850,193150
20220224,12:26,0.95,1.00,0.95,1.00,675,193150
20220224,12:27,1.05,1.05,1.00,1.00,1725,191700
20220224,12:28,0.95,0.95,0.90,0.95,775,191700
20220224,12:29,1.00,1.00,0.90,1.00,1225,191700
20220224,12:30,0.95,1.00,0.95,0.95,1725,190925
20220224,12:31,0.95,0.95,0.95,0.95,225,190925
20220224,12:32,0.95,0.95,0.90,0.90,50,190925
20220224,12:33,0.90,0.95,0.90,0.90,475,189650
20220224,12:34,0.90,0.95,0.85,0.95,125,189650
20220224,12:35,0.95,1.00,0.90,1.00,800,189650
20220224,12:36,1.00,1.00,0.95,0.95,650,189600
20220224,12:37,1.00,1.05,1.00,1.00,500,189600
20220224,12:38,1.05,1.05,1.05,1.05,125,189600
20220224,12:39,1.00,1.00,0.90,1.00,3825,190000
20220224,12:40,0.95,0.95,0.45,0.80,98875,190000
20220224,12:41,0.90,0.90,0.75,0.85,3775,190000
20220224,12:42,0.85,0.90,0.85,0.85,5375,181625
20220224,12:43,0.90,1.05,0.85,0.95,5925,181625
20220224,12:44,0.95,1.30,0.95,1.30,9500,181625
20220224,12:45,1.30,1.40,1.30,1.40,4250,182975
20220224,12:46,1.35,1.50,1.35,1.45,4100,182975
20220224,12:47,1.50,1.50,1.45,1.45,2675,182975
20220224,12:48,1.50,1.60,1.45,1.60,4575,184775
20220224,12:49,1.60,1.65,1.60,1.60,575,184775
20220224,12:50,1.55,1.70,1.55,1.70,1400,184775
20220224,12:51,1.70,1.75,1.65,1.70,3525,185450
20220224,12:52,1.65,1.75,1.65,1.70,1600,185450
20220224,12:53,1.75,1.80,1.55,1.60,5900,185450
20220224,12:54,1.55,1.60,1.55,1.55,3600,185650
20220224,12:55,1.60,1.60,1.40,1.55,5875,185650
20220224,12:56,1.55,1.65,1.55,1.65,3350,185650
20220224,12:57,1.60,1.65,1.60,1.60,2900,185900
20220224,12:58,1.55,1.75,1.55,1.65,2700,185900
20220224,12:59,1.70,1.70,1.60,1.60,1850,185900
20220224,13:00,1.70,1.70,1.55,1.60,4250,185400
20220224,13:01,1.55,1.60,1.35,1.40,3625,185400
20220224,13:02,1.45,1.45,1.00,1.00,8875,185400
20220224,13:03,1.00,1.00,0.90,1.00,3775,183900
20220224,13:04,1.00,1.30,1.00,1.30,3800,183900
20220224,13:05,1.30,1.55,1.30,1.45,2525,183900
20220224,13:06,1.50,1.50,1.35,1.35,2300,184250
20220224,13:07,1.40,1.40,1.15,1.15,4000,184250
20220224,13:08,1.15,1.25,1.15,1.20,2600,184250
20220224,13:09,1.15,1.15,1.05,1.05,825,182650
20220224,13:10,1.05,1.15,1.00,1.15,1175,182650
20220224,13:11,1.20,1.25,1.20,1.20,2450,182650
20220224,13:12,1.20,1.25,1.20,1.20,300,181025
20220224,13:13,1.20,1.25,1.15,1.20,1525,181025
20220224,13:14,1.25,1.30,1.15,1.30,5850,181025
20220224,13:15,1.30,1.35,1.25,1.25,5075,180725
20220224,13:16,1.30,1.40,1.30,1.35,3025,180725
20220224,13:17,1.35,1.40,1.30,1.35,1625,180725
20220224,13:18,1.35,1.35,1.20,1.25,1525,180425
20220224,13:19,1.25,1.30,1.20,1.25,1425,180425
20220224,13:20,1.30,1.30,1.25,1.25,1350,180425
20220224,13:21,1.30,1.35,1.30,1.30,1150,180525
20220224,13:22,1.30,1.30,1.25,1.25,425,180525
20220224,13:23,1.25,1.25,1.25,1.25,125,180525
20220224,13:24,1.30,1.40,1.30,1.30,2550,180950
20220224,13:25,1.30,1.30,1.15,1.20,1875,180950
20220224,13:26,1.15,1.25,1.15,1.25,875,180950
20220224,13:27,1.15,1.20,1.15,1.15,4000,181500
20220224,13:28,1.15,1.20,1.10,1.20,1400,181500
20220224,13:29,1.20,1.20,1.15,1.20,4325,181500
20220224,13:30,1.15,1.25,1.10,1.15,6575,181875
20220224,13:31,1.15,1.25,1.15,1.20,1875,181875
20220224,13:32,1.25,1.25,1.20,1.20,1800,181875
20220224,13:33,1.20,1.25,1.15,1.20,3650,181850
20220224,13:34,1.25,1.25,1.10,1.15,2600,181850
20220224,13:35,1.20,1.25,1.20,1.20,1150,181850
20220224,13:36,1.20,1.20,1.15,1.20,400,182900
20220224,13:37,1.20,1.20,1.20,1.20,500,182900
20220224,13:38,1.20,1.25,1.15,1.15,2600,182900
20220224,13:39,1.15,1.15,1.10,1.10,1100,183025
20220224,13:40,1.15,1.15,1.15,1.15,275,183025
20220224,13:41,1.10,1.15,1.05,1.10,1925,183025
20220224,13:42,1.05,1.10,1.05,1.05,1300,183050
20220224,13:43,1.00,1.00,0.95,1.00,975,183050
20220224,13:44,0.95,1.00,0.90,1.00,2575,183050
20220224,13:45,0.95,0.95,0.85,0.90,1425,182050
20220224,13:46,0.90,1.00,0.90,0.95,450,182050
20220224,13:47,0.90,0.95,0.90,0.95,425,182050
20220224,13:48,0.90,0.90,0.75,0.75,7500,181050
20220224,13:49,0.75,0.80,0.55,0.55,2725,181050
20220224,13:50,0.55,0.70,0.50,0.55,5200,181050
20220224,13:51,0.60,0.65,0.40,0.40,7575,179500
20220224,13:52,0.40,0.50,0.35,0.45,7175,179500
20220224,13:53,0.45,0.50,0.40,0.45,9125,179500
20220224,13:54,0.45,0.50,0.40,0.45,5150,178950
20220224,13:55,0.45,0.45,0.40,0.45,3025,178950
20220224,13:56,0.45,0.45,0.35,0.40,5950,178950
20220224,13:57,0.40,0.45,0.30,0.35,4150,179075
20220224,13:58,0.30,0.45,0.30,0.40,1025,179075
20220224,13:59,0.35,0.40,0.35,0.40,100,179075
20220224,14:00,0.40,0.45,0.40,0.45,375,178750
20220224,14:01,0.45,0.45,0.40,0.45,925,178750
20220224,14:02,0.45,0.45,0.40,0.40,475,178750
20220224,14:03,0.40,0.50,0.35,0.50,3500,178475
20220224,14:04,0.35,0.45,0.35,0.45,2650,178475
20220224,14:05,0.45,0.55,0.35,0.50,2850,178475
20220224,14:06,0.50,0.50,0.50,0.50,600,178475
20220224,14:07,0.40,0.40,0.40,0.40,150,178675
20220224,14:08,0.40,0.45,0.35,0.35,650,178675
20220224,14:09,0.35,0.50,0.35,0.35,5350,178775
20220224,14:10,0.35,0.40,0.25,0.40,5900,178775
20220224,14:11,0.40,0.40,0.35,0.35,275,178775
20220224,14:12,0.35,0.45,0.30,0.45,2750,180000
20220224,14:13,0.45,0.45,0.30,0.40,1675,180000
20220224,14:14,0.30,0.30,0.25,0.25,50,180000
20220224,14:15,0.25,0.40,0.25,0.25,925,180375
20220224,14:16,0.25,0.35,0.25,0.35,1550,180375
20220224,14:17,0.35,0.40,0.25,0.30,975,180375
20220224,14:18,0.25,0.40,0.20,0.40,325,181200
20220224,14:19,0.40,0.40,0.40,0.40,25,181200
20220224,14:20,0.40,0.40,0.25,0.25,300,181200
20220224,14:21,0.30,0.30,0.20,0.20,200,181075
20220224,14:22,0.30,0.40,0.30,0.40,200,181075
20220224,14:23,0.40,0.40,0.25,0.25,3775,181075
20220224,14:24,0.25,0.30,0.25,0.25,250,181250
20220224,14:25,0.25,0.40,0.25,0.40,225,181250
20220224,14:26,0.40,0.45,0.30,0.45,1075,181250
20220224,14:27,0.45,0.50,0.30,0.50,725,181425
20220224,14:28,0.40,0.50,0.40,0.40,325,181425
20220224,14:29,0.35,0.45,0.20,0.45,2275,181425
20220224,14:30,0.35,0.50,0.35,0.50,450,182350
20220224,14:31,0.40,0.55,0.40,0.55,1875,182350
20220224,14:32,0.45,0.45,0.45,0.45,700,182350
20220224,14:33,0.45,0.45,0.30,0.45,1350,181750
20220224,14:34,0.45,0.50,0.30,0.35,450,181750
20220224,14:35,0.45,0.55,0.45,0.45,1825,181750
20220224,14:36,0.50,0.50,0.40,0.40,225,182525
20220224,14:37,0.50,0.50,0.40,0.40,575,182525
20220224,14:38,0.30,0.45,0.25,0.25,2750,182525
20220224,14:39,0.20,0.20,0.20,0.20,75,182525
20220224,14:40,0.35,0.55,0.25,0.40,5850,181650
20220224,14:41,0.40,0.40,0.30,0.30,1275,181650
20220224,14:42,0.30,0.60,0.30,0.55,9750,180400
20220224,14:43,0.50,0.85,0.50,0.85,22225,180400
20220224,14:44,0.80,0.90,0.70,0.75,7125,180400
20220224,14:45,0.80,0.85,0.70,0.70,11000,181250
20220224,14:46,0.60,0.70,0.55,0.65,1100,181250
20220224,14:47,0.60,0.70,0.50,0.50,9425,181250
20220224,14:48,0.45,0.45,0.35,0.40,2575,180625
20220224,14:49,0.30,0.45,0.30,0.45,375,180625
20220224,14:50,0.35,0.40,0.30,0.30,3925,180625
20220224,14:51,0.30,0.30,0.30,0.30,250,180675
20220224,14:52,0.30,0.35,0.30,0.30,1225,180675
20220224,14:53,0.25,0.30,0.20,0.30,450,180675
20220224,14:54,0.35,0.35,0.35,0.35,200,180675
20220224,14:55,0.30,0.30,0.20,0.25,2075,180000
20220224,14:56,0.25,0.25,0.20,0.20,425,180000
20220224,14:57,0.20,0.25,0.15,0.15,200,179775
20220224,14:58,0.20,0.30,0.20,0.20,1600,179775
20220224,14:59,0.20,0.20,0.05,0.05,6275,179775
20220224,15:00,0.15,0.40,0.15,0.20,1825,176150
20220224,15:01,0.30,0.45,0.20,0.40,2575,176150
20220224,15:02,0.40,0.40,0.30,0.40,875,176150
20220224,15:03,0.35,0.40,0.25,0.25,2375,176575
20220224,15:04,0.35,0.35,0.15,0.25,4625,176575
20220224,15:05,0.30,0.30,0.25,0.25,425,176575
20220224,15:06,0.15,0.25,0.05,0.15,2275,176575
20220224,15:07,0.10,0.10,0.05,0.05,450,174550
20220224,15:08,0.10,0.10,0.05,0.05,100,174550
20220224,15:09,0.10,0.10,0.05,0.05,575,174550
20220224,15:10,0.10,0.25,0.05,0.05,1400,174075
20220224,15:11,0.05,0.10,0.05,0.10,1575,174075
20220224,15:12,0.15,0.15,0.10,0.10,125,173100
20220224,15:13,0.15,0.15,0.05,0.15,750,173100
20220224,15:14,0.15,0.20,0.05,0.10,1500,173100
20220224,15:15,0.10,0.20,0.05,0.05,3125,169750
20220224,15:16,0.10,0.15,0.10,0.15,475,169750
20220224,15:17,0.10,0.15,0.10,0.10,825,169750
20220224,15:18,0.05,0.15,0.05,0.05,650,167350
20220224,15:19,0.15,0.15,0.05,0.15,200,167350
20220224,15:20,0.05,0.15,0.05,0.15,1250,167350
20220224,15:21,0.10,0.25,0.10,0.25,675,166725
20220224,15:23,0.15,0.15,0.15,0.15,400,166725
20220224,15:24,0.10,0.25,0.05,0.25,1800,166725
20220224,15:25,0.10,0.20,0.05,0.20,125,165725
20220224,15:27,0.10,0.20,0.05,0.05,1325,164550
20220224,15:28,0.05,0.20,0.05,0.20,375,164550
20220224,15:29,0.15,0.20,0.10,0.10,1300,164550
