20220103,09:17,191.50,191.50,191.50,191.50,26,3300
20220103,09:20,191.90,191.90,180.50,180.50,125,3300
20220103,09:22,205.00,205.00,205.00,205.00,500,3350
20220103,09:23,205.00,210.00,205.00,210.00,600,4325
20220103,09:24,238.40,238.40,238.40,238.40,50,4325
20220103,09:25,238.40,238.40,238.40,238.40,600,4325
20220103,09:27,215.00,215.00,215.00,215.00,425,4900
20220103,09:28,213.45,213.45,209.60,209.60,300,4900
20220103,09:29,210.00,211.50,210.00,211.50,225,5375
20220103,09:30,209.55,209.55,209.55,209.55,75,5375
20220103,09:31,211.70,224.35,211.70,218.30,425,5375
20220103,09:32,216.25,216.25,216.25,216.25,50,5375
20220103,09:33,216.30,216.30,216.30,216.30,25,5225
20220103,09:34,217.50,217.50,210.15,210.15,150,5225
20220103,09:35,204.95,204.95,204.95,204.95,75,5225
20220103,09:38,202.35,202.35,202.35,202.35,225,5400
20220103,09:39,201.90,201.90,201.90,201.90,50,5450
20220103,09:40,202.40,202.40,202.40,202.40,50,5450
20220103,09:45,198.70,198.70,198.70,198.70,250,5400
20220103,09:46,193.20,193.20,187.25,187.25,150,5400
20220103,09:47,189.95,189.95,189.95,189.95,25,5400
20220103,09:48,185.45,187.65,185.45,186.60,175,5375
20220103,09:51,178.05,178.05,176.00,176.00,350,5525
20220103,09:52,180.00,180.00,180.00,180.00,100,5525
20220103,09:54,174.40,174.40,173.75,173.75,375,5600
20220103,09:55,174.00,174.00,174.00,174.00,100,5600
20220103,09:56,174.10,176.20,174.10,176.20,125,5350
20220103,09:58,174.90,174.90,174.90,174.90,25,5350
20220103,10:01,174.90,174.90,174.90,174.90,75,5350
20220103,10:03,170.00,170.00,170.00,170.00,100,5350
20220103,10:05,168.60,168.60,168.00,168.00,75,5425
20220103,10:06,168.00,168.50,168.00,168.50,250,5425
20220103,10:07,169.00,169.00,167.40,167.40,75,5425
20220103,10:12,167.40,167.40,167.40,167.40,25,5450
20220103,10:13,170.40,170.40,170.35,170.35,100,5450
20220103,10:14,170.05,170.05,169.25,169.25,125,5450
20220103,10:15,171.85,171.85,171.85,171.85,150,5400
20220103,10:20,168.45,168.45,168.45,168.45,25,5500
20220103,10:21,170.10,170.10,167.85,167.85,125,5500
20220103,10:23,167.80,167.80,165.00,165.00,300,5550
20220103,10:24,163.90,163.90,163.90,163.90,25,5550
20220103,10:27,160.35,162.10,160.35,162.10,300,5575
20220103,10:30,160.00,160.00,160.00,160.00,325,5525
20220103,10:31,159.35,159.35,159.35,159.35,100,5525
20220103,10:32,161.50,161.50,158.55,158.55,50,5525
20220103,10:33,156.10,156.10,156.10,156.10,250,5525
20220103,10:34,156.10,157.10,156.10,157.10,75,5525
20220103,10:42,161.45,161.45,161.45,161.45,25,5550
20220103,10:44,163.35,163.35,163.35,163.35,50,5575
20220103,10:53,163.30,163.30,163.30,163.30,25,5600
20220103,10:54,186.80,186.80,186.80,186.80,50,5600
20220103,10:56,162.30,162.30,162.30,162.30,25,5550
20220103,11:14,151.55,151.55,151.55,151.55,25,5575
20220103,11:18,151.55,151.55,151.55,151.55,125,5550
20220103,11:23,126.00,147.85,126.00,147.85,650,6025
20220103,11:24,145.10,145.10,142.75,142.75,200,6025
20220103,11:27,148.75,148.75,148.75,148.75,25,6225
20220103,11:31,149.95,149.95,149.95,149.95,50,6225
20220103,11:35,149.25,149.25,149.25,149.25,50,6275
20220103,11:39,154.65,154.65,152.25,152.25,275,6325
20220103,11:40,149.95,149.95,149.90,149.90,200,6325
20220103,11:41,149.95,149.95,149.95,149.95,25,6325
20220103,11:42,148.50,148.50,148.50,148.50,75,6300
20220103,11:46,148.80,148.80,148.80,148.80,25,6300
20220103,11:50,150.50,150.50,150.50,150.50,25,6150
20220103,11:56,152.80,152.80,152.80,152.80,125,6175
20220103,11:57,150.90,150.90,150.90,150.90,25,6125
20220103,11:58,149.15,149.15,148.95,148.95,75,6125
20220103,12:08,155.25,155.25,155.25,155.25,150,6125
20220103,12:09,154.20,154.20,154.20,154.20,25,6175
20220103,12:14,149.40,149.40,149.40,149.40,225,6150
20220103,12:18,148.40,148.40,148.40,148.40,25,6075
20220103,12:20,146.95,146.95,146.70,146.70,50,6075
20220103,12:21,144.55,144.55,144.55,144.55,200,6075
20220103,12:25,145.00,145.00,145.00,145.00,25,6125
20220103,12:26,147.50,147.50,147.50,147.50,100,6125
20220103,12:29,146.60,146.60,146.60,146.60,50,6025
20220103,12:35,142.20,142.20,142.20,142.20,50,6075
20220103,12:37,142.00,142.00,142.00,142.00,25,6050
20220103,12:39,140.85,140.85,140.25,140.25,50,6025
20220103,12:40,140.50,140.50,140.50,140.50,50,6025
20220103,12:41,142.30,142.30,142.30,142.30,150,6025
20220103,12:42,141.55,141.55,141.55,141.55,50,6025
20220103,12:43,142.85,142.85,142.85,142.85,125,6025
20220103,12:46,140.45,140.45,140.45,140.45,25,6050
20220103,12:48,140.20,140.20,140.20,140.20,50,6025
20220103,12:56,141.65,141.65,141.65,141.65,25,5975
20220103,13:04,140.05,140.05,140.05,140.05,25,6000
20220103,13:06,141.55,141.55,141.55,141.55,25,5975
20220103,13:07,141.90,141.90,141.90,141.90,25,5975
20220103,13:11,137.15,137.15,137.15,137.15,50,5950
20220103,13:13,139.15,139.15,133.65,133.65,75,5975
20220103,13:22,133.00,133.00,133.00,133.00,125,6025
20220103,13:29,135.00,135.00,135.00,135.00,25,6150
20220103,13:33,137.00,137.00,137.00,137.00,25,6175
20220103,13:45,135.00,135.00,135.00,135.00,50,6125
20220103,13:46,133.10,133.10,133.10,133.10,100,6175
20220103,13:47,134.55,134.55,134.55,134.55,50,6175
20220103,14:00,125.15,125.15,125.15,125.15,25,6175
20220103,14:04,125.15,125.15,125.15,125.15,25,6150
20220103,14:06,129.25,129.25,129.25,129.25,150,6150
20220103,14:13,125.65,125.65,125.65,125.65,25,6125
20220103,14:14,124.15,124.15,124.15,124.15,25,6125
20220103,14:17,124.15,124.15,124.15,124.15,25,6125
20220103,14:21,118.90,118.90,118.90,118.90,25,6125
20220103,14:23,118.90,118.90,118.90,118.90,150,6125
20220103,14:24,121.25,121.25,121.25,121.25,25,6075
20220103,14:25,121.35,121.35,121.35,121.35,50,6075
20220103,14:26,121.50,121.50,121.50,121.50,75,6075
20220103,14:27,122.25,122.25,122.25,122.25,100,6000
20220103,14:29,122.00,122.00,122.00,122.00,25,6000
20220103,14:30,122.00,122.00,122.00,122.00,150,5900
20220103,14:40,121.50,121.50,121.50,121.50,875,6025
20220103,14:41,119.00,119.00,119.00,119.00,25,6025
20220103,14:42,118.00,118.00,114.90,114.90,225,5650
20220103,14:43,114.90,120.55,114.90,120.55,200,5650
20220103,14:44,120.00,120.00,120.00,120.00,250,5650
20220103,14:45,120.00,120.00,120.00,120.00,25,5650
20220103,14:50,118.60,118.60,118.60,118.60,50,5350
20220103,14:51,120.50,120.50,119.85,119.85,75,5350
20220103,14:52,119.15,119.15,119.15,119.15,25,5350
20220103,14:53,119.00,119.00,119.00,119.00,50,5350
20220103,14:54,120.25,120.25,120.25,120.25,50,5350
20220103,14:57,119.10,119.10,119.10,119.10,25,5425
20220103,14:58,119.10,119.10,115.30,115.30,150,5425
20220103,14:59,117.35,117.35,117.35,117.35,25,5425
20220103,15:01,107.10,107.10,107.10,107.10,100,5550
20220103,15:02,118.15,118.15,117.00,117.00,100,5550
20220103,15:10,119.00,119.00,119.00,119.00,50,5550
20220103,15:12,120.95,120.95,120.95,120.95,125,5550
20220103,15:14,116.95,116.95,115.45,116.75,1350,5500
20220103,15:15,116.00,116.00,115.35,115.35,75,5500
20220103,15:16,115.50,115.50,115.50,115.50,25,5325
20220103,15:17,115.85,115.85,115.85,115.85,25,5325
20220103,15:20,113.25,113.25,113.25,113.25,25,5300
20220103,15:22,112.15,112.15,112.05,112.05,75,4600
20220103,15:23,113.00,113.00,112.80,112.80,100,4600
20220103,15:25,109.00,109.00,109.00,109.00,225,4575
20220103,15:26,102.85,102.85,102.85,102.85,25,4575
20220103,15:27,102.85,102.85,102.85,102.85,50,4575
20220103,15:29,96.35,96.35,96.35,96.35,100,4475
20220103,15:30,112.00,112.00,112.00,112.00,25,4475
20220104,09:16,110.45,110.60,110.45,110.60,102,4450
20220104,09:17,101.75,101.75,101.75,101.75,100,4450
20220104,09:18,98.45,98.45,98.45,98.45,25,4475
20220104,09:19,82.55,82.55,82.55,82.55,100,4475
20220104,09:26,82.55,93.45,82.55,93.45,75,4425
20220104,09:27,93.65,93.65,93.65,93.65,25,4425
20220104,09:37,98.00,98.00,98.00,98.00,25,4450
20220104,09:38,107.50,107.50,107.50,107.50,25,4450
20220104,09:41,116.50,116.50,116.50,116.50,25,4400
20220104,09:42,118.65,118.65,118.65,118.65,25,4400
20220104,09:43,118.65,118.65,97.05,97.05,50,4400
20220104,09:44,93.85,93.85,93.85,93.85,25,4400
20220104,09:47,99.25,99.25,99.25,99.25,50,4425
20220104,09:48,85.00,85.00,85.00,85.00,100,4425
20220104,10:11,88.05,88.05,88.05,88.05,25,4400
20220104,10:13,99.05,99.05,99.05,99.05,50,4400
20220104,10:18,88.25,88.25,88.25,88.25,25,4375
20220104,10:29,88.00,88.00,88.00,88.00,25,4350
20220104,10:35,86.85,86.85,75.55,75.55,50,4350
20220104,10:58,75.55,75.55,75.55,75.55,25,4350
20220104,11:23,75.20,75.20,75.20,75.20,50,4350
20220104,11:26,75.20,75.20,75.20,75.20,25,4325
20220104,11:41,85.05,85.05,85.05,85.05,50,4325
20220104,11:47,85.05,85.05,85.05,85.05,50,4300
20220104,11:48,85.00,85.00,85.00,85.00,25,4300
20220104,11:50,85.00,85.00,85.00,85.00,25,4375
20220104,11:54,84.95,84.95,84.95,84.95,25,4400
20220104,11:55,84.95,84.95,84.95,84.95,25,4400
20220104,11:58,85.00,85.00,85.00,85.00,25,4400
20220104,12:00,84.95,84.95,84.95,84.95,50,4425
20220104,12:02,85.00,85.00,85.00,85.00,25,4425
20220104,12:21,85.05,85.05,85.05,85.05,75,4500
20220104,12:22,85.05,85.05,85.05,85.05,125,4500
20220104,12:31,74.35,74.35,74.35,74.35,300,4700
20220104,12:32,73.75,73.75,73.75,73.75,100,4700
20220104,12:33,73.75,82.70,73.75,82.70,375,5025
20220104,12:37,84.60,84.60,84.60,84.60,50,5075
20220104,12:42,84.15,84.15,84.15,84.15,25,5100
20220104,13:01,88.00,88.00,88.00,88.00,50,4950
20220104,13:02,88.00,88.00,83.85,83.85,300,4950
20220104,13:03,85.75,85.75,85.75,85.75,25,4975
20220104,13:04,85.95,85.95,85.10,85.10,75,4975
20220104,13:08,83.50,85.00,83.50,85.00,75,4925
20220104,13:09,87.10,87.10,84.85,84.85,150,4925
20220104,13:15,87.45,87.45,87.45,87.45,25,4925
20220104,13:20,93.55,93.55,93.55,93.55,25,4875
20220104,13:24,86.70,86.70,86.70,86.70,25,4875
20220104,13:31,88.25,88.25,88.25,88.25,125,4875
20220104,13:43,93.50,93.50,93.50,93.50,50,4825
20220104,13:48,95.60,95.60,95.60,95.60,25,4825
20220104,13:50,94.90,94.90,94.90,94.90,25,4825
20220104,13:52,89.70,89.70,89.70,89.70,25,4800
20220104,13:56,90.65,90.65,90.65,90.65,50,4775
20220104,14:12,87.10,87.10,87.10,87.10,25,4725
20220104,14:19,83.45,83.45,83.45,83.45,200,4725
20220104,14:26,82.25,82.25,82.25,82.25,50,4700
20220104,14:35,84.65,84.65,84.65,84.65,50,4725
20220104,14:36,84.05,84.05,84.00,84.00,75,4725
20220104,14:37,82.25,82.25,82.25,82.25,75,4675
20220104,14:38,82.25,82.25,82.25,82.25,125,4675
20220104,14:40,77.55,78.20,77.55,78.20,100,4800
20220104,14:42,78.30,78.90,78.30,78.90,50,4800
20220104,14:43,76.60,76.60,76.60,76.60,75,4850
20220104,14:44,79.40,79.40,79.40,79.40,125,4850
20220104,14:45,76.85,76.85,76.85,76.85,75,4850
20220104,14:47,76.75,76.75,76.75,76.75,25,4900
20220104,14:52,77.20,77.20,77.20,77.20,25,4900
20220104,14:53,76.00,76.00,76.00,76.00,150,4900
20220104,15:05,67.90,78.35,67.90,78.35,200,4925
20220104,15:06,76.60,76.60,76.60,76.60,25,4925
20220104,15:08,76.80,76.80,76.80,76.80,75,5025
20220104,15:11,77.90,77.90,77.90,77.90,25,5050
20220104,15:17,75.40,75.40,75.40,75.40,25,5050
20220104,15:19,75.60,75.60,75.60,75.60,25,5050
20220104,15:21,75.30,75.35,75.30,75.35,50,5050
20220104,15:22,73.80,73.80,73.80,73.80,25,5075
20220104,15:24,72.00,72.00,72.00,72.00,50,5075
20220104,15:25,72.75,72.75,72.75,72.75,75,5075
20220104,15:26,74.40,74.40,74.40,74.40,50,5075
20220104,15:28,72.05,72.05,72.05,72.05,25,5000
20220105,09:15,96.05,96.05,96.05,96.05,51,4975
20220105,09:16,86.75,86.75,76.80,76.80,50,4975
20220105,09:17,76.55,76.55,69.00,69.00,125,5050
20220105,09:18,69.00,69.00,69.00,69.00,500,5050
20220105,09:20,73.00,75.00,73.00,75.00,400,5050
20220105,09:23,72.05,72.05,72.05,72.05,25,4700
20220105,09:28,68.90,68.90,68.90,68.90,75,4725
20220105,09:33,84.15,84.15,84.15,84.15,150,4700
20220105,09:34,72.40,72.40,72.40,72.40,150,4700
20220105,09:37,76.25,76.25,76.25,76.25,25,4675
20220105,09:38,72.70,72.70,72.70,72.70,25,4675
20220105,09:39,78.05,79.15,78.05,79.15,50,4675
20220105,09:42,89.65,89.65,79.00,79.00,275,4650
20220105,09:43,60.65,60.65,60.65,60.65,250,4650
20220105,09:45,60.65,60.65,60.65,60.65,75,4775
20220105,09:46,73.00,73.00,73.00,73.00,75,4775
20220105,09:47,68.10,68.10,65.90,65.90,50,4750
20220105,09:48,66.85,66.85,66.85,66.85,50,4750
20220105,09:50,65.35,65.35,65.35,65.35,25,4750
20220105,09:51,69.40,69.40,69.40,69.40,25,4750
20220105,09:57,64.75,64.75,64.75,64.75,25,4750
20220105,10:09,66.00,66.00,66.00,66.00,50,4750
20220105,10:10,66.25,66.25,66.25,66.25,75,4750
20220105,10:33,70.40,70.40,70.40,70.40,125,4700
20220105,10:43,69.05,69.05,69.05,69.05,375,4800
20220105,10:56,71.20,71.20,71.20,71.20,25,4950
20220105,10:57,71.50,71.80,68.65,68.65,75,4950
20220105,10:59,66.65,66.65,66.65,66.65,25,4950
20220105,11:00,65.25,65.25,65.25,65.25,25,4950
20220105,11:09,73.90,73.90,73.90,73.90,25,4950
20220105,11:11,69.60,69.60,69.60,69.60,50,4950
20220105,11:12,66.95,66.95,66.95,66.95,25,4950
20220105,11:13,65.85,65.85,65.85,65.85,25,4950
20220105,11:14,69.45,69.45,69.45,69.45,25,4950
20220105,11:16,67.85,67.85,67.85,67.85,25,4975
20220105,11:17,68.15,68.15,68.15,68.15,25,4975
20220105,11:23,64.45,64.45,64.45,64.45,25,5000
20220105,11:24,62.80,62.80,62.80,62.80,50,5000
20220105,11:28,62.10,62.10,62.10,62.10,25,4975
20220105,11:40,70.50,70.50,70.50,70.50,100,4975
20220105,11:41,60.00,60.00,60.00,60.00,100,4975
20220105,11:42,60.00,60.00,60.00,60.00,100,4975
20220105,12:04,63.15,63.15,63.15,63.15,25,4925
20220105,12:09,68.30,68.30,68.30,68.30,25,4950
20220105,12:13,44.30,44.30,44.30,44.30,50,4950
20220105,12:14,44.30,44.30,44.30,44.30,75,4950
20220105,12:19,59.40,59.40,59.40,59.40,25,4975
20220105,13:06,60.95,60.95,60.95,60.95,25,5000
20220105,13:07,57.80,57.80,57.80,57.80,25,5000
20220105,13:49,61.25,61.25,61.25,61.25,25,5025
20220105,14:01,48.40,48.40,48.40,48.40,25,5000
20220105,14:21,61.65,61.65,61.65,61.65,25,4975
20220105,14:37,57.00,57.00,57.00,57.00,25,4975
20220105,14:49,58.00,58.00,58.00,58.00,25,4950
20220105,14:53,59.00,59.00,58.55,58.55,150,4975
20220105,14:59,60.40,60.40,60.40,60.40,75,5075
20220105,15:00,58.10,58.10,58.10,58.10,25,5075
20220105,15:01,57.75,57.75,57.75,57.75,50,5025
20220105,15:05,58.20,58.20,58.20,58.20,150,5000
20220105,15:08,57.80,57.80,57.80,57.80,50,5100
20220105,15:25,55.80,55.80,48.60,48.60,200,5100
20220105,15:26,55.00,55.00,55.00,55.00,50,5100
20220106,09:15,93.40,93.40,71.30,71.30,51,5050
20220106,09:16,71.30,71.30,71.30,71.30,100,5050
20220106,09:17,81.30,81.30,81.30,81.30,75,5050
20220106,09:18,80.80,80.80,71.75,73.55,75,5200
20220106,09:19,86.15,86.15,86.15,86.15,175,5200
20220106,09:20,84.60,86.55,75.90,75.90,225,5200
20220106,09:21,86.35,86.35,86.35,86.35,25,5200
20220106,09:22,75.00,75.00,65.00,65.00,250,5200
20220106,09:24,80.00,80.00,80.00,80.00,100,5125
20220106,09:25,73.95,73.95,73.95,73.95,100,5125
20220106,09:26,81.95,81.95,81.95,81.95,25,5125
20220106,09:28,74.00,74.00,74.00,74.00,75,5075
20220106,09:29,81.95,82.00,81.95,82.00,75,5075
20220106,09:31,84.95,84.95,75.00,75.00,75,5075
20220106,09:32,74.00,92.30,74.00,92.30,250,5075
20220106,09:33,83.65,85.00,83.65,85.00,100,5175
20220106,09:34,80.05,80.05,80.05,80.05,25,5175
20220106,09:35,80.90,80.90,80.90,80.90,25,5175
20220106,09:37,73.95,73.95,73.95,73.95,125,5075
20220106,09:38,73.95,73.95,73.95,73.95,25,5075
20220106,09:39,97.65,97.65,79.05,79.05,125,5075
20220106,09:40,76.80,94.80,76.80,94.80,150,5075
20220106,09:41,27.60,56.30,27.60,56.30,100,5075
20220106,09:42,70.00,70.00,70.00,70.00,150,5100
20220106,09:43,84.00,84.00,84.00,84.00,50,5100
20220106,09:44,84.05,84.05,84.05,84.05,100,5100
20220106,10:04,75.65,75.65,75.65,75.65,25,5150
20220106,10:10,81.75,81.75,81.75,81.75,25,5150
20220106,10:11,76.20,76.20,62.60,62.60,75,5150
20220106,10:12,77.45,77.45,77.45,77.45,25,5150
20220106,10:13,74.95,74.95,74.95,74.95,25,5150
20220106,10:18,79.95,79.95,79.95,79.95,25,5150
20220106,10:25,79.95,79.95,79.95,79.95,75,5150
20220106,10:26,74.95,74.95,73.00,73.00,225,5150
20220106,10:31,79.95,83.95,79.95,83.95,125,5125
20220106,10:32,83.95,83.95,83.95,83.95,500,5125
20220106,10:33,77.05,77.95,77.05,77.95,100,5650
20220106,10:34,84.30,84.30,84.30,84.30,25,5650
20220106,10:35,76.60,76.60,75.00,75.00,125,5650
20220106,10:36,78.55,78.55,78.55,78.55,50,5775
20220106,10:37,76.25,76.25,76.25,76.25,25,5775
20220106,10:38,73.10,73.10,73.10,73.10,100,5775
20220106,10:43,79.30,79.30,76.15,76.15,425,5775
20220106,10:45,83.30,83.30,83.30,83.30,50,5775
20220106,10:46,79.30,79.30,79.30,79.30,50,5775
20220106,10:51,78.35,78.35,78.35,78.35,25,5750
20220106,10:53,76.65,76.65,75.95,75.95,100,5800
20220106,10:54,76.10,76.10,76.10,76.10,50,5800
20220106,10:57,76.95,76.95,76.65,76.65,250,5850
20220106,10:59,76.05,76.05,75.85,75.85,200,5850
20220106,11:00,77.05,77.05,76.90,76.90,200,5875
20220106,11:01,79.40,79.40,79.40,79.40,25,5875
20220106,11:06,76.30,76.30,76.30,76.30,25,5875
20220106,11:13,74.75,74.75,74.75,74.75,25,5875
20220106,11:17,73.80,73.80,73.80,73.80,25,5875
20220106,11:19,71.30,71.30,71.30,71.30,50,5875
20220106,11:20,70.40,70.40,63.20,63.20,525,5875
20220106,11:30,62.95,62.95,62.95,62.95,250,5925
20220106,11:38,65.00,65.00,65.00,65.00,50,6000
20220106,11:42,65.00,76.75,65.00,76.75,600,5975
20220106,11:43,69.05,69.05,68.05,68.05,100,5975
20220106,11:44,69.05,69.05,68.05,68.05,150,5975
20220106,11:45,66.95,69.05,66.30,69.05,225,6000
20220106,11:48,68.45,68.45,68.45,68.45,225,6000
20220106,11:50,68.25,68.25,68.25,68.25,50,5925
20220106,11:56,67.20,67.35,67.20,67.35,625,5925
20220106,12:04,68.55,68.55,68.55,68.55,25,5900
20220106,12:12,68.00,68.00,68.00,68.00,125,5925
20220106,12:13,69.20,69.20,68.75,68.75,50,5925
20220106,12:22,69.10,69.10,69.10,69.10,25,5975
20220106,12:24,70.75,70.75,70.75,70.75,25,5975
20220106,12:33,66.05,66.05,66.05,66.05,75,5975
20220106,12:35,66.65,66.65,66.65,66.65,25,5975
20220106,12:55,63.90,63.90,63.90,63.90,25,5975
20220106,12:56,62.25,62.25,62.25,62.25,25,5975
20220106,12:57,62.05,62.05,62.05,62.05,25,5975
20220106,13:00,62.00,62.00,62.00,62.00,25,5975
20220106,13:02,61.45,61.45,61.45,61.45,25,5975
20220106,13:03,61.70,61.70,61.70,61.70,50,6000
20220106,13:08,60.95,60.95,60.95,60.95,25,6025
20220106,13:18,60.15,60.15,60.15,60.15,25,6000
20220106,13:20,60.45,60.45,59.95,59.95,50,6000
20220106,13:21,59.40,59.40,59.40,59.40,75,6025
20220106,13:23,57.95,57.95,57.95,57.95,75,6025
20220106,13:26,58.10,58.10,58.10,58.10,200,6000
20220106,13:27,60.00,60.00,60.00,60.00,100,6000
20220106,13:29,59.35,60.75,59.35,60.75,150,6000
20220106,13:30,60.55,60.55,58.40,58.40,125,6025
20220106,13:31,56.90,56.90,56.90,56.90,100,6025
20220106,13:32,57.40,57.40,57.40,57.40,50,6025
20220106,13:33,57.45,57.45,57.45,57.45,50,6025
20220106,13:37,52.75,52.75,52.75,52.75,25,6025
20220106,13:56,56.70,56.70,56.70,56.70,50,6025
20220106,13:58,58.70,58.70,58.70,58.70,25,6050
20220106,13:59,57.35,57.35,57.35,57.35,25,6050
20220106,14:14,54.25,54.25,54.25,54.25,25,6050
20220106,14:15,53.00,53.00,53.00,53.00,75,6050
20220106,14:18,53.00,53.00,53.00,53.00,25,6025
20220106,14:21,53.00,53.00,53.00,53.00,50,6025
20220106,14:26,48.65,48.65,48.00,48.00,100,6025
20220106,14:29,48.70,48.70,48.70,48.70,25,6050
20220106,14:32,46.70,46.70,46.70,46.70,25,6025
20220106,14:33,47.90,47.90,47.90,47.90,25,6025
20220106,14:36,51.10,51.10,51.10,51.10,50,6025
20220106,14:49,52.50,52.50,52.50,52.50,50,6075
20220106,14:50,53.40,53.40,53.40,53.40,25,6075
20220106,14:52,52.60,52.60,52.60,52.60,25,6075
20220106,15:02,54.65,54.65,54.65,54.65,25,6050
20220106,15:04,56.10,56.10,56.10,56.10,25,6050
20220106,15:08,57.05,57.05,57.05,57.05,25,6050
20220106,15:09,55.60,55.60,55.60,55.60,25,6050
20220106,15:14,58.65,58.65,58.65,58.65,25,6050
20220106,15:17,59.95,59.95,59.95,59.95,25,6075
20220106,15:19,56.80,56.80,56.80,56.80,25,6050
20220106,15:21,56.30,57.05,56.30,57.05,75,6050
20220106,15:22,58.45,58.45,58.45,58.45,25,6000
20220106,15:23,59.00,59.00,59.00,59.00,75,6000
20220106,15:24,59.00,60.80,59.00,60.80,275,6000
20220106,15:25,60.15,60.15,56.15,56.15,175,5975
20220106,15:26,56.00,56.00,56.00,56.00,25,5975
20220106,15:28,58.45,58.45,58.45,58.45,25,5975
20220107,09:15,55.05,55.05,55.00,55.00,152,5975
20220107,09:16,44.60,46.00,44.60,46.00,400,5975
20220107,09:17,42.25,42.25,42.25,42.25,175,5975
20220107,09:19,42.25,45.05,42.25,45.05,250,6025
20220107,09:22,45.00,45.00,44.90,44.90,225,5900
20220107,09:23,45.25,45.25,45.25,45.25,25,5900
20220107,09:24,43.20,43.20,43.20,43.20,50,5875
20220107,09:25,42.00,42.00,42.00,42.00,125,5875
20220107,09:26,42.35,42.35,42.05,42.05,125,6075
20220107,09:27,42.30,42.30,42.30,42.30,50,6075
20220107,09:28,41.70,41.70,41.30,41.30,175,6075
20220107,09:29,41.00,41.35,41.00,41.35,125,6200
20220107,09:30,41.30,41.35,41.30,41.35,75,6200
20220107,09:36,42.10,42.10,42.10,42.10,25,6225
20220107,09:37,42.15,42.15,42.10,42.10,125,6225
20220107,09:38,42.10,42.10,42.10,42.10,25,6225
20220107,09:54,38.25,38.25,38.25,38.25,25,5900
20220107,09:57,38.25,38.25,38.25,38.25,25,5900
20220107,10:06,40.15,40.15,40.15,40.15,25,5925
20220107,10:07,41.90,41.90,39.55,39.55,75,5925
20220107,10:11,37.25,37.25,37.25,37.25,25,5925
20220107,10:17,37.15,37.15,37.15,37.15,25,5950
20220107,10:20,37.15,37.15,37.15,37.15,50,5925
20220107,10:30,38.25,38.25,38.25,38.25,500,5900
20220107,10:34,38.10,38.10,32.95,37.00,300,5875
20220107,10:56,40.35,40.35,40.35,40.35,325,5350
20220107,11:02,40.00,40.00,40.00,40.00,200,5375
20220107,11:32,39.20,39.20,39.20,39.20,25,5375
20220107,11:53,35.85,35.85,35.85,35.85,50,5250
20220107,12:04,44.20,44.20,44.20,44.20,25,5200
20220107,12:10,44.20,44.20,44.20,44.20,25,5200
20220107,12:11,43.75,43.75,43.75,43.75,25,5200
20220107,12:16,50.00,50.00,50.00,50.00,75,5225
20220107,12:31,43.05,43.05,43.05,43.05,25,5275
20220107,12:38,47.00,47.00,47.00,47.00,25,5275
20220107,12:39,50.00,50.00,50.00,50.00,150,5275
20220107,12:43,50.00,50.00,50.00,50.00,50,5275
20220107,12:48,56.40,56.40,56.40,56.40,75,5275
20220107,12:49,56.40,56.40,56.40,56.40,50,5275
20220107,13:08,49.45,49.45,49.45,49.45,25,5100
20220107,13:14,49.90,49.90,49.90,49.90,100,5100
20220107,13:19,49.65,49.65,49.65,49.65,25,5100
20220107,13:41,45.45,45.45,45.45,45.45,50,5100
20220107,13:55,47.15,47.15,47.15,47.15,25,5100
20220107,13:59,42.55,42.55,42.55,42.55,25,5100
20220107,14:03,46.70,46.70,46.70,46.70,25,5125
20220107,14:05,47.50,47.50,47.50,47.50,25,5100
20220107,14:29,46.45,46.45,46.45,46.45,25,5100
20220107,14:32,48.25,48.25,48.25,48.25,25,5075
20220107,14:38,45.60,45.60,45.60,45.60,25,5075
20220107,14:56,46.65,46.65,46.65,46.65,25,5050
20220107,15:01,42.70,42.70,42.70,42.70,50,5050
20220107,15:12,43.30,43.30,43.30,43.30,25,5025
20220107,15:23,39.55,39.55,39.55,39.55,25,5000
20220107,15:25,42.10,42.10,42.10,42.10,25,5025
20220110,09:16,29.55,29.55,28.70,28.70,252,4975
20220110,09:24,28.70,28.70,28.70,28.70,25,4975
20220110,09:29,37.20,37.20,37.20,37.20,25,4975
20220110,09:30,37.20,37.20,37.20,37.20,25,4950
20220110,09:47,30.70,30.70,30.70,30.70,25,4950
20220110,09:54,32.40,32.40,32.40,32.40,25,4975
20220110,09:57,31.60,31.60,31.60,31.60,25,4950
20220110,12:12,30.50,30.50,30.50,30.50,25,4950
20220110,12:13,30.00,30.00,30.00,30.00,25,4950
20220110,12:14,30.00,30.00,30.00,30.00,25,4950
20220110,12:17,29.90,29.90,29.90,29.90,25,4875
20220110,12:20,29.00,29.00,29.00,29.00,25,4875
20220110,12:21,29.00,29.00,29.00,29.00,25,4850
20220110,12:38,29.40,29.40,29.40,29.40,25,4825
20220110,13:40,28.65,28.65,28.65,28.65,50,4825
20220110,13:41,27.55,27.55,27.55,27.55,50,4825
20220110,13:50,27.00,27.00,27.00,27.00,25,4825
20220110,14:47,27.00,27.00,27.00,27.00,375,4825
20220110,14:50,29.90,29.90,29.90,29.90,125,5050
20220110,15:17,26.50,26.50,26.50,26.50,25,5100
20220110,15:23,25.25,25.25,25.25,25.25,25,5075
20220110,15:24,25.25,25.25,25.25,25.25,25,5075
20220110,15:26,25.65,25.65,25.65,25.65,25,5075
20220110,15:30,22.05,22.05,22.05,22.05,250,5075
20220111,09:18,22.90,22.90,22.90,22.90,26,5075
20220111,09:19,28.40,30.00,28.40,30.00,200,5075
20220111,09:20,30.00,30.00,30.00,30.00,225,5075
20220111,09:21,29.00,30.80,29.00,30.80,275,5125
20220111,09:24,30.80,30.80,30.80,30.80,25,5050
20220111,09:28,33.05,33.05,33.05,33.05,1175,5050
20220111,09:29,29.15,29.15,29.15,29.15,425,5050
20220111,09:30,28.35,28.35,28.35,28.35,25,5425
20220111,09:31,28.00,28.00,28.00,28.00,350,5425
20220111,09:34,29.35,29.35,29.35,29.35,25,5450
20220111,09:35,25.05,25.05,25.05,25.05,25,5450
20220111,09:39,18.35,26.90,18.35,26.90,200,5450
20220111,09:40,17.80,26.50,17.80,26.50,1225,5450
20220111,09:41,26.25,26.25,26.25,26.25,600,5450
20220111,09:50,27.75,27.75,27.75,27.75,25,5450
20220111,09:54,28.10,28.50,28.10,28.50,50,5450
20220111,09:55,28.75,28.75,28.20,28.20,75,5450
20220111,10:12,28.05,28.05,28.05,28.05,50,4750
20220111,10:21,27.00,27.00,27.00,27.00,50,4650
20220111,10:25,27.00,27.00,27.00,27.00,50,4650
20220111,10:33,25.00,25.00,25.00,25.00,25,4650
20220111,10:58,26.10,26.10,26.10,26.10,25,4625
20220111,11:37,24.20,24.20,24.20,24.20,25,4600
20220111,11:42,25.00,25.00,25.00,25.00,25,4600
20220111,12:10,25.00,25.00,25.00,25.00,25,4600
20220111,13:01,25.60,25.60,25.60,25.60,50,4600
20220111,13:03,24.95,24.95,24.95,24.95,50,4625
20220111,13:05,22.05,22.05,22.05,22.05,25,4625
20220111,13:17,19.55,19.55,19.55,19.55,25,4625
20220111,14:42,24.35,24.35,24.35,24.35,25,4625
20220111,14:47,23.15,23.15,23.15,23.15,25,4650
20220111,14:50,23.15,23.15,23.15,23.15,100,4625
20220111,15:24,13.10,23.70,13.10,23.70,150,4625
20220111,15:25,22.80,22.80,22.80,22.80,125,4675
20220111,15:26,24.55,24.55,21.35,21.35,100,4675
20220111,15:28,26.60,26.60,12.90,12.90,150,4600
20220111,15:29,12.90,12.90,12.90,12.90,50,4600
20220112,09:42,44.90,44.90,44.90,44.90,51,4550
20220112,11:23,13.75,13.75,13.75,13.75,75,4575
20220112,12:29,13.75,13.75,13.75,13.75,25,4575
20220113,10:47,17.00,17.00,17.00,17.00,26,4575
20220113,14:18,16.90,16.90,16.90,16.90,50,4575
20220113,14:19,16.90,16.90,16.90,16.90,25,4575
20220113,14:20,16.90,16.90,16.90,16.90,75,4575
20220114,09:15,16.85,16.85,16.85,16.85,51,4625
20220114,09:20,17.10,17.10,17.10,17.10,50,4675
20220114,11:02,17.10,17.10,17.10,17.10,100,4675
20220114,12:14,17.10,17.10,17.10,17.10,100,4675
20220114,12:25,10.50,10.50,10.50,10.50,25,4650
20220114,12:27,13.95,13.95,13.95,13.95,25,4650
20220114,12:42,12.30,12.30,12.30,12.30,25,4675
20220114,12:44,13.00,13.00,13.00,13.00,25,4675
20220117,09:15,9.00,9.00,9.00,9.00,26,4675
20220117,09:16,8.00,8.00,8.00,8.00,50,4675
20220117,09:17,8.00,8.00,8.00,8.00,75,4675
20220117,09:19,7.80,7.80,7.80,7.80,100,4675
20220117,09:21,8.10,8.15,8.10,8.15,125,4650
20220117,09:27,8.80,8.80,8.80,8.80,25,4650
20220117,09:46,8.30,8.30,8.30,8.30,25,4425
20220117,09:49,8.25,8.25,8.25,8.25,25,4400
20220117,10:08,8.20,8.20,8.20,8.20,25,4425
20220117,10:32,8.20,8.20,8.20,8.20,100,4425
20220117,10:39,8.15,8.15,8.15,8.15,100,4400
20220117,10:41,8.15,8.15,8.15,8.15,25,4400
20220117,10:45,8.15,8.15,8.15,8.15,25,4525
20220117,11:00,8.15,8.15,8.15,8.15,50,4550
20220117,12:53,7.95,7.95,7.95,7.95,50,4600
20220117,13:53,8.00,8.00,8.00,8.00,25,4575
20220117,13:54,7.50,7.50,7.50,7.50,25,4575
20220117,14:05,7.50,7.50,7.50,7.50,25,4525
20220117,14:27,7.60,7.60,7.60,7.60,25,4500
20220118,10:30,9.60,9.60,9.60,9.60,76,4500
20220118,12:08,6.45,6.45,6.45,6.45,25,4575
20220118,12:10,6.45,6.45,6.45,6.45,25,4550
20220118,13:48,5.25,5.25,5.25,5.25,25,4525
20220118,14:23,5.25,5.25,5.25,5.25,50,4550
20220118,15:19,9.00,9.00,9.00,9.00,25,4575
20220118,15:24,8.25,8.25,8.25,8.25,100,4600
20220118,15:27,8.90,8.90,8.90,8.90,25,4675
20220119,09:42,18.60,18.60,18.60,18.60,301,4575
20220119,09:43,10.55,10.55,10.55,10.55,50,4575
20220119,09:45,10.55,11.35,10.55,11.35,275,4625
20220119,09:46,11.40,11.40,11.40,11.40,200,4625
20220119,09:47,11.15,11.15,11.15,11.15,50,4625
20220119,10:01,15.55,15.55,15.55,15.55,125,4950
20220119,10:02,10.10,11.10,10.10,11.10,200,5100
20220119,10:06,11.10,11.10,11.10,11.10,50,5125
20220119,10:18,6.00,6.00,6.00,6.00,125,5175
20220119,10:19,6.00,6.00,6.00,6.00,25,5175
20220119,11:09,9.70,9.70,9.70,9.70,25,5150
20220119,11:10,9.95,9.95,9.95,9.95,25,5150
20220119,11:43,9.35,9.35,9.35,9.35,50,5175
20220119,12:08,10.00,10.00,10.00,10.00,300,5200
20220119,12:30,9.90,9.90,9.90,9.90,50,5200
20220119,12:31,9.90,10.00,9.90,10.00,525,5200
20220119,12:38,11.35,11.35,11.35,11.35,50,5375
20220119,12:39,11.40,13.50,11.40,13.50,950,5175
20220119,13:03,11.35,11.35,11.35,11.35,100,6075
20220119,13:04,11.40,11.40,11.40,11.40,50,6075
20220119,13:07,10.90,10.90,10.90,10.90,50,6225
20220119,13:08,10.95,10.95,10.95,10.95,25,6225
20220119,13:10,10.95,10.95,10.95,10.95,25,6275
20220119,13:16,10.75,10.75,10.55,10.55,50,6300
20220119,13:21,10.50,10.50,10.50,10.50,100,6300
20220119,13:29,10.95,10.95,10.95,10.95,25,6300
20220119,13:30,11.00,11.00,11.00,11.00,100,6300
20220119,13:32,10.60,10.60,10.60,10.60,50,6275
20220119,13:41,10.90,10.90,10.50,10.50,75,6275
20220119,14:09,9.65,9.65,9.65,9.65,25,6275
20220119,15:06,9.35,9.35,9.35,9.35,25,6275
20220119,15:22,9.75,9.75,9.75,9.75,600,6300
20220119,15:28,9.75,11.00,9.75,11.00,50,6125
20220120,09:17,18.05,18.05,18.05,18.05,51,6050
20220120,09:19,4.35,4.35,4.35,4.35,50,6100
20220120,09:21,4.35,4.35,4.35,4.35,25,6075
20220120,09:31,5.40,5.40,5.40,5.40,25,6075
20220120,09:46,8.85,8.85,8.85,8.85,25,6075
20220120,09:48,9.05,9.05,9.05,9.05,25,6075
20220120,09:49,5.00,5.00,5.00,5.00,75,6075
20220120,11:04,12.00,12.00,12.00,12.00,25,6025
20220120,11:05,8.60,8.60,8.60,8.60,50,6025
20220120,11:06,8.60,8.60,8.60,8.60,400,6050
20220120,11:07,8.60,8.60,8.60,8.60,100,6050
20220120,11:24,8.55,8.55,8.55,8.55,25,6550
20220120,11:31,8.55,8.55,8.55,8.55,25,6575
20220120,11:34,8.55,8.55,8.55,8.55,75,6550
20220120,13:34,8.55,8.55,8.55,8.55,425,6550
20220120,14:18,6.65,6.65,6.65,6.65,25,6125
20220120,14:31,6.05,6.05,6.05,6.05,25,6125
20220120,14:59,6.05,6.05,6.05,6.05,25,6125
20220120,15:11,3.40,3.40,3.40,3.40,75,6150
20220120,15:23,3.40,3.40,3.40,3.40,50,6150
20220121,09:15,12.15,12.20,8.05,8.05,176,6150
20220121,09:16,8.05,9.90,8.05,8.95,4125,6150
20220121,09:17,8.95,10.75,8.50,10.25,3075,7825
20220121,09:18,10.05,10.25,9.15,9.75,1175,7825
20220121,09:19,9.25,9.90,9.25,9.35,1275,7825
20220121,09:20,9.55,9.60,9.00,9.00,1450,8775
20220121,09:21,9.25,10.40,9.05,10.30,2450,8775
20220121,09:22,10.25,10.25,9.65,10.10,1900,8775
20220121,09:23,10.05,10.40,9.70,9.85,1650,9850
20220121,09:24,9.90,10.00,9.70,10.00,2450,9850
20220121,09:25,9.80,10.30,9.80,10.30,1625,9850
20220121,09:26,10.50,11.00,10.40,10.85,4425,14025
20220121,09:27,11.00,11.40,10.80,11.00,2400,14025
20220121,09:28,11.10,11.10,9.90,10.80,3950,14025
20220121,09:29,10.45,10.60,9.90,10.35,2050,16425
20220121,09:30,10.45,10.80,10.00,10.20,2450,16425
20220121,09:31,10.00,10.20,9.50,10.05,3175,16425
20220121,09:32,10.10,10.30,9.95,10.25,1325,19475
20220121,09:33,10.10,10.35,10.10,10.15,1350,19475
20220121,09:34,10.15,10.30,9.75,9.80,1775,19475
20220121,09:35,9.95,9.95,9.50,9.50,2650,21025
20220121,09:36,9.60,9.60,9.50,9.50,675,21025
20220121,09:37,9.65,9.65,9.50,9.65,1175,21025
20220121,09:38,9.65,9.80,9.60,9.80,1300,21350
20220121,09:39,9.90,9.95,9.30,9.30,2850,21350
20220121,09:40,9.55,9.60,9.30,9.50,800,21350
20220121,09:41,9.50,9.75,9.45,9.45,1725,22025
20220121,09:42,9.55,9.65,7.20,8.40,5125,22025
20220121,09:43,8.30,8.55,7.95,8.25,1625,22025
20220121,09:44,8.25,8.40,8.05,8.35,1225,23175
20220121,09:45,8.40,8.70,8.40,8.70,625,23175
20220121,09:46,8.65,8.65,8.40,8.50,175,23175
20220121,09:47,8.30,8.30,8.05,8.05,1250,23150
20220121,09:48,8.00,8.15,7.50,8.05,3225,23150
20220121,09:49,7.85,8.15,7.80,8.15,1050,23150
20220121,09:50,8.25,8.35,8.25,8.35,325,23775
20220121,09:51,8.30,8.55,8.30,8.55,1550,23775
20220121,09:52,8.70,8.90,8.50,8.85,2075,23775
20220121,09:53,8.60,8.70,8.55,8.70,725,22775
20220121,09:54,8.70,8.70,8.20,8.25,575,22775
20220121,09:55,7.90,8.05,7.70,7.80,950,22775
20220121,09:56,8.00,8.30,7.90,8.20,1000,23150
20220121,09:57,8.15,8.20,7.85,7.85,3700,23150
20220121,09:58,7.85,7.85,7.80,7.80,675,23150
20220121,09:59,7.85,7.85,7.80,7.80,1125,24950
20220121,10:00,7.80,7.90,7.80,7.90,5175,24950
20220121,10:01,7.90,7.90,7.65,7.90,100,24950
20220121,10:02,7.90,7.90,7.90,7.90,325,26550
20220121,10:03,7.85,7.85,7.85,7.85,650,26550
20220121,10:04,7.85,7.85,7.80,7.85,1725,26550
20220121,10:05,7.85,7.90,7.80,7.90,4025,29625
20220121,10:06,7.90,7.90,7.85,7.90,1225,29625
20220121,10:07,7.90,7.90,7.60,7.70,825,29625
20220121,10:08,7.75,7.85,7.60,7.80,825,31675
20220121,10:09,7.80,7.80,7.55,7.70,550,31675
20220121,10:10,7.75,7.75,7.55,7.75,525,31675
20220121,10:11,7.65,7.80,7.65,7.80,800,32125
20220121,10:12,7.80,7.80,7.60,7.80,300,32125
20220121,10:13,7.75,7.75,7.60,7.75,800,32125
20220121,10:14,7.75,7.75,7.50,7.55,3125,33725
20220121,10:15,7.50,7.55,7.40,7.50,6600,33725
20220121,10:16,7.50,7.50,7.45,7.50,925,33725
20220121,10:17,7.45,7.45,7.20,7.20,2850,40750
20220121,10:18,7.40,7.40,7.15,7.25,2525,40750
20220121,10:19,7.35,7.55,7.25,7.55,2000,40750
20220121,10:20,7.40,7.40,7.25,7.40,925,42475
20220121,10:21,7.35,7.40,7.20,7.40,2550,42475
20220121,10:22,7.35,7.40,7.30,7.40,2500,42475
20220121,10:23,7.50,7.55,7.50,7.55,700,47700
20220121,10:24,7.50,7.50,7.50,7.50,25,47700
20220121,10:25,7.50,7.60,7.50,7.50,1025,47700
20220121,10:26,7.55,7.80,7.55,7.80,175,47450
20220121,10:27,7.80,7.80,7.55,7.55,325,47450
20220121,10:28,7.55,7.70,7.55,7.70,75,47450
20220121,10:29,7.55,7.55,7.55,7.55,100,47450
20220121,10:30,7.75,7.75,7.75,7.75,25,47450
20220121,10:31,7.50,7.70,7.50,7.70,125,47525
20220121,10:32,7.70,7.75,7.40,7.70,1550,47450
20220121,10:33,7.80,8.05,7.65,7.90,700,47450
20220121,10:34,8.05,8.05,7.85,7.85,50,47450
20220121,10:35,7.85,8.05,7.75,8.05,1400,47425
20220121,10:36,8.20,8.65,8.20,8.40,1125,47425
20220121,10:37,8.20,8.30,8.20,8.25,350,47425
20220121,10:38,8.25,8.35,8.15,8.35,525,47725
20220121,10:39,8.40,8.45,8.25,8.45,925,47725
20220121,10:40,8.45,8.45,8.25,8.25,350,47725
20220121,10:41,8.35,8.45,8.30,8.35,2550,47875
20220121,10:42,8.50,8.60,8.50,8.60,300,47875
20220121,10:43,8.65,8.75,8.55,8.70,725,47875
20220121,10:44,8.70,8.70,8.50,8.50,900,47750
20220121,10:45,8.65,9.05,8.65,8.90,1500,47750
20220121,10:46,8.90,8.90,8.70,8.70,1200,47750
20220121,10:47,8.65,8.85,8.65,8.80,325,48025
20220121,10:48,8.55,8.55,8.30,8.30,1375,48025
20220121,10:49,8.20,8.20,7.60,7.70,1600,48025
20220121,10:50,8.00,8.00,7.75,7.75,550,48025
20220121,10:51,7.75,7.75,7.45,7.45,1425,48750
20220121,10:52,7.25,7.25,7.25,7.25,1000,48750
20220121,10:53,7.35,7.55,7.35,7.55,100,47575
20220121,10:54,7.40,7.60,7.40,7.60,125,47575
20220121,10:55,7.45,7.50,7.45,7.50,75,47575
20220121,10:56,7.50,7.80,7.50,7.80,350,47575
20220121,10:57,7.85,7.95,7.70,7.95,500,47575
20220121,10:58,7.90,7.95,7.90,7.95,475,47575
20220121,10:59,8.15,8.15,7.95,7.95,175,48000
20220121,11:00,8.00,8.15,7.95,7.95,275,48000
20220121,11:01,8.10,8.10,7.50,7.80,1975,48000
20220121,11:02,7.55,7.60,7.55,7.60,50,47450
20220121,11:03,7.55,7.55,7.50,7.50,50,47450
20220121,11:04,7.70,7.70,7.50,7.50,675,47450
20220121,11:05,7.60,7.60,7.30,7.55,3925,48950
20220121,11:06,7.35,7.45,7.25,7.25,1000,48950
20220121,11:07,7.40,7.40,7.30,7.35,825,48950
20220121,11:08,7.25,7.85,7.25,7.80,1275,49075
20220121,11:09,7.80,7.80,7.65,7.70,425,49075
20220121,11:10,7.70,8.00,7.70,7.90,775,49075
20220121,11:11,7.70,7.70,7.55,7.55,50,49075
20220121,11:12,7.55,7.55,7.55,7.55,100,49075
20220121,11:13,7.70,7.70,7.60,7.60,75,49075
20220121,11:14,7.70,7.70,7.60,7.60,75,49025
20220121,11:15,7.60,7.60,7.50,7.50,525,49025
20220121,11:16,7.60,7.60,7.60,7.60,25,49025
20220121,11:17,7.40,7.90,7.40,7.90,1475,49275
20220121,11:18,7.90,7.90,7.60,7.60,50,49275
20220121,11:19,7.80,7.80,7.35,7.40,1125,49275
20220121,11:20,7.35,7.35,7.30,7.30,425,49275
20220121,11:21,7.25,7.50,7.25,7.50,250,49950
20220121,11:22,7.50,7.50,7.45,7.45,75,49950
20220121,11:23,7.35,7.35,7.30,7.30,175,49950
20220121,11:24,7.40,7.50,7.35,7.50,825,50025
20220121,11:25,7.40,7.40,7.25,7.40,900,50025
20220121,11:27,7.40,7.40,7.40,7.40,75,50875
20220121,11:28,7.55,7.55,7.55,7.55,50,50875
20220121,11:29,7.60,7.80,7.45,7.70,1175,50625
20220121,11:30,7.60,7.60,7.40,7.60,325,50625
20220121,11:31,7.65,7.70,7.40,7.40,425,50625
20220121,11:34,7.45,7.45,7.40,7.40,50,50475
20220121,11:35,7.40,7.60,7.40,7.60,375,50475
20220121,11:36,7.45,7.45,7.45,7.45,200,50475
20220121,11:37,7.45,7.45,7.45,7.45,150,50475
20220121,11:38,7.40,7.45,7.35,7.45,275,50475
20220121,11:39,7.35,7.45,7.35,7.45,125,50350
20220121,11:40,7.40,7.40,7.30,7.40,700,50350
20220121,11:41,7.40,7.45,7.40,7.45,850,50350
20220121,11:43,7.80,7.80,7.80,7.80,75,50350
20220121,11:44,7.55,7.55,7.35,7.35,950,50175
20220121,11:45,7.75,7.75,7.60,7.60,1025,50175
20220121,11:46,7.05,7.30,7.00,7.30,1350,50175
20220121,11:47,7.30,7.30,7.30,7.30,100,50175
20220121,11:48,7.05,7.35,7.05,7.35,575,51025
20220121,11:50,7.35,7.35,7.35,7.35,25,51025
20220121,11:51,7.15,7.15,7.15,7.15,25,51025
20220121,11:52,7.10,7.25,7.10,7.25,200,51000
20220121,11:55,7.10,7.10,7.10,7.10,375,51000
20220121,11:56,7.10,7.10,6.75,6.75,1100,51000
20220121,11:57,6.75,6.80,6.60,6.60,650,50875
20220121,11:58,6.55,6.80,6.55,6.80,1450,50875
20220121,11:59,6.75,6.85,6.75,6.85,550,50875
20220121,12:00,6.60,6.90,6.60,6.90,1175,51400
20220121,12:01,7.00,7.10,6.90,6.90,1650,51400
20220121,12:02,6.95,6.95,6.95,6.95,25,51400
20220121,12:04,6.65,6.75,6.65,6.75,175,51350
20220121,12:05,6.70,6.70,6.50,6.50,475,51350
20220121,12:06,6.50,6.50,6.50,6.50,200,51350
20220121,12:08,6.50,6.70,6.45,6.70,575,51250
20220121,12:09,6.70,6.80,6.70,6.80,600,50775
20220121,12:11,6.75,6.75,6.75,6.75,100,50775
20220121,12:12,6.55,6.55,6.55,6.55,100,51025
20220121,12:13,6.55,6.60,6.55,6.55,200,51025
20220121,12:14,6.65,6.80,6.55,6.55,3450,51025
20220121,12:15,6.50,6.50,6.20,6.20,400,53300
20220121,12:16,6.20,6.55,6.20,6.40,2075,53300
20220121,12:17,6.75,6.75,6.30,6.75,1875,53300
20220121,12:18,6.60,6.65,6.45,6.65,1075,54100
20220121,12:19,6.50,6.65,6.45,6.45,1875,54100
20220121,12:20,6.30,6.90,6.30,6.90,1500,54100
20220121,12:21,6.50,6.80,6.45,6.70,1100,55575
20220121,12:22,6.75,6.75,6.60,6.60,600,55575
20220121,12:23,6.80,6.95,6.70,6.95,350,55575
20220121,12:24,6.90,6.90,6.70,6.70,200,55075
20220121,12:25,6.85,6.85,6.60,6.60,125,55075
20220121,12:27,6.85,6.85,6.35,6.35,225,55200
20220121,12:28,6.35,6.35,6.35,6.35,25,55200
20220121,12:29,6.60,6.90,6.60,6.90,725,55200
20220121,12:30,7.00,7.00,7.00,7.00,100,55400
20220121,12:31,6.80,7.00,6.65,6.65,900,55400
20220121,12:32,6.65,6.65,6.55,6.55,375,55400
20220121,12:33,6.70,6.70,6.70,6.70,175,55175
20220121,12:34,6.80,6.80,6.75,6.75,125,55175
20220121,12:36,6.75,6.75,6.75,6.75,75,55175
20220121,12:37,6.80,6.80,6.80,6.80,25,55175
20220121,12:38,6.95,6.95,6.95,6.95,125,55175
20220121,12:39,6.80,6.90,6.80,6.90,125,55175
20220121,12:40,6.90,6.95,6.85,6.90,275,55175
20220121,12:41,7.00,7.10,7.00,7.10,675,55175
20220121,12:42,7.05,7.05,7.05,7.05,100,55175
20220121,12:43,7.05,7.05,7.00,7.05,150,55175
20220121,12:44,7.00,7.15,6.95,7.15,600,55175
20220121,12:45,7.20,7.25,7.05,7.25,950,55275
20220121,12:46,7.25,7.40,7.25,7.40,100,55275
20220121,12:47,7.30,7.35,7.30,7.35,250,55275
20220121,12:48,7.30,7.35,7.30,7.30,350,55225
20220121,12:49,7.35,7.35,7.20,7.25,575,55225
20220121,12:51,7.25,7.25,7.25,7.25,25,55425
20220121,12:52,7.25,7.25,7.25,7.25,50,55425
20220121,12:53,7.25,7.25,7.25,7.25,75,55425
20220121,12:54,7.25,7.25,7.25,7.25,125,55350
20220121,12:55,7.10,7.10,7.10,7.10,25,55350
20220121,12:56,7.25,7.25,7.25,7.25,50,55350
20220121,12:58,7.25,7.25,7.10,7.10,400,55400
20220121,12:59,6.95,6.95,6.95,6.95,125,55400
20220121,13:00,6.90,7.05,6.90,7.05,50,55175
20220121,13:01,7.00,7.05,6.95,7.00,650,55175
20220121,13:02,7.00,7.00,6.95,6.95,50,55175
20220121,13:03,7.10,7.20,6.95,7.15,550,55350
20220121,13:04,7.15,7.15,6.85,7.10,725,55350
20220121,13:05,7.10,7.10,6.85,7.00,925,55350
20220121,13:06,6.85,6.90,6.85,6.85,300,55450
20220121,13:07,6.85,6.85,6.70,6.70,550,55450
20220121,13:08,6.70,7.00,6.70,6.75,675,55450
20220121,13:09,6.85,6.85,6.85,6.85,50,55450
20220121,13:10,6.80,6.80,6.75,6.75,75,55275
20220121,13:11,6.70,6.75,6.55,6.75,350,55275
20220121,13:12,6.70,6.85,6.60,6.65,600,55275
20220121,13:13,6.65,6.65,6.65,6.65,25,55275
20220121,13:14,6.60,6.60,6.50,6.50,1175,55275
20220121,13:15,6.50,6.50,6.30,6.30,550,54600
20220121,13:16,6.30,6.60,6.30,6.60,1675,54600
20220121,13:18,6.50,6.50,6.30,6.30,175,54475
20220121,13:19,6.50,6.50,6.45,6.50,175,54475
20220121,13:20,6.45,6.65,6.45,6.45,625,54475
20220121,13:21,6.55,6.80,6.40,6.40,1750,53950
20220121,13:22,6.60,6.60,6.60,6.60,100,53950
20220121,13:25,6.45,6.75,6.40,6.75,1075,53475
20220121,13:27,6.60,6.60,6.60,6.60,175,53600
20220121,13:28,6.70,6.70,6.45,6.45,650,53600
20220121,13:29,6.55,6.75,6.50,6.70,825,53600
20220121,13:30,6.55,6.75,6.50,6.75,225,53525
20220121,13:31,6.70,6.70,6.45,6.55,975,53525
20220121,13:32,6.55,6.55,6.45,6.45,375,53525
20220121,13:33,6.50,6.50,6.40,6.40,925,53225
20220121,13:34,6.35,6.40,6.35,6.40,225,53225
20220121,13:35,6.40,6.40,6.40,6.40,25,53225
20220121,13:36,6.40,6.60,6.40,6.55,150,52925
20220121,13:37,6.65,6.65,6.55,6.65,400,52925
20220121,13:38,6.65,6.65,6.65,6.65,50,52925
20220121,13:40,6.60,6.70,6.60,6.70,75,53125
20220121,13:41,6.55,6.65,6.55,6.65,275,53125
20220121,13:42,6.55,6.65,6.55,6.65,50,53100
20220121,13:43,6.70,6.70,6.70,6.70,50,53100
20220121,13:44,6.50,6.60,6.45,6.60,275,53100
20220121,13:45,6.50,6.55,6.40,6.50,550,53000
20220121,13:46,6.45,6.65,6.45,6.55,125,53000
20220121,13:47,6.40,6.60,6.40,6.60,250,53000
20220121,13:48,6.45,6.65,6.45,6.65,175,53150
20220121,13:49,6.40,6.40,6.40,6.40,100,53150
20220121,13:50,6.45,6.45,6.45,6.45,200,53150
20220121,13:51,6.60,6.60,6.50,6.55,350,53150
20220121,13:52,6.60,6.60,6.40,6.50,675,53150
20220121,13:53,6.40,6.55,6.40,6.50,700,53150
20220121,13:54,6.50,6.55,6.50,6.55,250,53250
20220121,13:55,6.50,6.50,6.40,6.45,1250,53250
20220121,13:56,6.30,6.30,6.00,6.20,875,53250
20220121,13:57,6.25,6.25,6.05,6.20,100,53125
20220121,13:58,6.25,6.25,6.05,6.25,450,53125
20220121,13:59,6.05,6.50,6.05,6.50,250,53125
20220121,14:00,6.50,6.50,6.50,6.50,300,53450
20220121,14:01,6.50,6.80,6.45,6.50,650,53450
20220121,14:02,6.50,6.75,6.50,6.75,275,53450
20220121,14:03,6.70,6.70,6.40,6.70,450,54025
20220121,14:04,6.65,6.65,6.65,6.65,50,54025
20220121,14:05,6.60,6.80,6.60,6.70,675,54025
20220121,14:06,6.90,6.90,6.70,6.75,550,54375
20220121,14:07,6.70,6.85,6.65,6.85,150,54375
20220121,14:08,6.95,6.95,6.75,6.75,100,54375
20220121,14:09,6.85,6.90,6.75,6.90,575,54200
20220121,14:10,6.70,6.70,6.70,6.70,25,54200
20220121,14:11,6.85,6.90,6.70,6.70,325,54200
20220121,14:12,6.70,6.70,6.55,6.55,75,54075
20220121,14:13,6.55,6.55,6.55,6.55,100,54075
20220121,14:14,6.45,6.50,6.45,6.50,50,54075
20220121,14:15,6.65,6.70,6.55,6.65,175,54050
20220121,14:16,6.70,6.80,6.60,6.70,950,54050
20220121,14:17,6.55,6.65,6.20,6.35,1125,54050
20220121,14:18,6.50,6.70,6.40,6.70,1000,53225
20220121,14:19,6.45,6.75,6.45,6.75,425,53225
20220121,14:20,6.90,7.10,6.90,7.10,450,53225
20220121,14:21,7.10,7.10,6.70,7.05,750,53375
20220121,14:22,6.90,6.90,6.75,6.85,575,53375
20220121,14:23,6.85,6.85,6.40,6.50,1725,53375
20220121,14:24,6.50,6.55,6.35,6.40,1450,53300
20220121,14:25,6.45,6.60,6.35,6.50,550,53300
20220121,14:26,6.60,6.60,6.45,6.50,200,53300
20220121,14:27,6.45,6.45,6.30,6.30,225,53300
20220121,14:28,6.45,6.45,6.45,6.45,25,53175
20220121,14:29,6.55,7.05,6.55,7.00,2200,53175
20220121,14:30,6.85,6.85,6.70,6.70,650,53175
20220121,14:31,6.60,6.80,6.60,6.80,275,53325
20220121,14:32,6.60,6.80,6.60,6.65,325,53325
20220121,14:34,6.60,6.60,6.60,6.60,125,52925
20220121,14:35,6.65,6.65,6.65,6.65,50,52925
20220121,14:36,6.60,6.60,6.60,6.60,50,52925
20220121,14:38,6.65,6.65,6.55,6.55,200,52875
20220121,14:39,6.45,6.60,6.35,6.60,875,52625
20220121,14:40,6.35,6.35,6.35,6.35,25,52625
20220121,14:41,6.35,6.35,6.35,6.35,75,52625
20220121,14:42,6.35,6.35,6.25,6.30,425,52625
20220121,14:43,6.35,6.70,6.35,6.60,625,52625
20220121,14:44,6.60,6.65,6.40,6.40,500,52625
20220121,14:45,6.60,6.60,6.40,6.45,1050,52450
20220121,14:46,6.35,6.35,6.20,6.30,850,52450
20220121,14:47,6.30,6.50,6.10,6.50,1450,52450
20220121,14:48,6.35,6.35,6.05,6.35,925,52425
20220121,14:49,6.25,6.35,6.25,6.30,850,52425
20220121,14:50,6.35,6.50,6.00,6.00,1275,52425
20220121,14:51,6.15,6.20,5.95,6.20,1625,52625
20220121,14:52,6.15,6.15,6.15,6.15,800,52625
20220121,14:53,6.20,6.45,6.20,6.45,275,52625
20220121,14:54,6.55,6.55,6.30,6.45,1650,52750
20220121,14:55,6.45,6.65,6.30,6.30,250,52750
20220121,14:56,6.45,6.45,6.45,6.45,25,52750
20220121,14:57,6.45,6.45,5.80,5.80,4075,52350
20220121,14:58,5.80,6.30,5.80,6.30,1575,52350
20220121,14:59,6.05,6.05,5.85,5.85,950,52350
20220121,15:00,5.80,5.85,5.55,5.55,2325,52100
20220121,15:01,5.55,5.70,5.40,5.40,1575,52100
20220121,15:02,5.50,5.65,5.45,5.45,1100,52100
20220121,15:03,5.45,5.50,5.40,5.40,400,52225
20220121,15:04,5.50,5.50,5.35,5.45,250,52225
20220121,15:05,5.55,5.65,4.90,5.05,1950,52225
20220121,15:06,5.15,5.50,5.15,5.40,1000,52300
20220121,15:07,5.20,5.50,5.20,5.50,1700,52300
20220121,15:08,5.30,5.70,5.30,5.70,1900,52300
20220121,15:09,5.50,5.50,5.35,5.35,475,52300
20220121,15:10,5.20,5.20,4.75,4.75,875,52175
20220121,15:11,4.60,4.60,4.60,4.60,525,52175
20220121,15:12,4.55,4.95,4.55,4.80,475,52175
20220121,15:13,4.60,4.95,4.60,4.70,875,52250
20220121,15:14,4.75,4.75,4.65,4.65,625,52250
20220121,15:15,4.60,4.75,4.45,4.70,1050,52150
20220121,15:16,4.65,4.90,4.65,4.90,625,52150
20220121,15:17,4.95,5.05,4.90,4.90,1225,52150
20220121,15:18,4.85,4.90,4.60,4.90,600,51600
20220121,15:19,4.75,4.75,4.75,4.75,300,51600
20220121,15:20,4.55,5.05,4.55,4.70,1275,51600
20220121,15:21,4.70,5.05,4.70,4.95,1175,50800
20220121,15:22,4.75,4.90,4.70,4.70,600,50800
20220121,15:23,4.95,4.95,4.55,4.75,425,50800
20220121,15:24,4.80,4.90,4.65,4.70,1725,50625
20220121,15:25,4.60,4.70,4.00,4.00,2750,50625
20220121,15:26,4.40,4.50,4.05,4.50,475,50625
20220121,15:27,4.50,4.55,4.50,4.50,1475,49500
20220121,15:28,4.50,4.90,4.50,4.90,2650,49500
20220121,15:29,4.90,4.95,4.35,4.35,2100,49500
20220124,09:15,7.90,7.95,4.30,5.05,802,46300
20220124,09:16,5.05,5.20,5.05,5.20,425,46300
20220124,09:17,4.95,5.05,4.55,4.95,450,46775
20220124,09:18,4.95,5.55,4.90,5.55,1675,46775
20220124,09:19,5.55,5.60,5.30,5.40,1100,46775
20220124,09:20,5.30,5.45,5.15,5.30,1225,46550
20220124,09:21,5.20,5.40,4.80,5.25,1225,46550
20220124,09:22,5.05,5.05,4.95,5.05,725,46550
20220124,09:23,4.95,5.15,4.90,5.05,500,46350
20220124,09:24,5.00,5.00,4.85,4.95,650,46350
20220124,09:25,4.85,5.50,4.80,5.30,5375,46350
20220124,09:26,5.45,5.70,5.25,5.35,650,47650
20220124,09:27,5.30,5.40,5.25,5.25,650,47650
20220124,09:28,5.50,5.50,5.25,5.40,725,47650
20220124,09:29,5.25,5.30,5.25,5.25,575,47675
20220124,09:30,5.45,5.45,4.80,5.10,2250,47675
20220124,09:31,5.25,5.40,5.20,5.40,200,47675
20220124,09:32,5.30,5.60,5.15,5.60,725,47575
20220124,09:33,5.70,5.85,5.45,5.60,4400,47575
20220124,09:34,5.75,5.75,2.70,5.45,2850,47575
20220124,09:35,5.35,5.35,5.10,5.25,675,47700
20220124,09:36,5.15,5.20,4.75,4.75,1350,47700
20220124,09:37,4.70,5.00,4.70,5.00,1025,47700
20220124,09:38,5.05,5.20,4.80,5.20,1175,46800
20220124,09:39,5.20,5.35,5.05,5.20,850,46800
20220124,09:40,5.05,5.05,4.80,4.80,425,46800
20220124,09:41,4.80,4.80,4.60,4.75,375,46350
20220124,09:42,4.60,5.15,4.60,4.95,675,46350
20220124,09:43,4.90,5.05,4.70,5.05,875,46350
20220124,09:44,5.05,5.25,4.95,4.95,250,46200
20220124,09:45,5.15,5.15,4.95,5.00,200,46200
20220124,09:46,4.95,5.05,4.85,5.05,1475,46200
20220124,09:47,5.10,5.10,4.85,4.85,1575,46250
20220124,09:48,5.05,5.05,4.85,4.90,300,46250
20220124,09:49,5.10,5.15,5.10,5.10,750,46250
20220124,09:50,5.10,5.10,5.10,5.10,125,46250
20220124,09:51,5.10,5.15,4.95,4.95,475,45925
20220124,09:52,4.95,5.30,4.95,5.05,550,45925
20220124,09:53,5.20,5.30,5.20,5.30,300,46025
20220124,09:54,5.05,5.35,5.05,5.35,100,46025
20220124,09:55,5.20,5.30,5.20,5.30,75,46025
20220124,09:56,5.20,5.55,5.20,5.40,725,46050
20220124,09:57,5.45,5.55,5.45,5.50,225,46050
20220124,09:58,5.40,5.55,5.30,5.30,800,46050
20220124,09:59,5.55,5.55,5.30,5.30,425,46050
20220124,10:01,5.05,5.10,5.00,5.00,175,45975
20220124,10:02,5.15,5.15,4.95,5.00,325,45950
20220124,10:03,5.00,5.05,5.00,5.00,450,45950
20220124,10:04,5.00,5.10,5.00,5.00,550,45950
20220124,10:05,5.00,5.00,5.00,5.00,25,46050
20220124,10:06,5.10,5.15,5.05,5.15,850,46050
20220124,10:07,5.15,5.15,5.15,5.15,250,46050
20220124,10:08,5.15,5.15,5.15,5.15,875,45725
20220124,10:09,4.95,5.10,4.90,4.90,75,45725
20220124,10:10,5.10,5.10,5.00,5.00,600,45725
20220124,10:11,5.00,5.10,4.95,4.95,1500,46000
20220124,10:12,4.90,4.95,4.80,4.80,1625,46000
20220124,10:13,4.80,4.95,4.80,4.95,450,46000
20220124,10:14,4.90,5.05,4.70,4.70,2350,44925
20220124,10:15,5.00,5.00,4.80,4.80,500,44925
20220124,10:16,4.80,4.80,4.60,4.60,425,44925
20220124,10:17,4.55,4.75,4.50,4.75,550,45350
20220124,10:18,4.65,4.65,4.65,4.65,25,45350
20220124,10:19,4.80,4.95,4.80,4.85,650,45350
20220124,10:20,4.70,4.70,4.70,4.70,200,45550
20220124,10:21,4.70,4.75,4.65,4.75,150,45550
20220124,10:23,4.80,4.85,4.80,4.80,500,45550
20220124,10:24,4.75,4.85,4.75,4.85,125,45450
20220124,10:25,4.85,4.85,4.85,4.85,25,45450
20220124,10:26,4.85,4.85,4.85,4.85,75,45450
20220124,10:27,4.75,4.75,4.75,4.75,50,45475
20220124,10:28,4.80,4.80,4.65,4.70,325,45475
20220124,10:29,4.55,4.55,4.55,4.55,75,45375
20220124,10:30,4.55,4.55,4.35,4.55,1550,45375
20220124,10:31,4.35,4.50,4.35,4.40,150,45375
20220124,10:32,4.35,4.50,4.30,4.40,450,45325
20220124,10:33,4.45,4.45,4.45,4.45,350,45325
20220124,10:34,4.45,4.50,4.45,4.50,475,45325
20220124,10:35,4.55,4.55,4.55,4.55,400,45400
20220124,10:36,4.60,4.75,4.60,4.75,200,45400
20220124,10:37,4.80,4.80,4.80,4.80,75,45400
20220124,10:38,4.50,4.55,4.50,4.55,550,45400
20220124,10:40,4.60,4.65,4.60,4.60,350,45250
20220124,10:41,4.80,4.80,4.75,4.75,100,45350
20220124,10:42,4.80,4.85,4.80,4.85,650,45350
20220124,10:43,4.85,4.95,4.80,4.95,250,45350
20220124,10:44,4.90,4.90,4.90,4.90,50,45350
20220124,10:45,4.85,4.95,4.85,4.95,75,45250
20220124,10:46,4.80,4.80,4.80,4.80,300,45250
20220124,10:47,4.80,4.80,4.60,4.70,250,44575
20220124,10:48,4.65,4.65,4.65,4.65,50,44575
20220124,10:49,4.80,4.80,4.70,4.70,275,44575
20220124,10:50,4.35,4.45,4.25,4.25,475,44675
20220124,10:51,4.30,4.30,4.10,4.30,875,44675
20220124,10:52,4.30,4.35,4.30,4.35,375,44675
20220124,10:53,4.25,4.25,4.25,4.25,175,45025
20220124,10:54,4.20,4.20,4.20,4.20,50,45025
20220124,10:55,4.30,4.30,4.20,4.20,200,45025
20220124,10:56,4.25,4.40,4.10,4.10,175,45025
20220124,10:57,4.00,4.15,4.00,4.10,1350,45000
20220124,10:58,4.25,4.30,4.15,4.15,575,45000
20220124,10:59,4.25,4.25,4.25,4.25,25,45000
20220124,11:00,4.45,4.45,4.35,4.35,1200,45075
20220124,11:01,4.35,4.50,4.35,4.50,3425,45075
20220124,11:02,4.50,4.50,4.50,4.50,25,45075
20220124,11:03,4.50,4.50,4.50,4.50,350,42425
20220124,11:04,4.35,4.50,4.35,4.50,425,42425
20220124,11:05,4.50,4.50,4.35,4.35,225,41750
20220124,11:06,4.50,4.50,4.50,4.50,75,41750
20220124,11:09,4.50,4.50,4.50,4.50,25,41725
20220124,11:10,4.45,4.55,4.35,4.55,425,41725
20220124,11:11,4.40,4.40,4.40,4.40,50,41725
20220124,11:12,4.45,4.45,4.40,4.40,125,41550
20220124,11:13,4.40,4.50,4.35,4.35,475,41550
20220124,11:14,4.50,4.50,4.50,4.50,25,41550
20220124,11:15,4.35,4.40,4.35,4.40,100,41375
20220124,11:16,4.35,4.35,4.35,4.35,400,41375
20220124,11:17,4.35,4.35,4.35,4.35,175,41375
20220124,11:18,4.40,4.40,4.35,4.35,125,40725
20220124,11:19,4.40,4.40,4.40,4.40,175,40725
20220124,11:20,4.30,4.35,4.30,4.30,650,40725
20220124,11:21,4.30,4.35,4.25,4.25,2050,40075
20220124,11:22,4.25,4.25,4.25,4.25,125,40075
20220124,11:23,4.25,4.25,4.25,4.25,150,40075
20220124,11:24,4.25,4.30,4.25,4.25,225,38375
20220124,11:25,4.25,4.30,4.25,4.30,75,38375
20220124,11:26,4.25,4.25,4.25,4.25,100,38375
20220124,11:27,4.30,4.35,4.25,4.35,150,38100
20220124,11:28,4.30,4.35,4.30,4.30,75,38100
20220124,11:29,4.30,4.30,4.30,4.30,100,38100
20220124,11:30,4.35,4.35,4.30,4.30,50,37950
20220124,11:33,4.35,4.35,4.35,4.35,25,37950
20220124,11:34,4.25,4.40,4.25,4.25,350,37925
20220124,11:35,4.45,4.45,4.45,4.45,50,37800
20220124,11:37,4.45,4.45,4.35,4.45,275,37800
20220124,11:38,4.50,4.50,4.50,4.50,150,37800
20220124,11:39,4.35,4.50,4.35,4.50,125,37775
20220124,11:40,4.50,4.50,4.25,4.25,650,37775
20220124,11:41,4.45,4.45,4.45,4.45,25,37775
20220124,11:42,4.45,4.45,4.20,4.20,550,37550
20220124,11:44,4.20,4.20,4.20,4.20,50,37550
20220124,11:45,4.20,4.50,4.20,4.35,275,37525
20220124,11:46,4.25,4.50,4.25,4.50,1300,37525
20220124,11:47,4.50,4.55,4.40,4.55,2350,37525
20220124,11:48,4.50,4.55,4.35,4.50,2300,35075
20220124,11:49,4.40,4.55,4.35,4.50,1375,35075
20220124,11:50,4.50,4.65,4.45,4.65,1325,35075
20220124,11:51,4.70,5.10,4.65,5.10,1950,34050
20220124,11:52,5.10,6.45,5.10,6.00,3800,34050
20220124,11:53,5.85,5.85,4.95,5.10,2850,34050
20220124,11:54,5.10,5.20,4.85,5.20,2000,33675
20220124,11:55,5.20,5.45,5.20,5.35,700,33675
20220124,11:56,5.30,5.45,5.15,5.15,1475,33675
20220124,11:57,5.15,5.60,5.15,5.60,1450,33675
20220124,11:58,5.65,6.20,5.60,5.95,2650,33675
20220124,11:59,5.85,6.35,5.85,6.15,3525,33675
20220124,12:00,6.10,6.35,6.00,6.15,275,34925
20220124,12:01,6.15,6.90,6.15,6.40,3100,34925
20220124,12:02,6.55,6.70,6.25,6.65,1500,34925
20220124,12:03,6.35,6.45,6.00,6.20,1300,33600
20220124,12:04,6.15,6.15,5.50,5.75,2275,33600
20220124,12:05,5.75,6.25,5.75,6.25,875,33600
20220124,12:06,6.00,6.15,6.00,6.15,400,35225
20220124,12:07,6.15,6.50,6.15,6.50,1300,35225
20220124,12:08,6.15,6.25,6.15,6.25,1325,35225
20220124,12:09,6.20,6.25,6.00,6.00,325,33525
20220124,12:10,6.10,6.15,6.10,6.15,125,33525
20220124,12:11,6.30,6.90,6.10,6.55,2350,33525
20220124,12:12,6.60,6.75,6.55,6.60,1475,33350
20220124,12:13,6.40,6.45,6.10,6.20,625,33350
20220124,12:14,6.55,6.55,6.50,6.50,500,33350
20220124,12:15,6.55,7.00,6.20,6.45,3825,33775
20220124,12:16,6.45,7.00,6.35,6.70,1175,33775
20220124,12:17,6.85,7.20,6.85,7.20,1150,33775
20220124,12:18,7.20,7.50,7.05,7.15,2200,34175
20220124,12:19,7.45,7.70,6.85,7.60,4675,34175
20220124,12:20,7.45,8.25,7.45,7.60,3450,34175
20220124,12:21,7.85,10.15,7.85,10.15,2425,33025
20220124,12:22,10.15,12.15,10.15,11.50,5900,33025
20220124,12:23,11.50,13.30,10.90,13.30,6075,33025
20220124,12:24,13.30,13.30,11.00,11.00,4850,35925
20220124,12:25,11.30,11.30,8.95,9.40,6275,35925
20220124,12:26,8.95,9.65,8.95,9.40,3275,35925
20220124,12:27,9.45,10.00,9.35,9.95,3525,35525
20220124,12:28,9.75,9.75,8.65,8.95,3725,35525
20220124,12:29,9.05,9.60,8.95,9.60,3700,35525
20220124,12:30,9.75,10.00,9.50,9.65,3675,37125
20220124,12:31,9.80,10.05,9.40,9.60,1800,37125
20220124,12:32,9.60,9.60,8.80,8.80,3900,37125
20220124,12:33,8.95,9.40,8.95,9.05,1375,36950
20220124,12:34,9.20,9.30,8.75,8.80,4000,36950
20220124,12:35,8.50,8.60,7.85,8.00,3625,36950
20220124,12:36,7.80,8.50,7.80,8.30,4100,37775
20220124,12:37,8.15,8.20,7.45,7.55,2925,37775
20220124,12:38,7.35,8.45,7.35,8.05,2725,37775
20220124,12:39,8.00,8.05,7.70,7.90,375,38500
20220124,12:40,7.90,8.15,7.85,8.05,850,38500
20220124,12:41,7.90,8.60,7.75,8.60,1600,38500
20220124,12:42,8.35,8.75,8.35,8.75,1300,38975
20220124,12:43,9.00,9.00,8.75,8.90,2375,38975
20220124,12:44,9.25,9.85,9.20,9.80,1075,38975
20220124,12:45,9.90,10.35,9.65,9.65,3650,39100
20220124,12:46,9.55,9.80,8.95,8.95,3400,39100
20220124,12:47,8.75,9.20,8.75,9.20,1975,39100
20220124,12:48,9.10,9.70,9.10,9.70,1800,39425
20220124,12:49,9.65,9.65,9.30,9.50,1150,39425
20220124,12:50,9.50,10.60,9.30,10.45,3475,39425
20220124,12:51,10.45,10.50,9.90,10.25,1975,38125
20220124,12:52,10.35,10.35,10.00,10.25,2100,38125
20220124,12:53,10.30,10.30,9.90,9.95,2825,38125
20220124,12:54,9.85,10.25,9.15,9.50,3150,40825
20220124,12:55,9.35,9.35,8.10,8.10,1225,40825
20220124,12:56,7.90,8.20,7.70,7.80,7200,40825
20220124,12:57,7.95,8.35,7.95,8.35,1175,40625
20220124,12:58,8.20,8.55,8.05,8.35,725,40625
20220124,12:59,8.50,8.75,8.35,8.70,175,40625
20220124,13:00,8.60,8.60,8.15,8.25,925,41175
20220124,13:01,8.25,8.25,7.80,7.80,1225,41175
20220124,13:02,7.85,7.95,7.25,7.25,6400,41175
20220124,13:03,7.15,7.45,7.10,7.45,5350,43425
20220124,13:04,7.20,7.50,7.10,7.25,3500,43425
20220124,13:05,7.50,8.00,7.35,7.90,2725,43425
20220124,13:06,8.00,8.05,7.55,7.55,1875,41800
20220124,13:07,7.60,7.95,7.60,7.95,850,41800
20220124,13:08,7.80,9.15,7.80,9.15,4850,41800
20220124,13:09,9.50,10.40,9.30,9.90,1400,40175
20220124,13:10,9.90,10.55,9.85,10.00,1025,40175
20220124,13:11,9.85,10.25,9.15,10.00,2800,40175
20220124,13:12,10.00,10.20,9.80,9.95,3900,41075
20220124,13:13,9.85,10.80,9.55,10.35,2000,41075
20220124,13:14,10.30,10.30,7.80,7.80,4950,41075
20220124,13:15,7.45,8.10,7.45,7.80,3175,40625
20220124,13:16,8.15,9.30,8.15,9.30,1650,40625
20220124,13:17,9.05,9.05,8.85,8.85,2475,40625
20220124,13:18,9.15,9.45,8.90,9.45,1450,40025
20220124,13:19,9.05,9.40,8.45,8.70,650,40025
20220124,13:20,8.65,9.25,8.30,9.20,950,40025
20220124,13:21,9.50,10.15,9.00,10.15,1225,40250
20220124,13:22,10.05,10.30,9.35,9.35,3100,40250
20220124,13:23,9.95,9.95,9.10,9.15,2600,40250
20220124,13:24,9.15,9.60,9.05,9.60,3025,40525
20220124,13:25,9.75,9.75,9.20,9.50,3875,40525
20220124,13:26,9.30,9.95,9.25,9.95,3300,40525
20220124,13:27,9.95,10.10,9.75,9.90,750,38575
20220124,13:28,10.10,10.10,9.90,9.95,1025,38575
20220124,13:29,9.95,9.95,9.60,9.85,700,38575
20220124,13:30,9.45,9.65,9.20,9.40,775,38350
20220124,13:31,9.60,10.00,9.60,9.80,2000,38350
20220124,13:32,9.90,10.10,9.80,9.80,2725,38350
20220124,13:33,9.85,10.10,9.50,9.80,1825,38450
20220124,13:34,9.50,9.50,8.30,8.35,6000,38450
20220124,13:35,8.50,8.65,8.40,8.60,1825,38450
20220124,13:36,8.65,9.00,8.65,8.70,725,40025
20220124,13:37,8.60,9.00,8.60,8.95,1500,40025
20220124,13:38,8.85,9.05,8.70,9.05,1375,40025
20220124,13:39,9.05,9.05,9.00,9.05,350,39575
20220124,13:40,9.05,9.45,9.05,9.40,550,39575
20220124,13:41,9.40,9.80,9.40,9.60,2825,39575
20220124,13:42,9.75,9.75,9.65,9.65,350,39575
20220124,13:43,9.70,9.75,9.30,9.55,800,38475
20220124,13:44,9.55,9.75,9.50,9.70,750,38475
20220124,13:45,9.70,9.75,9.60,9.65,850,38275
20220124,13:46,9.65,9.65,8.80,8.90,1700,38275
20220124,13:47,9.05,9.20,8.85,9.20,1325,38275
20220124,13:48,9.25,9.35,8.95,9.35,1075,37325
20220124,13:49,9.45,9.50,9.20,9.50,850,37325
20220124,13:50,9.15,9.30,8.80,8.80,2000,37325
20220124,13:51,9.00,9.40,9.00,9.40,1175,36950
20220124,13:52,9.20,9.40,9.15,9.15,600,36950
20220124,13:53,9.20,9.20,9.10,9.10,425,36950
20220124,13:54,9.15,9.15,9.00,9.10,575,37850
20220124,13:55,9.10,9.10,9.00,9.10,1600,37850
20220124,13:56,9.25,9.75,9.25,9.60,1375,37850
20220124,13:57,9.70,9.70,9.20,9.55,2400,37775
20220124,13:58,9.50,10.75,9.50,10.75,1900,37775
20220124,13:59,11.00,11.85,11.00,11.65,3575,37775
20220124,14:00,11.90,11.90,9.35,9.60,9600,37550
20220124,14:01,9.65,11.80,9.55,11.70,7775,37550
20220124,14:02,11.75,12.80,11.75,12.45,3125,37550
20220124,14:03,12.55,14.00,12.20,14.00,3825,40375
20220124,14:04,14.00,14.70,13.50,14.00,4400,40375
20220124,14:05,14.15,14.15,13.50,13.90,2725,40375
20220124,14:06,13.70,16.00,13.70,14.85,7800,38850
20220124,14:07,14.55,16.00,14.30,15.70,2400,38850
20220124,14:08,15.95,17.60,15.95,17.60,4750,38850
20220124,14:09,17.85,21.00,17.85,21.00,11225,38750
20220124,14:10,21.00,24.45,21.00,24.00,16000,38750
20220124,14:11,24.10,34.95,24.10,30.50,10950,38750
20220124,14:12,30.45,30.70,25.55,28.55,11400,39850
20220124,14:13,28.80,29.90,28.80,29.55,6850,39850
20220124,14:14,29.55,38.90,28.50,38.05,10100,39850
20220124,14:15,37.70,37.70,24.85,24.85,9600,44175
20220124,14:16,24.40,24.40,16.00,17.05,13900,44175
20220124,14:17,16.95,20.85,16.95,17.30,10175,44175
20220124,14:18,17.40,17.40,14.80,15.80,9750,41450
20220124,14:19,16.30,18.25,16.20,17.75,5425,41450
20220124,14:20,17.40,18.65,17.35,17.65,7775,41450
20220124,14:21,18.00,18.50,16.65,16.65,8600,45200
20220124,14:22,16.65,16.65,13.35,14.20,8650,45200
20220124,14:23,14.20,15.05,13.85,14.25,6125,45200
20220124,14:24,14.10,14.35,13.60,13.65,8225,44900
20220124,14:25,13.40,13.85,12.90,13.80,7700,44900
20220124,14:26,13.70,15.05,13.70,14.80,5025,44900
20220124,14:27,14.75,18.15,14.75,18.05,5725,47825
20220124,14:28,18.00,19.40,17.90,19.20,5200,47825
20220124,14:29,18.90,21.85,18.50,21.05,4275,47825
20220124,14:30,20.80,21.35,19.95,20.45,4775,50075
20220124,14:31,20.25,20.45,15.35,15.35,10725,50075
20220124,14:32,15.05,15.90,13.75,13.90,8350,50075
20220124,14:33,13.90,15.75,13.90,15.75,4175,52175
20220124,14:34,15.85,16.10,14.85,14.85,6650,52175
20220124,14:35,14.95,15.30,14.35,15.00,3075,52175
20220124,14:36,14.90,17.25,14.90,16.30,6500,51100
20220124,14:37,16.60,17.75,16.55,17.75,3500,51100
20220124,14:38,17.80,18.00,17.20,17.95,3075,51100
20220124,14:39,17.85,17.85,16.95,16.95,3500,52550
20220124,14:40,17.20,19.95,16.60,19.95,6450,52550
20220124,14:41,19.75,20.70,18.85,20.40,6525,52550
20220124,14:42,20.25,21.15,19.85,20.90,5125,52125
20220124,14:43,20.90,20.90,19.00,19.00,5025,52125
20220124,14:44,18.70,19.10,17.60,18.35,4325,52125
20220124,14:45,18.25,19.85,17.75,19.85,3225,53250
20220124,14:46,20.00,20.70,19.95,20.65,3175,53250
20220124,14:47,20.85,21.15,19.60,21.10,6175,53250
20220124,14:48,21.25,22.00,20.20,20.20,7125,54600
20220124,14:49,20.30,20.80,19.00,20.65,4675,54600
20220124,14:50,20.50,21.35,19.60,20.70,2925,54600
20220124,14:51,20.80,20.80,19.15,19.90,2650,53275
20220124,14:52,20.40,21.40,20.25,20.95,3700,53275
20220124,14:53,21.25,21.25,19.65,19.65,3125,53275
20220124,14:54,19.70,19.70,17.95,17.95,11100,55150
20220124,14:55,17.70,18.30,15.40,18.30,5150,55150
20220124,14:56,18.25,18.25,16.05,17.05,3625,55150
20220124,14:57,17.00,17.00,13.55,13.55,8400,54250
20220124,14:58,13.30,13.45,12.50,13.25,8250,54250
20220124,14:59,13.05,14.15,13.00,13.80,2700,54250
20220124,15:00,14.10,14.25,10.40,10.40,11925,53525
20220124,15:01,10.55,10.70,8.55,8.60,3650,53525
20220124,15:02,8.75,9.40,8.50,8.50,4175,53525
20220124,15:03,8.60,9.45,8.50,8.80,4300,53650
20220124,15:04,8.60,10.10,8.60,9.75,2400,53650
20220124,15:05,9.80,12.30,9.80,11.80,3875,53650
20220124,15:06,11.75,11.95,10.45,10.45,1250,55625
20220124,15:07,10.55,10.70,9.60,9.80,2600,55625
20220124,15:08,9.80,10.50,9.80,10.30,4825,55625
20220124,15:09,10.00,10.20,9.15,9.15,3075,54475
20220124,15:10,9.15,9.45,8.30,8.30,4775,54475
20220124,15:11,8.45,8.45,7.70,7.75,2900,54475
20220124,15:12,7.50,7.65,6.25,6.25,5400,50700
20220124,15:13,6.40,6.40,5.55,5.60,3625,50700
20220124,15:14,5.60,6.10,5.55,6.00,4000,50700
20220124,15:15,5.80,6.85,5.80,6.80,3625,47725
20220124,15:16,6.80,6.90,6.00,6.30,3950,47725
20220124,15:17,6.30,6.65,6.05,6.40,4950,47725
20220124,15:18,6.40,6.70,6.10,6.60,3050,44800
20220124,15:19,6.70,7.15,6.50,6.70,4125,44800
20220124,15:20,6.60,6.90,6.25,6.50,3100,44800
20220124,15:21,6.65,7.00,6.55,6.95,2150,43875
20220124,15:22,6.90,7.10,6.45,6.65,3525,43875
20220124,15:23,6.85,7.65,6.50,7.55,3750,43875
20220124,15:24,7.55,7.55,6.75,6.95,2400,43050
20220124,15:25,6.85,7.05,6.05,6.30,6050,43050
20220124,15:26,6.35,6.75,6.15,6.60,1450,43050
20220124,15:27,7.25,7.45,6.95,7.05,1300,43275
20220124,15:28,7.10,8.00,6.95,7.65,3575,43275
20220124,15:29,7.80,7.95,7.35,7.50,3775,43275
20220124,15:30,8.10,8.10,8.10,8.10,25,43275
20220125,09:15,44.70,44.70,11.85,18.40,17801,43350
20220125,09:16,18.40,18.50,13.60,15.20,18300,43350
20220125,09:17,15.15,18.45,15.15,18.45,8600,54400
20220125,09:18,18.40,20.35,18.25,20.30,13600,54400
20220125,09:19,19.95,22.80,19.90,22.10,10000,54400
20220125,09:20,22.15,24.50,22.15,22.40,14375,63375
20220125,09:21,22.40,23.05,19.10,19.30,13800,63375
20220125,09:22,19.55,19.55,17.40,18.30,9400,63375
20220125,09:23,18.40,18.45,15.50,15.60,12600,70700
20220125,09:24,15.30,17.95,14.85,17.95,10100,70700
20220125,09:25,17.95,19.15,17.30,18.90,7025,70700
20220125,09:26,19.00,19.05,17.85,18.00,6175,76750
20220125,09:27,17.80,18.95,17.40,18.50,4975,76750
20220125,09:28,18.40,19.00,18.20,19.00,11250,76750
20220125,09:29,18.95,19.30,18.75,18.85,6650,82200
20220125,09:30,18.65,20.50,18.00,20.50,7725,82200
20220125,09:31,20.40,20.65,19.80,20.05,5250,82200
20220125,09:32,20.00,20.25,19.30,19.65,5425,81750
20220125,09:33,19.70,20.00,19.00,19.80,6875,81750
20220125,09:34,19.90,20.30,19.65,20.20,6300,81750
20220125,09:35,20.25,20.55,19.85,20.10,3250,83075
20220125,09:36,19.70,19.70,18.65,18.70,4000,83075
20220125,09:37,18.95,19.10,18.30,18.30,2175,83075
20220125,09:38,18.50,18.50,17.70,17.75,4650,83100
20220125,09:39,17.80,17.80,16.05,16.10,6700,83100
20220125,09:40,16.00,16.10,14.50,14.50,5600,83100
20220125,09:41,14.60,14.60,13.85,14.15,9300,78650
20220125,09:42,14.25,15.80,14.25,15.80,7250,78650
20220125,09:43,15.85,16.35,15.70,15.95,6450,78650
20220125,09:44,15.65,15.90,15.10,15.25,6600,85900
20220125,09:45,15.25,15.30,13.25,13.25,7725,85900
20220125,09:46,13.50,13.80,13.00,13.80,5200,85900
20220125,09:47,13.95,14.15,13.40,13.90,6200,86700
20220125,09:48,13.90,14.50,13.65,14.50,5025,86700
20220125,09:49,14.50,14.55,14.00,14.10,3025,86700
20220125,09:50,13.60,13.60,12.55,12.55,8575,88200
20220125,09:51,12.45,12.85,12.30,12.75,3375,88200
20220125,09:52,12.55,12.95,12.55,12.95,3725,88200
20220125,09:53,12.95,13.55,12.95,13.50,1400,90175
20220125,09:54,13.60,13.80,13.45,13.60,925,90175
20220125,09:55,13.45,13.60,13.45,13.60,1000,90175
20220125,09:56,13.55,13.55,12.80,13.00,2800,89075
20220125,09:57,12.60,12.60,11.80,11.80,1425,89075
20220125,09:58,11.75,11.95,11.35,11.35,850,89075
20220125,09:59,11.45,11.45,10.85,11.05,3275,90975
20220125,10:00,11.05,11.05,10.40,10.70,6475,90975
20220125,10:01,10.65,11.10,10.65,11.00,1950,90975
20220125,10:02,10.80,11.40,10.65,11.40,2900,86975
20220125,10:03,11.45,12.50,11.35,12.35,3175,86975
20220125,10:04,12.55,14.00,12.50,12.75,6250,86975
20220125,10:05,12.65,12.90,11.10,11.45,6600,87275
20220125,10:06,11.45,11.50,11.00,11.15,2225,87275
20220125,10:07,11.05,11.40,11.00,11.00,1325,87275
20220125,10:08,11.05,11.60,10.95,11.60,1300,87250
20220125,10:09,11.60,12.00,11.35,12.00,1450,87250
20220125,10:10,12.05,12.75,12.00,12.75,2800,87250
20220125,10:11,13.00,13.60,13.00,13.05,7000,89725
20220125,10:12,12.95,13.30,11.90,13.20,3350,89725
20220125,10:13,13.10,13.70,12.85,12.85,2300,89725
20220125,10:14,13.00,13.00,11.05,11.05,3950,90875
20220125,10:15,11.05,11.75,10.50,10.70,4775,90875
20220125,10:16,10.40,11.35,10.15,11.35,3550,90875
20220125,10:17,11.35,12.20,11.35,11.75,1025,92425
20220125,10:18,11.75,11.75,11.30,11.70,250,92425
20220125,10:19,11.80,11.80,11.40,11.80,525,92425
20220125,10:20,11.50,11.80,11.10,11.10,2900,90125
20220125,10:21,11.30,11.40,11.10,11.35,725,90125
20220125,10:22,11.25,11.50,11.25,11.45,925,90125
20220125,10:23,11.35,11.80,11.35,11.80,1625,88675
20220125,10:24,11.75,12.55,11.75,12.20,3500,88675
20220125,10:25,12.45,12.75,11.70,12.00,1475,88675
20220125,10:26,12.35,12.55,12.10,12.55,625,89650
20220125,10:27,12.30,12.30,11.85,11.85,400,89650
20220125,10:28,12.05,12.20,11.65,11.70,2250,89650
20220125,10:29,11.65,12.20,11.55,11.70,950,88375
20220125,10:30,12.05,12.05,11.35,11.50,1125,88375
20220125,10:31,11.25,11.45,11.15,11.30,2375,88375
20220125,10:32,11.40,11.60,11.15,11.35,2225,88525
20220125,10:33,11.10,11.45,11.10,11.35,575,88525
20220125,10:34,11.25,11.45,11.05,11.45,750,88525
20220125,10:35,11.65,11.80,11.30,11.50,850,88250
20220125,10:36,11.50,11.50,11.15,11.15,100,88250
20220125,10:37,11.15,11.15,11.00,11.10,2250,88250
20220125,10:38,11.00,11.20,10.90,10.95,3175,88750
20220125,10:39,11.05,11.10,10.90,11.00,1075,88750
20220125,10:40,10.95,11.00,10.80,10.95,825,88750
20220125,10:41,10.95,11.00,10.70,10.90,2225,89200
20220125,10:42,11.00,11.00,10.45,10.45,650,89200
20220125,10:43,10.65,11.00,10.65,11.00,3450,89200
20220125,10:44,11.00,11.25,10.90,11.10,3275,88825
20220125,10:45,11.05,11.30,11.05,11.30,1425,88825
20220125,10:46,11.30,12.00,11.30,11.90,2175,88825
20220125,10:47,12.05,12.55,12.00,12.55,1350,88625
20220125,10:48,12.70,13.50,12.55,13.25,3200,88625
20220125,10:49,13.30,13.45,12.75,13.05,4600,88625
20220125,10:50,13.00,13.00,12.25,12.50,2925,84575
20220125,10:51,12.30,12.30,11.50,11.50,1275,84575
20220125,10:52,11.60,12.20,11.60,11.95,1000,84575
20220125,10:53,12.10,12.15,11.80,11.80,2150,85550
20220125,10:54,11.75,12.05,11.75,12.05,550,85550
20220125,10:55,12.10,12.35,11.85,12.05,975,85550
20220125,10:56,12.50,12.65,12.25,12.55,1600,85925
20220125,10:57,12.60,12.65,12.40,12.55,3050,85925
20220125,10:58,12.40,12.40,11.90,11.90,2100,85925
20220125,10:59,12.00,12.75,12.00,12.75,1250,89425
20220125,11:00,12.75,13.00,12.50,12.85,1600,89425
20220125,11:01,12.75,12.75,12.20,12.20,1350,89425
20220125,11:02,12.35,12.45,12.15,12.15,650,89875
20220125,11:03,12.30,12.40,11.90,12.35,1900,89875
20220125,11:04,12.50,12.70,12.25,12.60,2825,89875
20220125,11:05,12.40,12.40,11.95,12.20,1525,88725
20220125,11:06,12.35,12.35,12.15,12.30,625,88725
20220125,11:07,12.10,12.15,11.60,11.60,775,88725
20220125,11:08,11.55,11.55,11.20,11.35,2025,89050
20220125,11:09,11.30,11.50,11.30,11.50,875,89050
20220125,11:10,11.50,11.60,10.90,11.20,1675,89050
20220125,11:11,11.15,11.25,11.00,11.15,475,86975
20220125,11:12,11.00,11.20,11.00,11.20,450,86975
20220125,11:13,11.35,11.60,10.80,10.80,3775,86975
20220125,11:14,10.80,10.90,10.15,10.15,1925,87400
20220125,11:15,10.20,10.65,10.20,10.65,950,87400
20220125,11:16,10.60,10.95,10.60,10.80,650,87400
20220125,11:17,10.75,10.80,10.60,10.70,675,87250
20220125,11:18,10.60,10.70,10.50,10.50,975,87250
20220125,11:19,10.50,10.70,10.40,10.70,1050,87250
20220125,11:20,10.70,10.70,10.65,10.65,600,87250
20220125,11:21,10.70,10.70,10.60,10.60,850,86750
20220125,11:22,10.65,10.80,10.65,10.75,225,86750
20220125,11:23,10.65,10.90,10.65,10.90,1450,86000
20220125,11:24,10.80,10.80,10.40,10.40,425,86000
20220125,11:25,10.40,10.50,10.20,10.30,1725,86000
20220125,11:26,10.30,10.50,10.25,10.50,2150,87025
20220125,11:27,10.40,10.60,10.15,10.20,4325,87025
20220125,11:28,10.05,10.15,10.00,10.00,600,87025
20220125,11:29,10.10,10.20,9.90,10.20,1800,86675
20220125,11:30,10.20,10.60,10.10,10.60,1800,86675
20220125,11:31,10.30,10.90,10.30,10.90,4250,86675
20220125,11:32,10.95,11.05,10.80,10.80,2075,86675
20220125,11:33,10.75,10.75,10.45,10.55,4275,85175
20220125,11:34,10.40,10.40,10.05,10.20,875,85175
20220125,11:35,10.20,10.20,9.90,10.00,1075,83575
20220125,11:36,10.00,10.10,10.00,10.10,1525,83575
20220125,11:37,9.95,10.20,9.95,10.00,700,83575
20220125,11:38,10.05,10.05,9.90,10.00,825,83575
20220125,11:39,10.00,10.30,10.00,10.30,1150,83375
20220125,11:40,10.10,10.20,10.05,10.15,400,83375
20220125,11:41,10.35,10.35,10.20,10.20,575,83375
20220125,11:42,10.15,10.50,10.15,10.50,1700,83850
20220125,11:43,10.55,10.55,10.25,10.45,1000,83850
20220125,11:44,10.50,10.65,10.25,10.25,475,83850
20220125,11:45,10.25,10.30,9.75,9.85,3175,83750
20220125,11:46,9.90,9.90,9.70,9.75,2325,83750
20220125,11:47,9.95,10.70,9.95,10.70,3350,83750
20220125,11:48,10.60,10.80,10.55,10.75,1325,82050
20220125,11:49,10.90,10.90,10.40,10.40,1275,82050
20220125,11:50,10.40,10.50,10.40,10.50,100,82050
20220125,11:51,10.50,10.60,10.50,10.60,300,81775
20220125,11:52,10.50,10.80,10.40,10.60,1525,81775
20220125,11:53,10.60,10.70,10.50,10.70,350,81775
20220125,11:54,10.65,10.65,10.50,10.55,950,80850
20220125,11:55,10.55,10.75,10.55,10.55,950,80850
20220125,11:56,10.70,10.95,10.50,10.85,1100,80850
20220125,11:57,10.75,10.90,10.50,10.55,2025,81700
20220125,11:58,10.55,10.75,10.45,10.45,500,81700
20220125,11:59,10.35,10.45,10.30,10.35,900,81700
20220125,12:00,10.35,10.75,10.05,10.75,1800,81150
20220125,12:01,10.70,10.70,10.60,10.60,450,81150
20220125,12:02,10.90,10.90,10.60,10.65,1025,81150
20220125,12:03,10.60,10.60,10.20,10.25,625,81600
20220125,12:04,10.30,10.75,10.15,10.55,7775,81600
20220125,12:05,10.70,10.80,10.30,10.55,1525,81600
20220125,12:06,10.45,10.45,10.20,10.40,425,84275
20220125,12:07,10.25,10.25,10.15,10.15,375,84275
20220125,12:08,10.00,10.00,9.80,9.80,650,84275
20220125,12:09,9.55,9.55,9.10,9.15,4250,84500
20220125,12:10,9.15,9.35,9.15,9.20,300,84500
20220125,12:11,9.15,9.20,9.00,9.10,3200,84500
20220125,12:12,9.10,9.15,9.00,9.10,975,84125
20220125,12:13,9.05,9.45,9.05,9.25,2025,84125
20220125,12:14,9.45,9.70,9.45,9.70,1500,84125
20220125,12:15,9.70,9.70,9.40,9.60,1100,84750
20220125,12:16,9.60,9.60,9.20,9.35,2800,84750
20220125,12:17,9.30,9.45,9.20,9.40,1650,84750
20220125,12:18,9.30,9.30,9.05,9.10,2000,83525
20220125,12:19,9.20,9.25,9.10,9.10,725,83525
20220125,12:20,9.25,9.25,9.20,9.20,600,83525
20220125,12:21,9.20,9.20,9.15,9.20,425,83100
20220125,12:22,9.20,9.35,9.20,9.35,525,83100
20220125,12:23,9.40,9.50,9.40,9.40,1425,83100
20220125,12:24,9.45,9.45,9.15,9.20,925,83975
20220125,12:25,9.20,9.25,8.95,9.25,2025,83975
20220125,12:26,9.05,9.30,9.05,9.30,2425,83975
20220125,12:27,9.30,9.40,9.20,9.40,1450,82650
20220125,12:28,9.40,9.55,9.25,9.25,1475,82650
20220125,12:29,9.20,9.25,9.15,9.15,350,82650
20220125,12:30,9.15,9.50,9.10,9.50,1300,82200
20220125,12:31,9.35,9.70,9.35,9.50,3975,82200
20220125,12:32,9.55,9.65,9.35,9.35,2525,82200
20220125,12:33,9.35,9.35,9.35,9.35,2600,81400
20220125,12:34,9.35,9.35,9.25,9.25,900,81400
20220125,12:35,9.20,9.35,9.20,9.25,1975,81400
20220125,12:36,9.40,9.60,9.40,9.60,1625,79000
20220125,12:37,9.50,9.60,9.45,9.50,500,79000
20220125,12:38,9.45,9.75,9.45,9.50,650,79000
20220125,12:39,9.45,9.95,9.45,9.45,625,77325
20220125,12:40,9.45,9.55,9.30,9.50,1200,77325
20220125,12:41,9.45,9.45,9.10,9.10,2625,77325
20220125,12:42,9.10,9.25,9.10,9.25,350,75025
20220125,12:45,9.20,9.50,9.20,9.50,200,76400
20220125,12:46,9.15,9.25,9.05,9.25,900,76400
20220125,12:47,9.25,9.65,9.25,9.65,325,76400
20220125,12:48,9.60,9.80,9.60,9.70,1025,76125
20220125,12:49,9.60,9.75,9.55,9.60,500,76125
20220125,12:50,9.75,9.75,9.40,9.40,1250,76125
20220125,12:51,9.55,9.95,9.55,9.95,1150,73975
20220125,12:52,10.00,10.00,9.50,9.80,1925,73975
20220125,12:53,9.75,9.90,9.75,9.90,600,73975
20220125,12:54,9.80,9.90,9.65,9.85,325,75625
20220125,12:55,9.60,9.60,9.50,9.50,175,75625
20220125,12:56,9.50,9.80,9.50,9.75,2600,75625
20220125,12:57,9.60,9.80,9.30,9.80,750,73625
20220125,12:58,9.80,9.95,9.75,9.95,1700,73625
20220125,12:59,9.65,9.90,9.55,9.55,675,73625
20220125,13:00,9.90,10.05,9.80,9.80,600,74225
20220125,13:01,9.60,9.90,9.60,9.70,225,74225
20220125,13:02,9.50,9.65,9.50,9.65,275,74225
20220125,13:03,9.65,9.65,9.50,9.65,275,74250
20220125,13:04,9.50,9.50,9.40,9.45,325,74250
20220125,13:05,9.40,9.40,9.10,9.20,1550,74250
20220125,13:06,9.30,9.30,9.15,9.20,925,73375
20220125,13:07,9.20,9.30,9.20,9.25,125,73375
20220125,13:08,9.20,9.35,9.10,9.15,325,73375
20220125,13:09,9.25,9.25,9.05,9.05,725,72975
20220125,13:10,9.00,9.00,8.60,8.60,2525,72975
20220125,13:11,8.60,8.60,8.40,8.45,2575,72975
20220125,13:12,8.50,8.60,8.45,8.55,1175,74250
20220125,13:13,8.55,8.65,8.50,8.65,1175,74250
20220125,13:14,8.60,8.65,8.45,8.55,800,74250
20220125,13:15,8.55,8.70,8.50,8.50,1475,73250
20220125,13:16,8.55,8.60,8.35,8.35,1025,73250
20220125,13:17,8.40,8.55,8.35,8.45,1625,73250
20220125,13:18,8.40,8.55,8.35,8.55,2450,72000
20220125,13:19,8.40,8.45,8.35,8.45,1025,72000
20220125,13:20,8.45,8.50,8.35,8.45,550,72000
20220125,13:21,8.40,8.50,8.35,8.35,525,71525
20220125,13:22,8.45,8.45,8.35,8.35,375,71525
20220125,13:23,8.45,8.45,8.20,8.30,5000,71525
20220125,13:24,8.25,8.45,8.25,8.40,1675,70850
20220125,13:25,8.45,8.65,8.35,8.65,1850,70850
20220125,13:26,8.65,8.85,8.55,8.55,4325,70850
20220125,13:27,8.65,8.65,8.50,8.60,3125,70550
20220125,13:28,8.50,8.65,8.45,8.65,2225,70550
20220125,13:29,8.55,8.75,8.55,8.65,4525,70550
20220125,13:30,8.70,8.85,8.65,8.80,3200,69025
20220125,13:31,8.80,9.10,8.80,9.00,4025,69025
20220125,13:32,9.10,9.20,9.00,9.15,2400,69025
20220125,13:33,9.10,9.35,9.10,9.35,1275,69450
20220125,13:35,9.35,9.35,9.15,9.20,1650,69450
20220125,13:36,9.25,9.35,9.20,9.30,325,69550
20220125,13:37,9.30,9.30,8.85,8.95,750,69550
20220125,13:38,8.80,8.80,8.55,8.55,1125,69550
20220125,13:39,8.40,8.45,8.35,8.35,900,68150
20220125,13:40,8.30,8.40,8.30,8.30,500,68150
20220125,13:41,8.40,8.55,8.40,8.55,1650,68150
20220125,13:42,8.60,8.60,8.40,8.45,3550,66975
20220125,13:43,8.45,8.80,8.45,8.65,2850,66975
20220125,13:44,8.65,8.75,8.65,8.70,675,66975
20220125,13:45,8.70,8.90,8.65,8.85,3225,68025
20220125,13:46,8.85,9.15,8.75,9.05,675,68025
20220125,13:47,9.05,9.10,8.95,8.95,900,68025
20220125,13:48,8.95,8.95,8.30,8.30,1500,68200
20220125,13:49,8.30,8.60,8.25,8.60,1250,68200
20220125,13:50,8.60,8.60,8.40,8.45,500,68200
20220125,13:51,8.50,8.65,8.50,8.65,1200,67625
20220125,13:52,8.55,8.55,8.35,8.40,1200,67625
20220125,13:53,8.30,8.50,8.30,8.50,150,67625
20220125,13:54,8.30,8.30,8.30,8.30,275,67650
20220125,13:55,8.15,8.15,7.80,7.80,2025,67650
20220125,13:56,7.80,7.90,7.80,7.90,4125,67650
20220125,13:57,7.90,8.00,7.90,8.00,1450,66975
20220125,13:58,8.00,8.00,7.95,8.00,600,66975
20220125,13:59,7.95,7.95,7.90,7.90,750,66975
20220125,14:00,7.90,8.10,7.85,8.10,1950,65850
20220125,14:01,8.00,8.15,8.00,8.05,3625,65850
20220125,14:02,8.00,8.10,8.00,8.00,1725,65850
20220125,14:03,7.95,7.95,7.90,7.90,250,67175
20220125,14:04,7.85,7.85,7.60,7.75,1150,67175
20220125,14:05,7.75,8.00,7.70,8.00,1025,67175
20220125,14:06,7.95,8.10,7.90,8.00,7400,66600
20220125,14:07,8.00,8.15,7.85,7.85,800,66600
20220125,14:08,7.85,8.20,7.85,8.20,1625,66600
20220125,14:09,8.15,8.15,7.95,8.00,1225,67000
20220125,14:10,8.10,8.10,7.95,8.00,1475,67000
20220125,14:11,8.05,8.05,7.95,7.95,150,67000
20220125,14:12,8.05,8.05,7.95,7.95,450,67800
20220125,14:13,8.00,8.00,7.85,8.00,1100,67800
20220125,14:14,7.90,8.00,7.85,7.95,800,67800
20220125,14:15,7.90,7.90,7.80,7.85,375,65925
20220125,14:16,7.80,7.80,7.60,7.60,925,65925
20220125,14:17,7.55,7.75,7.55,7.70,1375,65925
20220125,14:18,7.70,7.80,7.70,7.75,1250,64850
20220125,14:19,7.75,7.75,7.45,7.50,5275,64850
20220125,14:20,7.45,7.45,7.30,7.40,1950,64850
20220125,14:21,7.35,7.50,7.35,7.35,2650,65275
20220125,14:22,7.40,7.45,7.35,7.35,1800,65275
20220125,14:23,7.35,7.35,7.25,7.25,250,65275
20220125,14:24,7.20,7.20,6.95,6.95,2475,65500
20220125,14:25,6.95,6.95,6.85,6.95,1975,65500
20220125,14:26,6.90,7.00,6.75,6.85,3275,65500
20220125,14:27,6.90,6.90,6.65,6.65,1400,61325
20220125,14:28,6.60,6.65,6.45,6.55,2075,61325
20220125,14:29,6.55,6.55,6.40,6.55,775,61325
20220125,14:30,6.60,6.60,6.45,6.55,675,59600
20220125,14:31,6.50,6.60,6.45,6.60,2850,59600
20220125,14:32,6.50,6.55,6.45,6.50,2200,59600
20220125,14:33,6.50,6.65,6.50,6.55,7025,58475
20220125,14:34,6.55,6.65,6.40,6.40,6750,58475
20220125,14:35,6.40,6.40,6.30,6.30,175,58475
20220125,14:36,6.30,6.30,6.25,6.30,300,60175
20220125,14:37,6.20,6.35,6.10,6.25,700,60175
20220125,14:38,6.30,6.65,6.30,6.55,1975,60175
20220125,14:39,6.55,6.55,6.20,6.20,1625,61425
20220125,14:40,6.25,6.45,6.25,6.45,975,61425
20220125,14:41,6.50,6.70,6.45,6.60,3425,61425
20220125,14:42,6.55,6.75,6.45,6.65,725,62475
20220125,14:43,6.75,6.95,6.70,6.90,1700,62475
20220125,14:44,6.95,6.95,6.65,6.75,725,62475
20220125,14:45,6.75,6.75,6.50,6.70,2575,62475
20220125,14:46,6.75,6.80,6.75,6.80,800,62475
20220125,14:47,6.85,6.85,6.65,6.70,1650,62475
20220125,14:48,6.75,6.75,6.65,6.65,2950,61775
20220125,14:49,6.45,6.70,6.45,6.60,1550,61775
20220125,14:50,6.55,6.65,6.55,6.65,1375,61775
20220125,14:51,6.75,6.75,6.60,6.60,1200,62725
20220125,14:52,6.55,6.60,6.55,6.60,1825,62725
20220125,14:53,6.50,6.55,6.35,6.35,525,62725
20220125,14:54,6.25,6.35,6.25,6.35,375,62475
20220125,14:55,6.30,6.40,6.25,6.25,300,62475
20220125,14:56,6.25,6.30,6.20,6.30,1175,62475
20220125,14:57,6.20,6.45,6.20,6.30,1625,61725
20220125,14:58,6.30,6.50,6.30,6.40,1525,61725
20220125,14:59,6.35,6.65,6.35,6.45,5700,61725
20220125,15:00,6.40,6.40,6.10,6.30,4200,67400
20220125,15:01,6.45,6.45,6.25,6.25,2125,67400
20220125,15:02,6.35,6.50,6.10,6.25,1400,67400
20220125,15:03,6.10,6.10,5.80,5.80,925,67400
20220125,15:04,5.90,5.95,5.75,5.80,2275,65975
20220125,15:05,5.85,5.85,5.60,5.60,2825,65975
20220125,15:06,5.65,5.70,5.50,5.70,1525,63325
20220125,15:07,5.65,5.70,5.45,5.45,2425,63325
20220125,15:08,5.55,5.70,5.40,5.45,2900,63325
20220125,15:09,5.45,5.60,5.45,5.50,3100,63325
20220125,15:10,5.60,5.60,5.30,5.45,1650,61350
20220125,15:11,5.40,5.40,5.20,5.35,2225,61350
20220125,15:12,5.25,5.35,5.10,5.35,2375,59825
20220125,15:13,5.30,5.35,5.20,5.20,1575,59825
20220125,15:14,5.20,5.30,5.05,5.15,6200,59825
20220125,15:15,5.25,5.25,5.00,5.15,4175,57100
20220125,15:16,5.10,5.20,5.05,5.10,1075,57100
20220125,15:17,5.10,5.15,4.80,5.15,6175,57100
20220125,15:18,5.10,5.20,5.10,5.15,2075,54600
20220125,15:19,5.15,5.40,5.05,5.40,1850,54600
20220125,15:20,5.25,5.40,5.25,5.30,2050,54600
20220125,15:21,5.25,5.40,5.25,5.40,1825,54025
20220125,15:22,5.45,5.60,5.40,5.60,2225,54025
20220125,15:23,5.60,5.70,5.40,5.55,2475,54025
20220125,15:24,5.55,5.60,5.45,5.50,2400,54725
20220125,15:25,5.55,5.75,5.45,5.55,3150,54725
20220125,15:26,5.55,5.55,5.10,5.15,3250,54725
20220125,15:27,5.15,5.15,5.00,5.05,4050,54725
20220125,15:28,4.75,5.00,4.15,4.75,6550,54200
20220125,15:29,3.80,4.70,3.80,4.00,6700,54200
20220127,09:15,4.00,24.15,2.70,2.70,2551,51100
20220127,09:16,2.65,2.85,2.00,2.50,12200,51100
20220127,09:17,2.50,2.75,2.40,2.50,1500,52125
20220127,09:18,2.40,2.65,2.35,2.65,3650,52125
20220127,09:19,2.45,2.60,2.40,2.60,4000,52125
20220127,09:20,2.70,2.70,2.40,2.55,3425,52350
20220127,09:21,2.65,2.70,2.50,2.55,1575,52350
20220127,09:22,2.50,2.75,2.50,2.65,2600,52350
20220127,09:23,2.75,2.75,2.35,2.35,2775,52400
20220127,09:24,2.30,2.40,2.20,2.30,1500,52400
20220127,09:25,2.40,2.80,2.40,2.60,20900,52400
20220127,09:26,2.55,2.75,2.50,2.70,4100,52400
20220127,09:27,2.65,2.70,2.65,2.70,975,52400
20220127,09:28,2.70,2.70,2.60,2.65,3450,52400
20220127,09:29,2.65,2.70,2.55,2.70,1675,68700
20220127,09:30,2.70,2.70,2.60,2.65,3675,68700
20220127,09:31,2.60,2.70,2.50,2.50,2875,68700
20220127,09:32,2.50,2.50,2.35,2.35,875,71425
20220127,09:33,2.40,2.45,2.35,2.40,1550,71425
20220127,09:34,2.35,2.60,2.35,2.40,1575,71425
20220127,09:35,2.45,2.45,2.15,2.15,1925,70950
20220127,09:36,2.10,2.20,2.10,2.15,225,70950
20220127,09:37,2.25,2.40,2.25,2.25,3825,70950
20220127,09:38,2.30,2.30,2.10,2.10,1725,72850
20220127,09:39,2.15,2.15,2.10,2.10,2325,72850
20220127,09:40,2.10,2.15,2.10,2.15,900,72850
20220127,09:41,2.15,2.20,2.10,2.10,4750,72975
20220127,09:42,2.10,2.20,2.10,2.10,550,72975
20220127,09:43,2.20,2.25,2.20,2.20,925,72975
20220127,09:44,2.20,2.45,2.20,2.35,1000,72875
20220127,09:45,2.35,2.35,2.25,2.25,275,72875
20220127,09:46,2.20,2.20,2.10,2.10,1100,72875
20220127,09:47,2.10,2.15,2.10,2.10,375,72875
20220127,09:48,2.05,2.10,2.05,2.10,850,71725
20220127,09:49,2.10,2.20,2.10,2.20,400,71725
20220127,09:50,2.20,2.25,2.20,2.25,225,71425
20220127,09:51,2.15,2.20,2.15,2.20,1075,71425
20220127,09:52,2.10,2.15,2.10,2.15,625,71425
20220127,09:53,2.15,2.20,2.15,2.20,1825,71425
20220127,09:54,2.15,2.30,2.15,2.20,2450,69125
20220127,09:55,2.15,2.25,2.15,2.20,2450,69125
20220127,09:56,2.25,2.25,2.10,2.20,9775,70000
20220127,09:57,2.20,2.20,2.10,2.15,3775,70000
20220127,09:58,2.10,2.20,2.10,2.15,5200,70000
20220127,09:59,2.20,2.30,2.15,2.30,5975,70000
20220127,10:00,2.30,2.35,2.25,2.35,2600,72900
20220127,10:01,2.30,2.35,2.25,2.25,5400,72900
20220127,10:02,2.25,2.25,2.10,2.10,2550,72875
20220127,10:03,2.10,2.10,2.10,2.10,275,72875
20220127,10:04,2.20,2.20,2.20,2.20,25,72875
20220127,10:05,2.10,2.10,1.95,1.95,2350,72650
20220127,10:06,1.95,2.00,1.95,2.00,475,72650
20220127,10:07,1.95,1.95,1.85,1.85,300,72650
20220127,10:08,1.85,1.90,1.80,1.80,600,72275
20220127,10:09,1.75,1.75,1.60,1.70,1150,72275
20220127,10:10,1.75,1.75,1.70,1.70,125,72275
20220127,10:11,1.80,1.95,1.75,1.80,1150,72200
20220127,10:12,1.80,1.80,1.75,1.75,1425,72200
20220127,10:13,1.70,1.75,1.70,1.75,675,72200
20220127,10:14,1.75,1.75,1.70,1.70,100,72200
20220127,10:15,1.70,1.75,1.70,1.75,200,71850
20220127,10:16,1.75,1.90,1.75,1.90,225,71850
20220127,10:17,1.85,1.90,1.85,1.90,225,71850
20220127,10:20,1.90,1.90,1.75,1.75,450,71700
20220127,10:21,1.75,1.75,1.75,1.75,75,71700
20220127,10:22,1.70,1.70,1.70,1.70,50,71700
20220127,10:23,1.70,1.75,1.70,1.75,700,71675
20220127,10:24,1.70,1.70,1.70,1.70,25,71675
20220127,10:25,1.70,1.75,1.70,1.75,1150,71675
20220127,10:26,1.65,1.70,1.65,1.70,1475,69650
20220127,10:27,1.60,1.65,1.60,1.60,1650,69650
20220127,10:28,1.65,1.70,1.65,1.70,875,69650
20220127,10:29,1.65,1.70,1.65,1.70,525,69650
20220127,10:31,1.65,1.65,1.65,1.65,100,68300
20220127,10:32,1.70,1.70,1.65,1.65,575,68575
20220127,10:33,1.65,1.65,1.55,1.55,775,68575
20220127,10:34,1.55,1.60,1.55,1.60,75,68575
20220127,10:35,1.55,1.55,1.55,1.55,50,68600
20220127,10:36,1.60,1.70,1.60,1.70,975,68600
20220127,10:37,1.70,1.70,1.70,1.70,250,68600
20220127,10:38,1.75,1.75,1.70,1.75,425,67900
20220127,10:39,1.70,1.80,1.65,1.80,425,67900
20220127,10:40,1.75,1.75,1.75,1.75,225,67900
20220127,10:41,1.70,1.70,1.70,1.70,175,67900
20220127,10:42,1.70,1.70,1.70,1.70,100,67525
20220127,10:43,1.75,1.90,1.75,1.80,700,67525
20220127,10:44,1.80,1.85,1.80,1.85,250,67525
20220127,10:45,1.90,2.00,1.90,2.00,3450,67075
20220127,10:46,1.95,1.95,1.95,1.95,25,67075
20220127,10:47,1.95,1.95,1.90,1.90,100,67075
20220127,10:48,1.85,1.85,1.75,1.75,2075,66900
20220127,10:49,1.70,1.70,1.70,1.70,300,66900
20220127,10:50,1.75,1.75,1.75,1.75,400,66900
20220127,10:51,1.70,1.80,1.70,1.80,850,67100
20220127,10:52,1.80,1.80,1.65,1.70,2575,67100
20220127,10:53,1.65,1.65,1.60,1.60,100,67100
20220127,10:54,1.55,1.55,1.55,1.55,100,66525
20220127,10:55,1.40,1.45,1.35,1.35,1225,66525
20220127,10:56,1.35,1.35,1.35,1.35,275,66525
20220127,10:57,1.35,1.35,1.30,1.30,600,66625
20220127,10:58,1.30,1.50,1.30,1.40,1800,66625
20220127,10:59,1.40,1.40,1.35,1.35,1750,66300
20220127,11:00,1.35,1.45,1.30,1.40,675,66300
20220127,11:01,1.45,1.45,1.35,1.35,825,66300
20220127,11:02,1.40,1.40,1.30,1.40,600,65975
20220127,11:03,1.40,1.45,1.35,1.45,125,65975
20220127,11:04,1.45,1.45,1.45,1.45,25,65975
20220127,11:05,1.40,1.50,1.40,1.45,375,65975
20220127,11:06,1.45,1.50,1.40,1.45,1475,66000
20220127,11:07,1.35,1.35,1.35,1.35,200,66000
20220127,11:08,1.40,1.50,1.40,1.45,425,66000
20220127,11:09,1.45,1.50,1.45,1.50,150,65925
20220127,11:10,1.45,1.45,1.45,1.45,75,65925
20220127,11:12,1.45,1.45,1.45,1.45,525,64950
20220127,11:13,1.45,1.45,1.45,1.45,400,64950
20220127,11:15,1.40,1.60,1.40,1.60,475,64950
20220127,11:16,1.60,1.65,1.60,1.65,400,64950
20220127,11:18,1.55,1.60,1.55,1.55,1475,65475
20220127,11:19,1.55,1.55,1.55,1.55,25,65475
20220127,11:20,1.45,1.45,1.45,1.45,25,65475
20220127,11:22,1.35,1.40,1.35,1.35,250,65300
20220127,11:23,1.45,1.50,1.45,1.45,1175,65300
20220127,11:24,1.50,1.60,1.50,1.60,850,65325
20220127,11:25,1.55,1.55,1.50,1.55,125,65325
20220127,11:27,1.60,1.75,1.55,1.60,650,64650
20220127,11:28,1.60,1.65,1.55,1.60,450,64650
20220127,11:29,1.65,1.75,1.60,1.60,975,64650
20220127,11:30,1.60,1.65,1.50,1.55,400,64400
20220127,11:31,1.55,1.55,1.50,1.50,150,64400
20220127,11:32,1.50,1.55,1.50,1.55,225,64400
20220127,11:33,1.55,1.55,1.55,1.55,50,64700
20220127,11:34,1.55,1.65,1.55,1.65,750,64700
20220127,11:35,1.65,1.65,1.65,1.65,350,64700
20220127,11:36,1.60,1.60,1.45,1.50,1100,64325
20220127,11:37,1.45,1.45,1.40,1.40,50,64325
20220127,11:38,1.35,1.35,1.30,1.30,700,64325
20220127,11:39,1.25,1.25,1.25,1.25,1300,64850
20220127,11:40,1.25,1.25,1.05,1.10,1875,64850
20220127,11:41,1.05,1.05,1.05,1.05,50,64850
20220127,11:42,1.10,1.10,1.05,1.05,75,65450
20220127,11:43,1.10,1.20,1.10,1.15,825,65450
20220127,11:44,1.10,1.20,1.10,1.20,400,65450
20220127,11:45,1.15,1.25,1.15,1.20,1200,64475
20220127,11:46,1.25,1.25,1.20,1.20,375,64475
20220127,11:47,1.20,1.40,1.20,1.30,1575,64475
20220127,11:48,1.35,1.65,1.35,1.60,1400,63400
20220127,11:49,1.55,1.65,1.55,1.65,350,63400
20220127,11:50,1.60,1.60,1.60,1.60,125,63525
20220127,11:52,1.55,1.55,1.40,1.40,650,63475
20220127,11:53,1.35,1.35,1.35,1.35,225,63475
20220127,11:54,1.25,1.35,1.25,1.35,825,63750
20220127,11:55,1.60,1.60,1.50,1.50,850,63250
20220127,11:56,1.50,1.50,1.50,1.50,175,63250
20220127,11:57,1.55,1.60,1.55,1.55,375,63050
20220127,11:58,1.55,1.60,1.55,1.60,400,63075
20220127,11:59,1.60,1.60,1.50,1.50,150,63075
20220127,12:00,1.60,1.60,1.50,1.55,175,62875
20220127,12:01,1.50,1.50,1.35,1.40,1825,62875
20220127,12:02,1.35,1.35,1.35,1.35,275,63850
20220127,12:03,1.20,1.25,1.15,1.25,1175,63875
20220127,12:04,1.25,1.45,1.20,1.20,525,63875
20220127,12:05,1.25,1.35,1.15,1.25,850,63925
20220127,12:06,1.15,1.25,1.15,1.15,550,63925
20220127,12:07,1.20,1.30,1.20,1.30,2075,63425
20220127,12:08,1.25,1.35,1.25,1.35,250,63425
20220127,12:09,1.35,1.35,1.25,1.25,275,63275
20220127,12:10,1.25,1.25,1.25,1.25,125,63275
20220127,12:11,1.40,1.40,1.30,1.30,125,63475
20220127,12:12,1.30,1.30,1.30,1.30,50,63525
20220127,12:13,1.35,1.35,1.25,1.35,150,63525
20220127,12:14,1.30,1.35,1.30,1.30,175,63475
20220127,12:15,1.30,1.35,1.25,1.35,525,63475
20220127,12:16,1.35,1.35,1.35,1.35,25,63550
20220127,12:17,1.35,1.35,1.35,1.35,325,63525
20220127,12:18,1.35,1.40,1.30,1.30,2800,63525
20220127,12:19,1.40,1.40,1.15,1.25,175,61600
20220127,12:20,1.30,1.30,1.10,1.20,250,61600
20220127,12:21,1.10,1.20,1.10,1.20,575,61700
20220127,12:22,1.10,1.15,1.05,1.15,350,61700
20220127,12:23,1.10,1.10,1.00,1.05,1475,61875
20220127,12:24,1.05,1.05,1.05,1.05,275,61850
20220127,12:25,1.05,1.10,1.00,1.10,300,61850
20220127,12:26,1.05,1.10,1.05,1.10,1025,61375
20220127,12:27,1.00,1.10,1.00,1.10,275,61375
20220127,12:28,1.00,1.10,1.00,1.10,300,60425
20220127,12:29,1.10,1.10,1.00,1.10,175,60425
20220127,12:30,1.05,1.05,1.05,1.05,50,60025
20220127,12:31,0.95,0.95,0.95,0.95,100,60025
20220127,12:32,0.95,1.00,0.95,1.00,200,59975
20220127,12:33,0.95,0.95,0.85,0.85,200,59875
20220127,12:34,0.85,0.95,0.85,0.95,725,59875
20220127,12:35,1.00,1.15,1.00,1.15,900,59150
20220127,12:36,1.05,1.20,1.05,1.20,475,59150
20220127,12:37,1.30,1.35,1.25,1.25,525,59150
20220127,12:38,1.30,1.30,1.30,1.30,150,59150
20220127,12:39,1.30,1.30,1.20,1.20,400,59175
20220127,12:40,1.05,1.05,1.05,1.05,250,59175
20220127,12:41,0.95,0.95,0.95,0.95,400,59325
20220127,12:42,0.95,1.00,0.85,0.90,675,59325
20220127,12:43,0.90,1.00,0.90,1.00,525,58875
20220127,12:44,0.95,1.20,0.95,1.15,425,58825
20220127,12:46,1.25,1.25,1.25,1.25,250,58625
20220127,12:47,1.05,1.15,1.05,1.15,400,58625
20220127,12:48,1.10,1.25,1.10,1.10,550,58350
20220127,12:49,1.05,1.30,1.00,1.10,425,58250
20220127,12:50,1.30,1.30,1.30,1.30,50,58250
20220127,12:51,1.10,1.10,1.05,1.05,125,58250
20220127,12:52,1.05,1.05,0.95,0.95,200,58200
20220127,12:53,1.00,1.15,1.00,1.15,75,58200
20220127,12:54,1.20,1.20,1.20,1.20,200,58200
20220127,12:55,1.10,1.10,1.10,1.10,50,58175
20220127,12:57,1.20,1.20,1.10,1.10,1725,58425
20220127,12:58,1.05,1.05,1.05,1.05,25,59350
20220127,12:59,1.05,1.05,1.05,1.05,350,59350
20220127,13:00,1.20,1.20,1.15,1.15,1075,59000
20220127,13:01,1.20,1.30,1.20,1.25,925,59000
20220127,13:02,1.25,1.25,1.25,1.25,125,57975
20220127,13:03,1.20,1.45,1.20,1.35,950,57975
20220127,13:04,1.40,1.40,1.05,1.05,925,57650
20220127,13:05,0.85,0.95,0.85,0.85,1200,57650
20220127,13:06,1.00,1.15,0.95,1.15,150,57575
20220127,13:07,1.15,1.40,1.15,1.35,900,57500
20220127,13:08,1.40,1.40,1.35,1.40,225,57500
20220127,13:09,1.40,1.40,1.05,1.15,950,57750
20220127,13:10,1.10,1.10,1.00,1.10,725,57750
20220127,13:11,1.10,1.30,1.10,1.30,975,57925
20220127,13:12,1.30,1.35,1.30,1.35,100,57925
20220127,13:13,1.50,1.50,1.50,1.50,500,57925
20220127,13:14,1.40,1.40,1.15,1.15,375,57550
20220127,13:15,1.25,1.35,1.25,1.35,2650,57975
20220127,13:16,1.25,1.25,1.15,1.15,200,57975
20220127,13:17,1.15,1.15,1.05,1.05,2750,57875
20220127,13:18,1.10,1.15,1.00,1.15,1125,57875
20220127,13:19,1.05,1.15,1.05,1.15,250,60075
20220127,13:20,1.15,1.45,1.15,1.25,3225,60075
20220127,13:21,1.25,1.25,1.15,1.20,575,60100
20220127,13:22,1.20,1.20,1.05,1.05,450,60100
20220127,13:23,1.10,1.25,1.05,1.10,1925,57475
20220127,13:24,1.10,1.10,1.00,1.10,300,57475
20220127,13:26,1.10,1.10,1.05,1.05,1000,57525
20220127,13:27,1.15,1.15,1.05,1.15,250,57525
20220127,13:28,1.05,1.10,1.05,1.05,675,57325
20220127,13:29,1.10,1.15,1.00,1.10,1450,57325
20220127,13:30,1.00,1.20,1.00,1.20,425,57575
20220127,13:31,1.10,1.10,1.00,1.05,1100,57575
20220127,13:32,1.05,1.15,1.05,1.15,1150,57575
20220127,13:34,1.10,1.10,1.00,1.10,825,57750
20220127,13:35,1.10,1.10,0.95,0.95,1500,57750
20220127,13:36,1.00,1.00,0.90,0.90,600,57300
20220127,13:37,1.00,1.10,1.00,1.10,725,57300
20220127,13:38,1.00,1.10,1.00,1.05,525,56675
20220127,13:39,1.10,1.10,0.75,0.75,700,56675
20220127,13:40,0.80,0.85,0.75,0.75,400,56075
20220127,13:41,0.85,0.85,0.85,0.85,50,56075
20220127,13:42,0.75,0.75,0.75,0.75,700,56400
20220127,13:43,0.75,0.75,0.75,0.75,1400,57025
20220127,13:44,0.75,0.75,0.75,0.75,250,57025
20220127,13:45,0.75,0.80,0.75,0.75,1750,58725
20220127,13:46,0.75,0.75,0.75,0.75,2275,58725
20220127,13:47,0.75,0.75,0.75,0.75,450,62050
20220127,13:48,0.75,0.75,0.55,0.65,1375,62050
20220127,13:49,0.65,0.65,0.60,0.65,75,61750
20220127,13:50,0.70,0.70,0.65,0.65,100,61750
20220127,13:51,0.75,0.75,0.75,0.75,50,61675
20220127,13:52,0.65,0.65,0.65,0.65,75,61675
20220127,13:53,0.65,0.70,0.65,0.70,125,61675
20220127,13:54,0.70,0.85,0.70,0.85,1325,61675
20220127,13:55,0.75,0.75,0.70,0.70,450,61375
20220127,13:56,0.70,1.00,0.70,0.75,875,61100
20220127,13:57,0.85,1.00,0.85,1.00,175,61100
20220127,13:58,1.00,1.00,1.00,1.00,50,61100
20220127,13:59,1.05,1.05,1.05,1.05,250,61275
20220127,14:00,1.05,1.15,0.95,1.05,1000,60900
20220127,14:01,1.05,1.05,0.90,0.90,725,60900
20220127,14:02,0.85,0.85,0.75,0.75,125,60875
20220127,14:03,0.75,0.90,0.70,0.70,1425,60875
20220127,14:04,0.75,0.85,0.75,0.85,275,60850
20220127,14:05,0.80,0.90,0.80,0.90,650,60850
20220127,14:06,0.90,0.90,0.90,0.90,350,59625
20220127,14:07,0.95,0.95,0.95,0.95,125,59625
20220127,14:08,1.00,1.00,1.00,1.00,150,60475
20220127,14:09,1.00,1.00,1.00,1.00,75,60475
20220127,14:11,1.15,1.15,1.15,1.15,1550,60475
20220127,14:12,1.00,1.00,0.95,0.95,425,60475
20220127,14:14,1.05,1.10,1.00,1.00,550,58975
20220127,14:15,1.00,1.05,0.90,0.90,475,59350
20220127,14:16,0.90,1.00,0.80,0.80,3350,59350
20220127,14:18,0.80,0.85,0.75,0.75,800,60675
20220127,14:19,0.95,0.95,0.75,0.75,2400,60675
20220127,14:21,0.85,0.85,0.70,0.75,275,61400
20220127,14:23,0.70,0.70,0.65,0.65,1050,61325
20220127,14:24,0.65,0.65,0.55,0.55,775,61325
20220127,14:25,0.65,0.65,0.55,0.65,1000,61625
20220127,14:26,0.55,0.55,0.55,0.55,25,61625
20220127,14:27,0.50,0.55,0.50,0.55,900,61550
20220127,14:28,0.60,0.60,0.55,0.60,825,61550
20220127,14:29,0.60,0.60,0.50,0.60,1350,60625
20220127,14:30,0.50,0.50,0.50,0.50,100,60625
20220127,14:31,0.60,0.60,0.50,0.60,475,60100
20220127,14:32,0.50,0.50,0.50,0.50,75,60100
20220127,14:33,0.55,0.55,0.55,0.55,125,60100
20220127,14:34,0.45,0.45,0.45,0.45,50,60125
20220127,14:35,0.45,0.45,0.45,0.45,50,60125
20220127,14:37,0.40,0.40,0.35,0.35,1350,60200
20220127,14:40,0.45,0.45,0.35,0.35,2150,59150
20220127,14:41,0.30,0.60,0.10,0.60,12150,54475
20220127,14:42,0.10,0.10,0.10,0.10,1100,54475
20220127,14:43,0.40,0.40,0.10,0.30,450,48700
20220127,14:44,0.30,0.30,0.15,0.15,2425,48700
20220127,14:45,0.10,0.30,0.10,0.10,1450,46200
20220127,14:46,0.15,0.15,0.15,0.15,100,46200
20220127,14:47,0.10,0.10,0.10,0.10,25,46200
20220127,14:49,0.10,0.10,0.10,0.10,250,45200
20220127,14:51,0.55,0.55,0.15,0.15,450,45200
20220127,14:52,0.45,0.45,0.20,0.45,325,45200
20220127,14:53,0.25,0.45,0.10,0.45,825,45050
20220127,14:54,0.45,0.45,0.15,0.20,1475,45050
20220127,14:55,0.25,0.25,0.10,0.10,75,45400
20220127,14:56,0.15,0.15,0.10,0.10,125,45400
20220127,14:57,0.10,0.15,0.10,0.10,1925,45550
20220127,14:58,0.10,0.10,0.10,0.10,25,45550
20220127,15:00,0.10,0.10,0.10,0.10,50,44825
20220127,15:01,0.10,0.10,0.10,0.10,50,44825
20220127,15:02,0.10,0.10,0.05,0.05,2175,44825
20220127,15:03,0.05,0.05,0.05,0.05,50,44575
20220127,15:04,0.10,0.10,0.10,0.10,50,44575
20220127,15:05,0.15,0.20,0.05,0.20,125,44475
20220127,15:06,0.20,0.20,0.05,0.05,1675,44475
20220127,15:07,0.05,0.05,0.05,0.05,225,44300
20220127,15:09,0.30,0.30,0.15,0.15,50,44275
20220127,15:10,0.20,0.25,0.20,0.25,275,44275
20220127,15:11,0.25,0.25,0.25,0.25,150,44225
20220127,15:12,0.10,0.30,0.05,0.05,1775,44225
20220127,15:13,0.05,0.25,0.05,0.25,725,43225
20220127,15:14,0.15,0.30,0.10,0.25,1450,43225
20220127,15:15,0.05,0.10,0.05,0.10,6100,42850
20220127,15:16,0.10,0.10,0.05,0.10,1550,42850
20220127,15:18,0.05,0.05,0.05,0.05,75,42000
20220127,15:19,0.05,0.05,0.05,0.05,150,42000
20220127,15:20,0.05,0.15,0.05,0.05,2850,42000
20220127,15:21,0.10,0.10,0.10,0.10,50,42000
20220127,15:22,0.05,0.05,0.05,0.05,75,41950
20220127,15:23,0.15,0.15,0.05,0.05,325,41950
20220127,15:24,0.05,0.05,0.05,0.05,400,41950
20220127,15:25,0.10,0.10,0.05,0.05,125,41950
20220127,15:26,0.05,0.05,0.05,0.05,200,41950
20220127,15:27,0.10,0.10,0.05,0.10,725,41450
20220127,15:28,0.10,0.10,0.10,0.10,100,41450
