20201109,10:10,838.75,838.75,838.75,838.75,26,25
20201109,10:11,844.75,844.75,844.75,844.75,25,25
20201109,10:14,852.00,852.00,852.00,852.00,25,25
20201109,10:15,869.45,869.45,869.45,869.45,25,75
20201109,10:16,869.45,869.45,860.75,860.75,50,75
20201109,10:17,866.45,866.45,866.45,866.45,25,150
20201109,10:18,867.85,867.85,867.85,867.85,25,150
20201109,10:19,880.90,880.90,880.90,880.90,50,150
20201109,10:20,867.65,867.65,860.45,860.45,50,250
20201109,10:22,871.55,871.55,871.55,871.55,25,250
20201109,10:24,890.95,890.95,890.95,890.95,25,300
20201109,10:25,890.95,890.95,868.35,868.35,50,300
20201109,10:28,877.00,877.00,877.00,877.00,25,350
20201109,10:30,876.35,876.35,876.35,876.35,25,350
20201109,10:33,889.25,889.25,887.45,887.45,50,350
20201109,10:39,889.35,889.35,889.35,889.35,25,400
20201109,10:42,907.70,907.70,907.70,907.70,50,425
20201109,10:50,997.00,997.00,997.00,997.00,25,450
20201109,10:56,997.00,997.00,997.00,997.00,50,450
20201109,11:03,999.35,999.35,999.35,999.35,25,475
20201109,11:04,999.35,999.35,999.35,999.35,25,475
20201109,11:05,999.30,999.30,999.30,999.30,25,475
20201109,11:12,926.30,926.30,926.30,926.30,25,475
20201109,11:22,996.50,996.50,996.50,996.50,25,500
20201109,13:56,816.75,816.75,816.75,816.75,25,475
20201109,14:11,816.75,816.75,816.75,816.75,25,475
20201109,14:15,843.85,843.85,843.85,843.85,25,500
20201109,14:16,877.05,877.05,877.05,877.05,50,500
20201109,14:30,837.05,837.05,837.05,837.05,25,525
20201109,14:33,813.65,813.65,813.65,813.65,25,550
20201109,14:34,794.45,794.45,794.45,794.45,25,550
20201109,14:36,794.45,794.45,794.45,794.45,25,550
20201109,14:40,786.05,786.05,767.95,767.95,100,575
20201109,14:41,756.05,756.05,756.05,756.05,25,575
20201109,14:42,756.05,756.05,756.05,756.05,25,600
20201109,14:49,780.05,780.05,780.05,780.05,25,550
20201109,14:52,777.80,777.80,777.80,777.80,25,575
20201109,14:54,791.95,791.95,791.95,791.95,25,575
20201109,15:01,759.65,759.65,759.65,759.65,25,575
20201109,15:10,772.85,775.15,772.85,775.15,50,600
20201109,15:27,735.35,735.35,735.35,735.35,25,600
20201109,15:29,719.35,719.35,719.35,719.35,50,600
20201110,09:16,454.45,522.05,454.45,522.05,126,625
20201110,09:18,546.00,572.10,546.00,572.10,50,625
20201110,09:19,572.10,572.10,541.45,552.25,300,625
20201110,09:21,529.20,548.35,529.20,548.35,150,700
20201110,09:22,573.30,573.30,564.00,564.00,100,700
20201110,09:23,580.70,584.25,578.40,578.40,150,925
20201110,09:24,586.75,587.95,586.75,587.95,75,925
20201110,09:25,580.00,580.00,577.15,577.15,50,925
20201110,09:26,591.55,591.55,591.55,591.55,50,950
20201110,09:27,570.00,570.00,570.00,570.00,50,950
20201110,09:30,566.30,566.30,566.30,566.30,25,950
20201110,09:33,568.75,568.75,568.75,568.75,25,1075
20201110,09:34,574.65,574.65,574.65,574.65,25,1075
20201110,09:35,574.10,574.10,574.10,574.10,25,1075
20201110,09:38,560.60,560.60,560.60,560.60,100,1050
20201110,09:40,555.15,555.15,545.35,545.35,100,1050
20201110,09:41,529.15,529.15,523.00,523.00,75,1025
20201110,09:42,500.00,500.00,487.15,495.20,400,1025
20201110,09:44,499.60,499.60,499.60,499.60,25,1025
20201110,09:45,476.90,476.90,476.90,476.90,25,1325
20201110,09:46,486.45,498.35,486.45,498.35,50,1325
20201110,09:48,498.00,498.00,498.00,498.00,25,1300
20201110,09:49,497.40,497.40,497.40,497.40,25,1300
20201110,09:50,497.45,497.45,482.00,482.00,75,1325
20201110,09:53,485.60,485.60,485.60,485.60,100,1375
20201110,09:56,501.00,501.00,501.00,501.00,25,1275
20201110,09:57,500.00,500.00,500.00,500.00,175,1275
20201110,09:58,495.15,495.15,490.55,490.55,50,1275
20201110,10:03,493.00,493.00,490.00,493.00,100,1475
20201110,10:08,500.55,500.55,500.55,500.55,25,1475
20201110,10:09,493.00,493.70,493.00,493.70,75,1525
20201110,10:10,475.00,475.00,472.35,474.35,300,1525
20201110,10:11,472.10,472.10,472.10,472.10,25,1700
20201110,10:12,468.25,468.25,468.25,468.25,25,1700
20201110,10:13,471.65,471.65,468.00,468.00,125,1700
20201110,10:14,454.45,454.45,454.45,454.45,25,1700
20201110,10:17,472.00,472.00,472.00,472.00,50,1700
20201110,10:19,478.70,478.70,478.70,478.70,25,1650
20201110,10:20,480.80,480.80,480.80,480.80,25,1650
20201110,10:21,490.05,497.40,490.05,497.40,50,1650
20201110,10:25,488.90,488.90,488.90,488.90,25,1675
20201110,10:27,497.00,497.00,495.00,495.00,75,1650
20201110,10:30,485.00,485.00,485.00,485.00,100,1600
20201110,10:33,477.15,477.15,473.05,473.05,150,1700
20201110,10:34,474.40,474.40,460.55,460.55,650,1700
20201110,10:35,461.85,464.50,461.85,464.50,250,1700
20201110,10:36,465.60,465.60,460.00,460.00,75,2300
20201110,10:38,463.30,467.00,463.30,467.00,325,2350
20201110,10:39,461.20,461.20,461.20,461.20,25,2350
20201110,10:40,457.90,457.90,454.85,454.85,125,2350
20201110,10:42,457.00,457.00,457.00,457.00,25,2550
20201110,10:45,457.00,460.00,457.00,460.00,50,2700
20201110,10:46,464.35,464.95,464.35,464.95,50,2700
20201110,10:48,460.00,460.00,460.00,460.00,25,2500
20201110,10:49,438.70,438.70,438.70,438.70,275,2500
20201110,10:51,434.10,434.10,430.00,430.00,200,2675
20201110,10:54,430.00,436.20,430.00,436.20,50,2825
20201110,10:56,437.35,440.10,437.35,440.10,50,2825
20201110,10:57,443.70,443.70,443.70,443.70,25,2825
20201110,10:58,430.60,431.70,430.60,431.70,75,2825
20201110,10:59,422.75,422.75,422.75,422.75,75,2875
20201110,11:00,422.75,428.25,422.75,428.25,75,2875
20201110,11:01,425.00,425.00,425.00,425.00,25,2875
20201110,11:02,416.75,416.75,413.00,413.00,350,2950
20201110,11:03,411.85,411.85,411.85,411.85,75,2950
20201110,11:05,411.00,411.00,411.00,411.00,25,2950
20201110,11:06,411.00,411.00,411.00,411.00,50,2975
20201110,11:07,418.95,418.95,418.95,418.95,25,2975
20201110,11:10,426.90,426.90,426.90,426.90,50,2975
20201110,11:12,432.40,432.40,432.40,432.40,25,3025
20201110,11:13,426.90,429.90,426.90,429.90,75,3025
20201110,11:14,434.05,434.05,434.05,434.05,25,3025
20201110,11:15,432.00,432.00,425.35,425.35,100,3025
20201110,11:16,425.55,425.55,416.25,416.25,50,3025
20201110,11:17,420.75,422.00,420.75,422.00,50,3025
20201110,11:18,426.05,426.05,422.00,423.15,150,3075
20201110,11:21,423.00,423.00,423.00,423.00,25,3200
20201110,11:22,421.25,427.15,421.25,427.15,50,3200
20201110,11:23,432.65,432.65,432.65,432.65,25,3200
20201110,11:24,435.00,450.00,435.00,450.00,150,3250
20201110,11:25,453.50,453.50,453.50,453.50,50,3250
20201110,11:26,453.50,453.50,444.40,444.40,50,3250
20201110,11:27,440.00,440.00,440.00,440.00,75,3225
20201110,11:30,438.50,438.50,438.50,438.50,25,3175
20201110,11:31,436.80,440.00,436.80,440.00,50,3175
20201110,11:42,456.00,456.00,456.00,456.00,1000,3175
20201110,11:43,442.25,442.25,442.25,442.25,50,3175
20201110,11:44,440.10,441.90,439.55,441.90,75,4000
20201110,11:45,444.70,444.70,441.00,441.00,50,4000
20201110,11:49,455.40,455.40,455.40,455.40,25,4000
20201110,11:50,462.85,470.40,458.55,460.35,125,4050
20201110,11:51,460.35,465.45,452.95,452.95,200,4050
20201110,11:53,461.55,465.00,461.55,465.00,75,4150
20201110,11:55,460.00,460.00,460.00,460.00,25,4150
20201110,11:57,448.35,448.35,448.35,448.35,25,4125
20201110,12:00,436.05,436.05,431.65,431.65,75,4125
20201110,12:12,429.95,429.95,429.95,429.95,25,4150
20201110,12:16,432.00,436.25,432.00,436.25,525,4150
20201110,12:17,436.25,436.25,436.25,436.25,25,4150
20201110,12:18,434.65,434.65,434.65,434.65,25,4450
20201110,12:20,432.00,432.00,432.00,432.00,25,4450
20201110,12:21,420.00,420.00,420.00,420.00,25,4175
20201110,12:22,421.55,421.55,421.55,421.55,25,4175
20201110,12:24,435.30,435.30,435.30,435.30,525,4175
20201110,12:26,422.70,422.70,422.70,422.70,25,4175
20201110,12:32,420.45,420.45,420.45,420.45,25,4075
20201110,12:33,420.45,420.45,420.45,420.45,25,4100
20201110,12:34,421.05,421.05,421.05,421.05,50,4100
20201110,12:35,416.05,416.05,416.05,416.05,25,4100
20201110,12:36,422.10,422.10,422.10,422.10,25,4200
20201110,12:37,420.10,421.60,418.55,421.60,125,4200
20201110,12:38,412.10,415.70,411.85,411.85,150,4200
20201110,12:42,422.00,422.00,419.40,419.40,75,4375
20201110,12:47,419.40,419.40,419.40,419.40,25,4350
20201110,12:50,398.50,398.50,398.50,398.50,200,4375
20201110,12:54,408.60,408.60,402.55,402.55,150,4350
20201110,12:55,397.40,397.40,397.40,397.40,25,4350
20201110,12:56,397.40,397.40,397.40,397.40,50,4350
20201110,12:57,392.20,392.20,392.20,392.20,75,4325
20201110,13:00,369.80,369.80,361.85,361.85,200,4325
20201110,13:01,364.55,367.90,364.55,367.05,225,4325
20201110,13:02,376.40,380.25,376.40,380.25,125,4325
20201110,13:03,383.40,384.35,383.30,383.30,75,4375
20201110,13:04,386.00,387.45,385.00,385.90,275,4375
20201110,13:05,384.40,399.75,384.40,385.85,300,4375
20201110,13:06,385.65,385.75,381.85,381.85,100,4400
20201110,13:07,374.40,376.85,372.40,372.40,150,4400
20201110,13:08,371.15,373.35,371.15,373.35,50,4400
20201110,13:09,374.30,374.30,370.00,370.00,3825,4475
20201110,13:10,368.40,368.40,358.15,358.15,600,4475
20201110,13:11,365.00,366.20,364.50,366.20,825,4475
20201110,13:12,373.55,373.95,372.70,372.85,300,7850
20201110,13:13,372.40,375.00,372.40,375.00,50,7850
20201110,13:14,371.45,371.45,371.45,371.45,25,7850
20201110,13:15,370.05,370.05,370.05,370.05,25,7850
20201110,13:16,377.10,379.00,376.30,376.30,100,7725
20201110,13:17,382.00,382.00,379.25,379.25,450,7725
20201110,13:18,376.75,376.75,376.75,376.75,25,6475
20201110,13:19,377.15,383.90,377.15,383.90,75,6475
20201110,13:20,383.45,386.25,383.45,386.25,125,6475
20201110,13:21,385.25,385.25,385.25,385.25,25,6425
20201110,13:22,377.60,377.85,377.60,377.85,75,6425
20201110,13:23,379.60,379.80,379.60,379.80,75,6425
20201110,13:24,379.70,379.70,379.70,379.70,25,6425
20201110,13:26,382.95,385.00,382.95,385.00,50,6400
20201110,13:27,390.00,390.00,384.60,388.10,1225,7100
20201110,13:29,390.00,390.00,388.70,388.70,50,7100
20201110,13:30,387.45,387.45,376.70,376.70,75,7025
20201110,13:31,378.50,378.50,374.45,374.45,50,7025
20201110,13:32,378.00,378.00,378.00,378.00,25,7025
20201110,13:33,377.10,377.10,375.55,376.40,75,7050
20201110,13:35,377.15,377.15,377.15,377.15,25,7050
20201110,13:36,373.90,373.90,373.90,373.90,25,6650
20201110,13:37,373.85,373.85,373.85,373.85,25,6650
20201110,13:38,378.55,378.80,378.55,378.80,50,6650
20201110,13:41,382.50,382.50,382.50,382.50,25,6550
20201110,13:42,381.65,381.65,381.65,381.65,25,6550
20201110,13:43,379.85,379.85,379.85,379.85,25,6575
20201110,13:44,374.90,374.90,374.90,374.90,25,6575
20201110,13:45,364.75,364.75,364.75,364.75,25,6575
20201110,13:46,355.95,355.95,355.95,355.95,50,6575
20201110,13:49,360.10,360.10,355.00,355.00,2050,6550
20201110,13:50,350.65,359.75,350.65,359.75,125,6550
20201110,13:51,358.75,359.50,358.75,359.50,50,6550
20201110,13:54,361.00,361.00,361.00,361.00,25,8550
20201110,13:55,364.35,364.35,364.35,364.35,50,8550
20201110,13:57,368.75,368.75,368.75,368.75,25,8550
20201110,13:58,366.15,366.15,366.15,366.15,25,7750
20201110,14:00,377.35,377.35,377.35,377.35,275,7725
20201110,14:01,378.50,378.50,378.50,378.50,25,7725
20201110,14:02,383.75,383.75,383.75,383.75,25,7725
20201110,14:04,398.10,398.10,389.50,389.50,50,7825
20201110,14:05,402.50,402.50,402.50,402.50,50,7825
20201110,14:06,412.50,412.50,405.70,405.70,50,7825
20201110,14:08,422.15,422.15,422.15,422.15,75,7800
20201110,14:09,420.80,420.80,417.65,417.65,100,7800
20201110,14:10,424.75,434.05,424.75,434.05,75,7775
20201110,14:11,428.55,436.15,428.55,434.35,200,7775
20201110,14:12,431.20,431.20,407.30,420.00,125,7850
20201110,14:13,439.15,449.95,439.15,440.00,200,7850
20201110,14:14,446.00,446.45,444.05,446.45,325,7850
20201110,14:15,459.10,459.10,442.60,442.60,100,7775
20201110,14:16,420.20,429.50,420.20,429.50,100,7775
20201110,14:17,432.05,444.95,432.05,444.95,100,7775
20201110,14:18,443.10,445.00,438.40,438.40,75,7650
20201110,14:19,437.05,437.35,435.35,435.35,75,7650
20201110,14:20,429.20,429.20,429.20,429.20,25,7650
20201110,14:24,433.10,433.10,428.55,428.55,575,7625
20201110,14:25,439.20,449.00,439.20,449.00,300,7600
20201110,14:26,441.45,441.45,441.45,441.45,25,7600
20201110,14:27,451.20,451.20,434.30,434.30,1200,7600
20201110,14:29,444.85,444.85,444.85,444.85,25,7175
20201110,14:35,409.95,409.95,409.95,409.95,25,8075
20201110,14:36,424.35,424.35,424.35,424.35,50,8075
20201110,14:37,426.00,426.00,426.00,426.00,25,8050
20201110,14:39,424.65,424.65,424.65,424.65,25,8050
20201110,14:40,409.90,419.60,409.90,419.60,50,8075
20201110,14:41,417.35,417.35,417.35,417.35,25,8075
20201110,14:42,410.00,410.00,396.90,396.90,150,8100
20201110,14:43,399.30,399.30,399.30,399.30,25,8100
20201110,14:44,407.25,407.25,407.25,407.25,25,8100
20201110,14:45,393.05,393.05,393.05,393.05,75,8100
20201110,14:47,393.90,393.90,393.90,393.90,50,8175
20201110,14:49,389.10,389.10,389.10,389.10,25,8175
20201110,14:50,388.90,396.20,388.90,396.20,75,8175
20201110,14:51,396.20,396.20,386.80,386.80,75,8175
20201110,14:52,380.00,380.00,379.95,379.95,100,8200
20201110,14:53,377.50,377.50,376.45,376.45,275,8200
20201110,14:55,350.40,350.40,350.40,350.40,100,8325
20201110,14:56,361.20,361.20,361.20,361.20,50,8325
20201110,14:57,351.00,351.00,351.00,351.00,25,8325
20201110,14:59,350.70,350.70,350.70,350.70,25,8400
20201110,15:00,348.30,350.10,340.05,340.05,300,8400
20201110,15:01,340.00,340.00,340.00,340.00,50,8425
20201110,15:02,340.00,349.85,340.00,349.85,50,8425
20201110,15:03,349.90,366.35,349.90,366.35,125,8425
20201110,15:04,366.30,370.95,352.45,355.15,200,8425
20201110,15:05,353.95,353.95,353.95,353.95,50,8425
20201110,15:08,353.00,356.35,352.25,356.35,100,8475
20201110,15:11,357.35,357.35,357.35,357.35,100,8450
20201110,15:13,356.20,356.20,354.60,354.60,50,8500
20201110,15:14,360.25,361.95,360.25,361.95,50,8500
20201110,15:15,360.45,360.45,360.45,360.45,150,8500
20201110,15:17,354.35,354.35,354.35,354.35,25,8525
20201110,15:19,349.45,352.70,349.10,349.10,75,8450
20201110,15:21,346.15,346.15,346.15,346.15,25,8450
20201110,15:22,345.00,345.00,345.00,345.00,100,8400
20201110,15:23,344.80,344.80,344.00,344.00,225,8400
20201110,15:25,345.40,345.40,341.50,341.50,75,8525
20201110,15:26,343.80,343.80,343.80,343.80,50,8525
20201110,15:27,344.00,344.00,343.70,343.70,150,8525
20201110,15:28,346.65,349.30,346.65,349.30,75,8500
20201110,15:29,350.55,350.55,308.40,308.40,125,8500
20201111,09:15,350.30,380.15,350.30,380.15,101,8300
20201111,09:16,325.65,325.65,325.65,325.65,50,8300
20201111,09:17,325.00,325.00,321.00,321.00,75,8350
20201111,09:18,331.60,335.75,321.00,321.00,275,8350
20201111,09:20,344.25,349.70,322.00,322.00,700,8400
20201111,09:21,320.00,333.65,311.70,311.70,425,8400
20201111,09:22,311.70,311.70,308.25,308.25,300,8400
20201111,09:23,308.25,313.20,301.15,301.95,175,8675
20201111,09:24,303.25,310.35,300.00,306.35,450,8675
20201111,09:25,300.00,300.00,279.05,292.65,825,8675
20201111,09:26,292.60,297.05,290.00,297.05,350,9000
20201111,09:27,295.80,304.10,295.80,300.20,300,9000
20201111,09:28,299.50,307.50,299.50,302.20,325,9000
20201111,09:29,305.30,307.40,302.20,307.40,450,9600
20201111,09:30,303.10,316.75,303.10,312.40,425,9600
20201111,09:31,314.30,322.90,314.30,322.90,425,9600
20201111,09:32,321.60,321.60,314.00,320.35,250,10075
20201111,09:33,322.45,322.45,306.50,311.05,250,10075
20201111,09:34,302.60,302.60,299.00,299.00,525,10075
20201111,09:35,301.30,304.20,297.60,304.20,100,10300
20201111,09:36,304.00,312.15,294.75,312.15,100,10300
20201111,09:37,315.35,315.35,315.00,315.00,350,10300
20201111,09:38,313.10,315.35,308.35,308.35,575,10550
20201111,09:39,295.00,295.00,295.00,295.00,100,10550
20201111,09:40,291.80,294.65,291.80,293.85,300,10550
20201111,09:41,300.15,301.75,290.05,301.75,1350,10900
20201111,09:42,301.60,301.60,301.60,301.60,25,10900
20201111,09:43,290.90,291.05,290.90,291.05,50,10900
20201111,09:44,291.00,291.50,290.00,291.50,125,11075
20201111,09:45,289.95,289.95,289.95,289.95,50,11075
20201111,09:46,296.50,296.50,296.50,296.50,25,11075
20201111,09:48,299.45,299.45,299.45,299.45,25,11125
20201111,09:49,302.85,314.50,302.85,314.50,100,11125
20201111,09:50,310.15,310.15,298.90,298.90,125,11100
20201111,09:51,301.85,309.45,301.85,309.45,75,11100
20201111,09:52,315.00,315.00,315.00,315.00,25,11100
20201111,09:53,316.55,321.00,316.55,318.70,175,11450
20201111,09:54,316.55,318.85,314.20,314.20,275,11450
20201111,09:55,312.00,312.00,308.15,308.15,75,11450
20201111,09:56,306.20,308.55,306.20,306.30,125,11550
20201111,09:57,320.15,320.15,317.85,317.85,75,11550
20201111,09:58,325.00,331.45,321.85,323.25,550,11550
20201111,09:59,319.75,321.55,319.75,321.55,200,11550
20201111,10:00,350.00,350.00,325.80,326.70,1025,11575
20201111,10:01,329.00,329.00,319.40,319.40,325,11575
20201111,10:02,318.70,320.00,318.70,320.00,125,11525
20201111,10:03,320.00,327.10,320.00,327.10,175,11525
20201111,10:04,328.00,337.50,325.65,330.70,225,11525
20201111,10:05,332.65,332.65,321.60,332.25,125,11625
20201111,10:06,337.00,344.15,337.00,344.15,150,11625
20201111,10:07,325.00,325.00,325.00,325.00,25,11625
20201111,10:08,335.50,336.00,328.45,330.35,200,11450
20201111,10:09,324.15,331.75,324.15,331.60,200,11450
20201111,10:10,329.90,329.90,328.35,328.35,125,11450
20201111,10:11,322.15,322.15,322.15,322.15,125,11400
20201111,10:12,326.80,335.00,326.80,335.00,75,11400
20201111,10:14,326.00,326.00,320.00,320.00,275,11625
20201111,10:16,330.00,330.00,330.00,330.00,25,11625
20201111,10:17,330.65,330.65,318.45,319.00,150,11750
20201111,10:18,335.00,335.00,335.00,335.00,150,11750
20201111,10:19,335.75,340.00,335.25,335.25,75,11750
20201111,10:20,335.00,345.00,335.00,344.80,400,12325
20201111,10:21,350.00,350.45,345.95,348.75,525,12325
20201111,10:22,348.80,348.80,340.35,340.35,300,12325
20201111,10:23,334.90,334.90,328.05,328.05,100,12825
20201111,10:24,333.40,338.25,333.40,338.25,125,12825
20201111,10:25,328.15,330.70,328.10,328.15,275,12825
20201111,10:26,325.00,325.00,321.15,323.30,125,13625
20201111,10:27,301.35,322.60,300.00,300.00,575,13625
20201111,10:28,300.00,300.00,294.30,294.30,125,13625
20201111,10:29,299.30,303.45,299.30,300.05,75,13875
20201111,10:30,291.90,292.80,282.15,292.80,200,13875
20201111,10:31,292.55,297.10,292.55,297.10,75,13875
20201111,10:32,297.80,297.80,297.80,297.80,25,13875
20201111,10:33,298.00,298.00,298.00,298.00,25,13875
20201111,10:34,299.70,299.70,296.85,296.85,125,13775
20201111,10:35,292.30,294.80,292.15,292.15,175,13550
20201111,10:36,292.15,292.75,280.00,280.00,400,13550
20201111,10:37,284.00,287.20,271.85,287.20,175,13550
20201111,10:38,275.50,279.65,273.80,275.80,400,13500
20201111,10:39,278.45,282.80,278.45,279.95,500,13500
20201111,10:40,280.00,282.25,280.00,282.25,175,13500
20201111,10:41,289.25,300.65,289.05,300.65,475,13100
20201111,10:42,295.45,321.90,290.75,290.75,875,13100
20201111,10:44,287.00,287.00,275.00,275.00,275,13175
20201111,10:45,274.80,274.80,262.15,264.60,1100,13175
20201111,10:46,270.40,274.60,269.60,272.95,775,13175
20201111,10:47,272.75,275.35,270.00,275.05,550,13350
20201111,10:48,261.80,261.80,261.80,261.80,125,13350
20201111,10:49,273.25,283.30,273.25,278.50,1125,13350
20201111,10:50,280.00,280.00,280.00,280.00,900,13500
20201111,10:51,275.10,275.10,275.10,275.10,50,13500
20201111,10:52,278.10,278.10,272.90,272.90,425,13500
20201111,10:53,275.70,278.15,274.80,278.00,450,13825
20201111,10:54,278.85,279.70,275.20,275.20,200,13825
20201111,10:55,275.00,280.25,275.00,280.25,75,13825
20201111,10:56,277.40,283.65,277.40,283.65,125,13800
20201111,10:57,282.25,283.75,278.10,279.45,300,13800
20201111,10:58,278.00,278.00,275.80,275.80,150,13800
20201111,10:59,283.20,283.20,283.20,283.20,75,14050
20201111,11:00,284.95,289.75,281.55,282.55,100,14050
20201111,11:01,281.25,281.25,281.25,281.25,25,14050
20201111,11:03,288.10,289.20,286.75,286.75,100,14025
20201111,11:04,289.10,290.00,289.10,290.00,50,14025
20201111,11:05,294.00,298.20,294.00,295.75,150,13950
20201111,11:06,295.00,295.00,293.75,293.75,50,13950
20201111,11:07,291.10,291.10,291.10,291.10,50,13950
20201111,11:08,291.10,291.40,291.10,291.40,125,13950
20201111,11:09,298.25,300.00,298.25,300.00,125,13950
20201111,11:10,292.60,304.90,292.60,304.90,300,13950
20201111,11:11,304.90,304.90,303.00,304.90,300,13750
20201111,11:12,305.00,318.00,304.50,314.70,575,13750
20201111,11:13,312.50,314.70,312.50,314.70,125,13750
20201111,11:14,330.15,353.35,330.00,353.35,1000,13900
20201111,11:15,353.35,373.50,340.15,371.85,1125,13900
20201111,11:16,345.10,345.10,303.50,336.05,1125,13900
20201111,11:17,327.05,334.50,307.55,334.50,225,13900
20201111,11:18,369.60,375.00,369.60,375.00,225,14125
20201111,11:19,380.00,383.85,353.10,356.90,275,14125
20201111,11:20,361.65,361.65,361.65,361.65,25,14125
20201111,11:21,370.00,370.00,369.60,369.60,50,14250
20201111,11:22,378.00,378.00,365.00,365.00,1600,14250
20201111,11:23,367.20,369.65,360.80,360.80,125,14500
20201111,11:24,358.50,358.50,328.55,333.45,400,14500
20201111,11:25,347.15,349.45,332.80,332.80,575,14500
20201111,11:26,335.50,350.00,335.50,350.00,75,15775
20201111,11:27,361.65,365.00,358.35,358.35,75,15775
20201111,11:29,360.65,364.25,360.65,364.25,100,15275
20201111,11:30,363.20,363.20,349.65,349.65,200,15275
20201111,11:31,355.55,355.55,346.25,346.25,200,15275
20201111,11:32,346.25,348.55,342.55,345.35,350,15350
20201111,11:33,346.05,346.05,346.00,346.00,150,15350
20201111,11:34,346.00,347.25,346.00,347.25,125,15350
20201111,11:35,341.45,341.45,341.45,341.45,25,15350
20201111,11:36,367.55,367.55,367.55,367.55,50,15425
20201111,11:37,365.25,372.55,361.75,372.55,175,15425
20201111,11:38,364.80,372.45,364.60,368.40,175,15450
20201111,11:39,358.05,368.30,358.05,368.30,225,15450
20201111,11:40,368.30,368.30,361.00,361.85,775,15450
20201111,11:41,365.40,384.55,365.40,384.55,225,15325
20201111,11:42,387.95,389.50,375.40,375.85,275,15325
20201111,11:43,372.35,372.35,372.35,372.35,25,15325
20201111,11:44,372.50,372.50,363.60,363.60,125,15175
20201111,11:45,367.20,367.20,367.20,367.20,25,15175
20201111,11:46,356.30,356.30,348.70,348.70,50,15175
20201111,11:47,361.05,361.05,361.05,361.05,25,15100
20201111,11:50,372.00,380.00,372.00,379.50,300,15100
20201111,11:51,374.10,374.10,369.85,371.95,100,15175
20201111,11:52,365.85,371.15,365.85,367.50,125,15175
20201111,11:53,369.25,376.05,367.50,376.05,150,15025
20201111,11:54,385.00,386.40,385.00,386.40,175,15025
20201111,11:55,380.00,392.30,331.00,392.30,3025,15025
20201111,11:56,392.30,392.30,383.05,383.05,300,14600
20201111,11:57,390.05,396.95,388.55,396.95,275,14600
20201111,11:58,396.95,400.00,396.95,400.00,175,14600
20201111,11:59,385.00,385.00,383.75,384.95,325,14600
20201111,12:00,373.20,378.30,370.45,378.30,100,14575
20201111,12:01,373.45,378.25,373.45,378.25,50,14575
20201111,12:02,383.50,383.50,383.50,383.50,25,14575
20201111,12:03,384.25,385.70,384.25,385.70,50,14325
20201111,12:04,375.00,376.75,375.00,376.75,75,14325
20201111,12:05,370.65,375.20,367.05,375.20,75,14300
20201111,12:06,364.45,364.45,364.45,364.45,50,14300
20201111,12:07,353.45,363.05,353.45,363.05,150,14300
20201111,12:08,364.00,364.00,364.00,364.00,50,14300
20201111,12:09,363.10,363.10,363.10,363.10,50,13875
20201111,12:10,362.95,363.20,362.95,363.20,300,13875
20201111,12:11,365.00,365.00,358.40,358.45,175,13875
20201111,12:12,350.55,350.55,325.80,332.40,125,13975
20201111,12:13,343.00,344.45,343.00,344.45,100,13975
20201111,12:14,333.00,341.45,333.00,335.95,125,13975
20201111,12:16,335.00,335.95,335.00,335.95,250,13950
20201111,12:17,347.75,347.75,347.75,347.75,25,13950
20201111,12:18,347.75,347.75,333.85,333.85,50,13400
20201111,12:19,339.10,339.10,339.10,339.10,50,13400
20201111,12:20,339.10,346.55,339.10,346.55,200,13400
20201111,12:21,346.40,346.40,346.40,346.40,50,13300
20201111,12:22,351.40,351.40,351.40,351.40,175,13300
20201111,12:23,352.45,352.45,350.05,350.05,100,13300
20201111,12:24,362.60,372.35,362.60,372.35,325,13325
20201111,12:25,372.30,375.00,372.30,375.00,200,13325
20201111,12:26,380.65,380.65,380.65,380.65,25,13325
20201111,12:27,368.45,380.00,368.45,380.00,75,13500
20201111,12:28,385.65,385.65,373.60,373.60,225,13500
20201111,12:29,377.25,395.65,377.25,395.65,75,13500
20201111,12:30,385.70,385.70,379.25,379.25,150,13250
20201111,12:32,378.00,378.00,378.00,378.00,100,13250
20201111,12:33,385.00,385.00,385.00,385.00,25,13300
20201111,12:34,385.00,385.00,383.40,383.40,150,13300
20201111,12:35,382.45,382.45,382.45,382.45,25,13300
20201111,12:36,365.00,365.00,365.00,365.00,25,12750
20201111,12:38,367.05,367.05,367.05,367.05,25,12750
20201111,12:39,370.60,370.60,370.60,370.60,25,13025
20201111,12:46,372.90,372.90,370.20,370.20,50,12925
20201111,12:47,370.20,370.20,370.20,370.20,175,12925
20201111,12:51,370.20,372.45,370.20,372.45,175,12700
20201111,12:52,368.25,368.25,368.25,368.25,25,12700
20201111,12:57,389.55,401.75,389.55,401.75,325,12850
20201111,12:58,397.25,407.30,397.25,398.40,500,12850
20201111,12:59,404.85,408.50,404.45,408.50,125,12850
20201111,13:01,408.50,408.50,382.85,382.85,75,13175
20201111,13:02,391.45,393.30,391.45,393.30,75,13175
20201111,13:04,384.50,393.55,384.50,393.55,125,13150
20201111,13:05,393.60,401.70,393.60,401.70,125,13150
20201111,13:06,409.05,421.00,409.05,421.00,300,13050
20201111,13:07,421.00,421.00,412.10,412.10,125,13050
20201111,13:08,406.65,410.50,406.65,410.50,75,13050
20201111,13:09,421.00,422.80,413.25,422.80,225,12750
20201111,13:10,422.80,422.80,415.75,417.35,175,12750
20201111,13:11,419.60,420.70,419.60,420.70,50,12750
20201111,13:12,420.50,428.50,420.50,428.50,425,12800
20201111,13:13,424.40,428.65,424.40,428.65,50,12800
20201111,13:14,429.65,434.00,426.60,429.90,300,12800
20201111,13:15,434.00,434.00,429.00,429.00,325,12900
20201111,13:16,435.00,445.70,435.00,445.70,250,12900
20201111,13:17,449.85,463.20,448.60,448.60,300,12900
20201111,13:18,457.25,475.15,457.25,457.25,700,12775
20201111,13:19,457.25,469.10,457.25,468.95,125,12775
20201111,13:20,470.80,470.80,456.75,457.30,200,12775
20201111,13:21,450.00,450.00,443.90,443.90,50,12775
20201111,13:22,450.10,450.10,450.10,450.10,50,12850
20201111,13:23,464.00,470.00,464.00,470.00,250,12850
20201111,13:24,466.75,466.75,462.50,462.50,50,12925
20201111,13:25,450.00,458.95,450.00,452.75,150,12925
20201111,13:26,456.80,456.80,436.95,436.95,75,12925
20201111,13:27,434.65,447.30,432.35,447.30,125,12925
20201111,13:28,452.20,465.95,452.20,460.00,200,12900
20201111,13:31,438.80,438.80,426.95,426.95,600,12950
20201111,13:32,423.30,423.30,398.00,400.00,300,12950
20201111,13:33,397.75,400.05,382.20,400.05,225,13175
20201111,13:34,390.05,390.05,390.05,390.05,25,13175
20201111,13:35,382.25,382.25,373.95,380.50,175,13175
20201111,13:36,388.95,391.65,388.95,391.65,75,12950
20201111,13:37,387.35,391.40,375.65,375.65,300,12950
20201111,13:38,380.00,381.25,366.65,366.65,600,12950
20201111,13:39,361.25,361.25,350.85,360.20,825,12325
20201111,13:40,355.25,366.60,355.25,363.05,1175,12325
20201111,13:41,364.90,371.25,359.25,361.85,1125,12325
20201111,13:42,355.25,355.25,338.90,346.05,1525,13800
20201111,13:43,352.00,352.00,345.25,345.25,175,13800
20201111,13:44,346.00,350.00,344.95,346.80,125,13800
20201111,13:45,364.25,364.25,363.10,363.55,525,13925
20201111,13:46,369.80,378.55,368.65,368.65,875,13925
20201111,13:47,368.10,368.10,368.10,368.10,250,13925
20201111,13:48,370.50,371.05,365.00,365.00,125,13250
20201111,13:49,369.20,371.55,369.20,370.20,175,13250
20201111,13:50,374.80,383.60,374.80,377.90,175,13250
20201111,13:51,342.00,342.00,330.20,330.20,600,13375
20201111,13:52,320.00,324.45,312.00,323.75,475,13375
20201111,13:53,325.00,325.00,325.00,325.00,75,13375
20201111,13:54,333.70,335.85,333.70,335.85,75,13375
20201111,13:55,338.40,338.40,321.00,321.00,325,13425
20201111,13:56,327.35,327.35,320.00,320.00,75,13425
20201111,13:57,331.00,331.00,331.00,331.00,50,13425
20201111,13:58,328.45,331.05,328.45,331.05,75,13650
20201111,14:00,343.00,343.00,342.55,342.55,1200,13500
20201111,14:01,345.05,345.05,340.35,340.35,175,13500
20201111,14:02,330.10,330.10,330.10,330.10,25,13500
20201111,14:03,321.40,321.40,313.95,316.30,325,14725
20201111,14:04,313.95,317.25,313.95,317.25,100,14725
20201111,14:05,316.40,318.00,311.90,311.90,175,14725
20201111,14:07,318.35,320.00,316.70,316.70,325,14850
20201111,14:08,311.90,312.00,308.55,308.55,175,14850
20201111,14:09,300.00,300.00,290.00,290.00,125,14850
20201111,14:10,295.00,295.15,295.00,295.15,150,15200
20201111,14:11,296.90,296.90,296.90,296.90,25,15200
20201111,14:12,290.05,292.90,290.05,292.90,75,15200
20201111,14:15,302.25,312.15,302.25,312.15,250,15475
20201111,14:16,308.40,308.40,308.40,308.40,50,15475
20201111,14:17,305.60,305.60,305.60,305.60,125,15475
20201111,14:18,295.00,295.05,290.00,295.05,1550,16650
20201111,14:19,283.95,288.60,283.95,288.60,1050,16650
20201111,14:21,293.05,293.05,288.60,288.60,50,16650
20201111,14:23,297.00,297.75,297.00,297.75,50,15625
20201111,14:24,293.95,293.95,293.95,293.95,50,15600
20201111,14:25,298.60,298.60,298.60,298.60,25,15600
20201111,14:26,290.45,291.70,285.00,285.00,300,15600
20201111,14:27,285.80,285.80,278.05,278.05,175,15725
20201111,14:28,275.05,276.85,273.10,276.85,475,15725
20201111,14:29,276.85,276.85,276.85,276.85,50,15725
20201111,14:30,272.00,272.00,272.00,272.00,100,15725
20201111,14:31,277.00,278.00,277.00,278.00,50,15725
20201111,14:32,277.60,277.60,271.05,271.05,150,15725
20201111,14:33,273.95,273.95,271.05,271.05,75,15575
20201111,14:35,287.95,287.95,280.65,280.65,100,15575
20201111,14:36,280.65,280.65,277.05,277.05,100,15500
20201111,14:37,272.00,272.00,272.00,272.00,75,15500
20201111,14:38,280.60,296.00,280.60,296.00,100,15500
20201111,14:39,297.65,308.40,290.90,292.80,1075,15450
20201111,14:40,293.05,296.05,281.85,281.85,475,15450
20201111,14:41,282.90,296.65,281.95,296.40,100,15450
20201111,14:42,296.00,296.00,296.00,296.00,25,15725
20201111,14:44,296.60,296.60,296.60,296.60,75,15725
20201111,14:45,300.00,300.00,290.20,290.20,50,15725
20201111,14:46,290.00,290.00,288.00,288.00,75,15700
20201111,14:47,288.60,288.60,288.20,288.20,100,15700
20201111,14:50,288.30,288.30,285.00,285.00,100,15725
20201111,14:51,279.00,279.00,276.00,276.00,250,15900
20201111,14:52,272.25,273.00,270.00,273.00,100,15900
20201111,14:53,279.05,279.05,279.05,279.05,25,15900
20201111,14:54,277.55,279.65,277.55,279.65,75,15975
20201111,14:55,272.00,276.20,271.05,276.20,75,15975
20201111,14:56,275.80,281.50,275.80,281.50,125,15975
20201111,14:57,282.00,282.00,280.50,280.50,175,15975
20201111,14:58,277.50,278.10,277.50,278.10,100,15950
20201111,15:00,271.05,271.05,268.65,270.00,350,15950
20201111,15:01,285.00,291.80,285.00,291.80,225,16100
20201111,15:02,282.30,287.55,279.05,287.55,350,16100
20201111,15:03,283.15,283.75,283.15,283.75,75,16100
20201111,15:04,285.00,289.70,285.00,289.70,75,16100
20201111,15:05,289.70,290.00,289.70,290.00,100,16100
20201111,15:06,288.10,288.10,288.10,288.10,25,16100
20201111,15:07,287.25,287.25,280.95,280.95,150,16025
20201111,15:08,272.35,272.35,272.35,272.35,25,16025
20201111,15:09,270.00,275.85,267.95,275.50,200,16050
20201111,15:10,273.60,273.60,273.60,273.60,50,16050
20201111,15:11,273.85,274.10,273.85,274.10,50,16050
20201111,15:12,272.05,272.05,272.00,272.00,100,16050
20201111,15:13,272.45,272.45,272.45,272.45,25,16050
20201111,15:14,265.50,266.45,265.50,266.45,200,16050
20201111,15:15,265.35,265.35,263.00,264.25,150,16050
20201111,15:16,259.55,259.55,259.55,259.55,25,16250
20201111,15:17,259.00,259.25,256.95,256.95,200,16250
20201111,15:18,255.80,255.80,252.00,252.00,1150,16250
20201111,15:19,253.15,254.30,252.55,252.85,525,16025
20201111,15:20,256.05,256.05,256.05,256.05,25,16025
20201111,15:21,256.75,256.85,255.00,255.00,175,16025
20201111,15:22,255.35,259.15,255.35,256.45,150,16050
20201111,15:23,256.05,256.05,254.10,254.10,125,16050
20201111,15:24,254.00,256.00,253.95,256.00,275,16050
20201111,15:25,255.50,255.50,254.10,254.10,275,15975
20201111,15:26,250.00,250.00,250.00,250.00,450,15975
20201111,15:27,250.00,252.15,248.70,248.70,200,15975
20201111,15:28,246.20,254.05,246.20,250.00,1275,16150
20201111,15:29,251.20,251.20,244.00,244.00,425,16150
20201112,09:15,300.00,335.70,300.00,335.70,101,16225
20201112,09:16,270.75,315.60,270.75,315.60,700,16225
20201112,09:17,316.35,317.90,305.50,308.70,550,16225
20201112,09:18,314.40,319.00,308.25,319.00,1400,16225
20201112,09:19,317.60,317.60,308.85,312.25,1050,16225
20201112,09:20,308.70,310.10,291.10,310.00,2550,16725
20201112,09:21,314.40,322.20,314.40,320.20,275,16725
20201112,09:22,317.30,328.75,317.30,325.00,350,16725
20201112,09:23,328.00,332.80,327.30,327.30,575,17000
20201112,09:24,332.40,337.15,332.40,334.90,375,17000
20201112,09:25,340.00,345.00,340.00,345.00,350,17000
20201112,09:26,349.45,349.45,335.15,343.90,1150,17125
20201112,09:27,342.75,342.75,332.10,332.10,725,17125
20201112,09:28,334.40,334.40,324.85,329.25,700,17125
20201112,09:29,332.70,343.35,332.70,343.35,500,16075
20201112,09:30,345.00,345.30,332.80,334.50,700,16075
20201112,09:31,339.85,340.80,335.40,335.95,800,16075
20201112,09:32,335.00,335.00,316.10,316.10,600,15675
20201112,09:33,318.55,333.00,318.55,329.00,250,15675
20201112,09:34,329.00,339.00,329.00,339.00,100,15675
20201112,09:35,336.35,342.85,336.35,340.00,275,15700
20201112,09:36,343.95,356.30,341.25,355.05,2000,15700
20201112,09:37,359.55,367.10,354.55,361.70,675,15700
20201112,09:38,362.00,362.00,355.00,355.00,100,15825
20201112,09:39,357.00,357.00,355.00,356.75,225,15825
20201112,09:40,364.95,379.30,364.95,379.00,950,15825
20201112,09:41,374.45,380.55,372.00,374.25,900,15825
20201112,09:42,370.60,379.95,367.35,379.95,125,15825
20201112,09:43,379.90,388.50,376.25,385.90,375,15825
20201112,09:44,383.40,390.00,378.95,390.00,950,15950
20201112,09:45,392.25,400.00,379.45,379.45,725,15950
20201112,09:46,375.25,375.25,355.00,355.00,1200,15950
20201112,09:47,355.00,375.15,355.00,372.20,275,16100
20201112,09:48,376.15,376.15,366.75,366.75,650,16100
20201112,09:49,371.55,371.55,365.95,371.50,200,16100
20201112,09:50,370.25,370.25,362.75,365.00,600,15625
20201112,09:51,370.30,375.00,370.30,374.00,450,15625
20201112,09:52,380.00,384.75,360.95,360.95,600,15625
20201112,09:53,360.50,362.05,350.00,350.00,275,15950
20201112,09:54,348.60,354.40,344.00,354.40,150,15950
20201112,09:55,355.00,356.00,354.20,355.00,175,15950
20201112,09:56,353.95,353.95,346.15,348.25,350,16200
20201112,09:57,348.55,348.55,336.70,343.55,800,16200
20201112,09:58,341.15,341.15,341.15,341.15,25,16200
20201112,09:59,341.15,347.05,341.15,344.85,125,16475
20201112,10:00,341.15,344.35,329.35,330.95,525,16475
20201112,10:01,337.20,337.20,334.70,335.00,375,16475
20201112,10:02,330.00,331.25,330.00,331.25,225,16475
20201112,10:03,333.85,334.30,333.85,334.20,150,16775
20201112,10:04,342.00,356.10,342.00,356.10,250,16775
20201112,10:05,352.20,361.60,346.85,361.60,375,17575
20201112,10:06,364.45,364.65,355.80,364.65,575,17575
20201112,10:07,364.25,368.50,364.25,367.60,475,17575
20201112,10:08,371.95,372.00,371.90,372.00,75,18225
20201112,10:09,372.05,372.05,367.50,372.00,775,18225
20201112,10:10,370.30,376.35,365.00,365.00,1150,18225
20201112,10:11,360.60,360.60,348.80,348.80,175,18725
20201112,10:12,348.35,353.45,348.35,352.85,100,18725
20201112,10:13,352.05,354.55,349.10,349.10,550,18725
20201112,10:14,346.20,346.20,344.35,344.35,250,18725
20201112,10:15,337.90,350.00,337.90,350.00,225,19425
20201112,10:16,350.00,351.50,346.30,346.30,450,19425
20201112,10:17,346.30,346.30,334.85,334.85,300,19350
20201112,10:18,333.00,333.00,328.20,328.20,250,19350
20201112,10:19,327.55,327.55,321.20,326.50,200,19350
20201112,10:20,333.30,340.75,333.30,336.35,450,19575
20201112,10:21,330.00,334.25,328.65,334.25,100,19575
20201112,10:22,339.85,342.60,338.00,338.85,325,19575
20201112,10:23,340.00,340.00,340.00,340.00,25,19575
20201112,10:24,340.00,340.00,340.00,340.00,150,19825
20201112,10:25,345.35,345.35,343.70,343.70,50,19825
20201112,10:26,343.70,343.70,343.70,343.70,50,19825
20201112,10:27,347.05,347.05,347.05,347.05,25,19825
20201112,10:28,355.00,355.00,355.00,355.00,25,19825
20201112,10:29,351.45,351.45,345.45,345.45,75,19800
20201112,10:30,341.40,346.70,341.40,346.70,50,19800
20201112,10:31,352.95,352.95,351.90,351.90,50,19800
20201112,10:32,352.75,352.75,351.90,351.90,125,19800
20201112,10:33,350.00,350.00,350.00,350.00,100,19800
20201112,10:34,352.70,352.70,350.00,350.00,150,19800
20201112,10:36,340.00,343.60,340.00,343.60,100,19650
20201112,10:37,345.65,345.65,345.65,345.65,50,19650
20201112,10:38,350.75,350.75,350.75,350.75,25,19650
20201112,10:40,351.15,359.95,351.15,359.95,50,19700
20201112,10:41,353.65,353.65,348.45,348.45,50,19650
20201112,10:42,349.00,349.00,349.00,349.00,125,19650
20201112,10:43,355.00,355.00,355.00,355.00,25,19650
20201112,10:44,342.00,342.00,342.00,342.00,25,19725
20201112,10:45,340.00,341.35,339.45,340.75,175,19725
20201112,10:46,340.15,343.25,338.25,343.25,100,19725
20201112,10:47,344.55,344.55,339.25,339.25,75,19725
20201112,10:48,335.00,335.00,335.00,335.00,25,19800
20201112,10:49,337.35,340.45,337.35,340.45,175,19800
20201112,10:50,340.60,340.60,340.60,340.60,50,19800
20201112,10:51,336.60,336.95,336.60,336.95,50,19825
20201112,10:52,330.00,330.00,322.70,328.00,250,19825
20201112,10:53,322.50,330.90,322.50,330.90,900,20100
20201112,10:54,332.15,332.15,321.35,324.50,1125,20100
20201112,10:55,322.95,327.75,322.15,324.35,500,20100
20201112,10:57,330.00,330.00,322.20,322.20,1300,18775
20201112,10:58,320.65,323.10,320.00,320.00,475,18775
20201112,10:59,324.40,324.40,313.40,313.40,475,18775
20201112,11:00,311.50,320.45,311.50,315.00,850,20525
20201112,11:01,312.65,314.25,312.40,314.05,300,20525
20201112,11:02,311.55,312.10,311.55,312.10,50,20925
20201112,11:03,316.90,316.90,316.90,316.90,25,20925
20201112,11:04,311.85,312.30,308.10,309.45,825,20925
20201112,11:05,305.15,311.85,305.15,311.85,275,21000
20201112,11:06,308.95,313.25,306.70,310.80,400,21000
20201112,11:07,310.80,314.15,309.70,314.15,525,21000
20201112,11:08,314.15,317.20,312.95,314.95,350,21450
20201112,11:09,311.40,313.45,308.00,313.45,200,21450
20201112,11:10,312.95,313.65,311.70,313.65,275,21450
20201112,11:11,315.65,315.65,306.65,310.90,800,22150
20201112,11:12,309.45,309.45,309.45,309.45,25,22150
20201112,11:13,308.60,309.40,308.15,308.15,175,22150
20201112,11:14,306.80,312.15,306.80,307.90,275,22450
20201112,11:16,311.85,314.85,311.85,314.50,150,22450
20201112,11:17,311.05,324.80,311.05,324.80,150,22450
20201112,11:18,326.20,343.20,326.20,342.15,325,22475
20201112,11:19,340.75,340.75,332.30,334.40,150,22475
20201112,11:20,330.00,332.35,330.00,332.35,100,22475
20201112,11:21,336.60,338.55,334.95,338.55,125,22450
20201112,11:22,337.00,337.00,337.00,337.00,50,22450
20201112,11:23,331.90,331.90,331.90,331.90,25,22525
20201112,11:24,330.00,330.00,330.00,330.00,25,22525
20201112,11:25,331.35,331.35,331.35,331.35,25,22525
20201112,11:26,333.80,333.80,333.80,333.80,25,22525
20201112,11:27,325.25,325.25,321.00,323.60,425,22550
20201112,11:28,320.10,320.25,320.10,320.25,125,22550
20201112,11:29,318.20,318.20,314.05,315.00,600,23000
20201112,11:30,310.30,310.30,305.00,307.40,200,23000
20201112,11:31,306.10,312.05,306.10,311.45,350,23000
20201112,11:32,310.05,310.05,308.95,309.60,1100,23000
20201112,11:33,317.25,320.30,314.55,320.30,175,22400
20201112,11:34,315.00,315.00,314.10,314.10,100,22400
20201112,11:36,315.50,318.00,313.65,316.35,125,22425
20201112,11:37,312.65,316.50,308.50,310.00,2175,22425
20201112,11:38,308.10,312.10,308.10,309.80,175,21375
20201112,11:39,303.15,307.90,303.10,306.00,825,21375
20201112,11:40,303.90,306.05,303.90,306.05,125,21375
20201112,11:41,306.00,306.00,306.00,306.00,50,21375
20201112,11:42,305.45,305.45,305.45,305.45,25,22100
20201112,11:43,305.00,306.45,302.90,302.90,575,22100
20201112,11:44,310.00,314.95,308.85,314.95,600,22100
20201112,11:45,315.00,315.00,315.00,315.00,25,21925
20201112,11:46,322.40,327.70,322.40,323.15,225,21925
20201112,11:47,323.80,323.80,322.20,322.20,50,21925
20201112,11:48,323.40,326.30,323.40,326.00,250,21850
20201112,11:49,323.55,326.15,323.55,326.15,150,21850
20201112,11:50,324.50,324.50,324.50,324.50,25,21850
20201112,11:51,320.70,321.55,320.70,321.55,50,21625
20201112,11:52,327.10,327.10,324.55,324.55,125,21625
20201112,11:53,340.00,341.75,335.55,335.55,550,21625
20201112,11:54,331.45,335.40,331.45,332.15,325,21625
20201112,11:55,333.05,333.05,327.30,330.05,200,21625
20201112,11:56,334.30,343.10,334.30,343.10,50,21625
20201112,11:57,335.00,335.00,333.40,333.40,75,22425
20201112,11:58,333.40,333.40,325.85,328.60,125,22425
20201112,11:59,328.40,328.80,328.40,328.80,75,22425
20201112,12:00,328.00,328.00,328.00,328.00,50,22400
20201112,12:01,325.05,325.05,319.80,321.45,925,22400
20201112,12:02,319.00,319.00,318.05,318.05,75,22400
20201112,12:03,320.55,320.55,320.55,320.55,25,22500
20201112,12:05,327.55,327.55,327.55,327.55,25,22500
20201112,12:06,329.95,330.00,329.95,330.00,625,22500
20201112,12:07,330.00,330.00,326.00,326.00,125,22500
20201112,12:08,327.55,327.55,327.55,327.55,25,22500
20201112,12:09,320.50,320.50,320.50,320.50,25,22375
20201112,12:11,319.85,319.85,319.85,319.85,25,22375
20201112,12:14,320.85,321.55,320.85,321.55,125,22350
20201112,12:15,319.45,325.30,319.45,325.30,125,22350
20201112,12:16,328.90,346.45,328.90,336.75,850,22350
20201112,12:17,334.75,357.10,333.95,352.95,1625,22350
20201112,12:18,351.35,353.45,348.75,350.00,375,22350
20201112,12:19,352.30,361.25,352.30,359.50,1125,22350
20201112,12:20,361.00,375.75,361.00,369.75,650,21100
20201112,12:21,367.05,367.25,351.75,351.75,475,21100
20201112,12:22,350.55,354.00,350.55,353.85,550,21100
20201112,12:23,352.45,353.30,351.35,352.95,275,20650
20201112,12:24,350.00,350.90,341.90,344.60,625,20650
20201112,12:25,350.15,356.40,350.15,355.00,150,20650
20201112,12:26,355.90,357.75,353.85,355.50,150,20650
20201112,12:27,351.50,351.50,347.60,348.80,100,20850
20201112,12:28,348.30,349.00,346.35,346.35,125,20850
20201112,12:29,340.55,340.55,300.00,300.00,2925,20850
20201112,12:30,295.75,296.05,265.05,291.10,1650,21275
20201112,12:31,296.70,303.85,291.95,303.60,1325,21275
20201112,12:32,300.00,301.95,300.00,301.95,375,21275
20201112,12:33,302.00,305.00,302.00,302.35,500,19700
20201112,12:34,304.10,304.55,300.70,302.50,175,19700
20201112,12:35,297.60,310.25,297.60,310.25,125,19700
20201112,12:36,310.90,318.85,308.55,315.90,575,19650
20201112,12:37,314.15,315.95,307.40,307.40,550,19650
20201112,12:38,305.00,305.90,304.95,304.95,350,19650
20201112,12:39,298.75,301.60,297.45,300.00,825,19575
20201112,12:40,303.65,303.65,300.00,300.00,150,19575
20201112,12:41,298.00,298.05,297.15,298.05,100,19575
20201112,12:42,300.00,304.00,300.00,304.00,100,19375
20201112,12:43,302.15,304.30,302.15,304.30,175,19375
20201112,12:44,305.45,305.85,302.15,305.85,175,19375
20201112,12:45,302.00,302.00,300.00,301.05,100,19300
20201112,12:46,311.35,320.00,311.35,315.90,125,19300
20201112,12:47,315.95,327.70,315.95,319.00,500,19300
20201112,12:48,320.40,323.05,320.40,322.60,725,19275
20201112,12:49,325.00,327.70,325.00,327.70,175,19275
20201112,12:50,332.45,333.10,326.40,330.30,250,19275
20201112,12:51,320.80,320.80,320.80,320.80,25,19225
20201112,12:52,316.35,320.30,316.00,320.30,175,19225
20201112,12:53,323.80,324.25,323.60,324.25,175,19225
20201112,12:55,320.10,320.50,317.50,318.65,1100,19125
20201112,12:56,319.40,319.40,313.15,313.15,125,19125
20201112,12:57,315.20,315.20,304.85,305.50,200,19750
20201112,12:58,311.15,311.15,311.00,311.15,100,19750
20201112,12:59,315.00,315.00,309.55,309.55,150,19750
20201112,13:00,309.90,309.90,305.00,307.45,125,19725
20201112,13:01,303.90,303.90,296.10,302.10,400,19725
20201112,13:02,300.85,301.20,300.85,301.20,100,19725
20201112,13:03,300.00,303.00,299.65,303.00,100,19875
20201112,13:04,315.15,337.15,315.15,325.50,1350,19875
20201112,13:05,327.00,328.60,320.00,320.55,600,19875
20201112,13:06,323.70,329.60,323.70,325.90,225,19525
20201112,13:07,327.95,329.00,327.95,329.00,50,19525
20201112,13:08,332.15,332.15,324.80,324.80,200,19525
20201112,13:09,320.65,328.20,320.65,328.20,175,19675
20201112,13:10,331.30,334.60,317.05,317.05,500,19675
20201112,13:11,318.70,324.00,314.10,324.00,200,19675
20201112,13:12,322.05,322.70,321.00,321.70,450,19550
20201112,13:13,323.85,324.80,323.85,324.80,200,19550
20201112,13:14,322.15,325.50,322.15,325.40,275,19550
20201112,13:15,324.95,328.35,324.00,328.20,200,19750
20201112,13:16,333.45,346.45,332.00,332.00,525,19750
20201112,13:17,331.70,337.90,327.25,335.15,1225,19750
20201112,13:18,344.60,350.80,339.05,345.80,925,19650
20201112,13:19,350.00,355.40,350.00,352.15,425,19650
20201112,13:20,348.25,351.35,339.25,347.85,575,19650
20201112,13:21,345.00,362.70,344.85,356.55,575,19500
20201112,13:22,364.00,364.40,359.00,360.00,475,19500
20201112,13:23,357.10,362.00,352.85,362.00,250,19500
20201112,13:24,365.50,381.35,365.50,376.00,1300,19375
20201112,13:25,386.35,408.60,386.35,387.50,4075,19375
20201112,13:26,393.30,395.00,386.30,386.30,675,19375
20201112,13:27,386.50,398.00,382.75,394.95,525,20600
20201112,13:28,391.75,392.05,368.00,368.00,525,20600
20201112,13:29,372.55,381.40,371.80,376.50,575,20600
20201112,13:30,384.45,384.45,342.75,347.05,5000,20425
20201112,13:31,344.05,351.65,344.05,351.65,650,20425
20201112,13:32,359.90,361.40,352.85,352.85,675,20425
20201112,13:33,355.10,355.10,350.80,352.60,150,18975
20201112,13:34,344.35,357.75,340.00,351.85,500,18975
20201112,13:35,351.85,362.95,350.00,362.95,250,18975
20201112,13:36,362.55,373.30,362.55,368.00,300,18750
20201112,13:37,372.00,372.00,357.70,357.70,175,18750
20201112,13:38,363.15,370.70,362.80,369.00,375,18750
20201112,13:39,362.80,379.20,362.80,379.20,400,18450
20201112,13:40,374.05,376.35,370.00,370.00,225,18450
20201112,13:41,371.90,394.00,371.90,393.10,975,18450
20201112,13:42,386.85,394.95,386.00,394.95,250,18625
20201112,13:43,392.65,410.00,392.65,396.10,900,18625
20201112,13:44,395.05,403.75,392.55,402.05,775,18625
20201112,13:45,402.25,406.70,387.45,389.55,875,19100
20201112,13:46,395.00,395.00,372.20,376.20,875,19100
20201112,13:47,380.00,383.00,377.30,383.00,175,19100
20201112,13:48,380.35,390.00,380.30,380.30,775,18750
20201112,13:49,381.00,381.05,377.45,378.05,950,18750
20201112,13:50,375.05,375.05,354.10,354.10,425,18750
20201112,13:51,356.60,366.80,355.00,362.75,775,18925
20201112,13:52,369.10,375.65,368.60,375.35,200,18925
20201112,13:53,380.00,380.00,370.00,370.00,800,18925
20201112,13:54,369.90,372.00,363.70,372.00,625,18900
20201112,13:55,368.70,370.00,366.40,368.00,175,18900
20201112,13:56,366.40,368.00,350.00,350.00,700,18900
20201112,13:57,346.40,346.40,315.85,315.85,1200,18625
20201112,13:58,308.15,323.55,297.75,323.00,2250,18625
20201112,13:59,320.00,329.85,320.00,324.80,450,18625
20201112,14:00,322.35,322.35,300.00,301.00,750,18550
20201112,14:01,298.65,306.95,295.35,304.90,525,18550
20201112,14:02,300.00,303.00,294.20,300.45,1250,18550
20201112,14:03,300.45,306.05,297.00,301.60,1275,19575
20201112,14:04,303.45,303.45,297.10,298.00,2325,19575
20201112,14:05,301.15,311.55,300.75,302.60,825,19575
20201112,14:06,300.35,306.50,300.00,304.10,425,21525
20201112,14:07,306.65,330.00,306.65,322.70,1200,21525
20201112,14:08,320.25,320.25,304.50,310.50,625,21525
20201112,14:09,310.00,312.00,309.35,311.40,125,22025
20201112,14:10,307.95,309.00,302.45,309.00,200,22025
20201112,14:11,309.35,310.25,308.80,310.15,300,22025
20201112,14:12,308.00,310.20,306.90,307.10,225,22075
20201112,14:13,307.10,317.25,307.10,309.95,600,22075
20201112,14:14,309.70,322.55,309.70,318.05,225,22075
20201112,14:15,318.05,320.00,316.65,320.00,350,22050
20201112,14:16,325.00,339.10,325.00,339.00,1600,22050
20201112,14:17,340.00,350.65,337.60,339.00,825,22050
20201112,14:18,338.95,343.20,331.35,335.75,400,21850
20201112,14:19,331.35,335.00,331.35,335.00,300,21850
20201112,14:20,338.65,338.65,323.80,326.00,1950,21850
20201112,14:21,327.00,333.60,324.30,333.60,875,23875
20201112,14:22,326.85,326.85,326.85,326.85,100,23875
20201112,14:23,328.70,335.00,328.70,334.00,225,23875
20201112,14:24,332.60,333.40,330.00,333.40,325,23825
20201112,14:25,330.00,330.00,319.10,319.10,725,23825
20201112,14:26,318.00,318.00,308.90,314.00,200,23825
20201112,14:27,320.00,331.35,320.00,331.35,900,23850
20201112,14:28,326.65,327.70,323.35,327.70,100,23850
20201112,14:29,325.50,328.20,325.50,327.00,600,23850
20201112,14:30,327.00,338.65,327.00,338.65,775,23925
20201112,14:31,340.30,357.60,340.30,345.00,3650,23925
20201112,14:32,338.85,348.05,337.35,346.00,1150,23925
20201112,14:33,347.15,353.35,346.25,353.35,1225,25150
20201112,14:34,352.00,352.00,344.35,344.35,525,25150
20201112,14:35,344.00,353.00,344.00,353.00,425,25150
20201112,14:36,353.35,367.90,353.35,361.90,2375,24575
20201112,14:37,360.35,360.50,354.90,356.80,1100,24575
20201112,14:38,352.95,352.95,325.70,330.00,1000,24575
20201112,14:39,330.65,330.65,319.60,327.85,375,24525
20201112,14:40,331.20,339.15,331.20,333.55,375,24525
20201112,14:41,331.40,335.00,326.45,335.00,700,24525
20201112,14:42,338.00,342.95,334.85,342.95,900,24600
20201112,14:43,346.05,350.50,336.00,336.00,475,24600
20201112,14:44,336.00,336.30,330.00,330.35,1475,24600
20201112,14:45,330.90,333.70,327.45,328.30,800,24200
20201112,14:46,330.20,332.90,319.15,319.15,500,24200
20201112,14:47,318.85,320.15,307.60,307.70,1350,24200
20201112,14:48,306.85,320.40,306.85,319.80,1100,23750
20201112,14:49,317.35,320.35,316.00,319.75,300,23750
20201112,14:50,320.90,320.90,311.65,317.50,1325,23750
20201112,14:51,320.85,320.85,318.25,320.70,350,24075
20201112,14:52,326.80,326.80,319.15,323.05,900,24075
20201112,14:53,323.00,323.00,315.40,320.00,525,24075
20201112,14:54,315.30,325.05,315.30,321.80,800,25025
20201112,14:55,323.55,323.55,314.20,314.20,3425,25025
20201112,14:56,316.00,316.00,303.00,303.00,2725,25025
20201112,14:57,305.20,311.00,305.20,307.60,1025,26175
20201112,14:58,307.00,307.15,302.35,307.15,375,26175
20201112,14:59,304.60,307.95,302.55,302.55,950,26175
20201112,15:00,300.00,300.00,282.55,283.45,2625,27025
20201112,15:01,284.10,286.65,277.85,286.65,2700,27025
20201112,15:02,294.00,302.40,293.40,293.40,1050,27025
20201112,15:03,296.40,303.55,292.00,296.50,1200,27125
20201112,15:04,298.00,300.00,298.00,298.75,350,27125
20201112,15:05,297.75,301.55,296.60,296.60,1325,27125
20201112,15:06,296.60,297.45,288.65,288.65,575,27500
20201112,15:07,288.50,296.65,287.15,296.65,775,27500
20201112,15:08,294.05,298.70,294.05,298.70,125,27500
20201112,15:09,295.65,296.50,290.20,290.90,1075,26950
20201112,15:10,290.00,291.00,285.05,288.50,3250,26950
20201112,15:11,287.55,295.55,286.60,295.55,2675,26950
20201112,15:12,294.60,295.20,292.50,294.15,525,26225
20201112,15:13,293.60,293.60,289.45,289.45,475,26225
20201112,15:14,289.35,289.35,285.10,286.50,850,26225
20201112,15:15,286.45,286.50,277.15,277.85,1950,26125
20201112,15:16,277.85,279.15,276.05,277.35,1225,26125
20201112,15:17,276.75,279.00,275.65,279.00,575,26125
20201112,15:18,279.80,283.70,279.10,283.70,1025,28625
20201112,15:19,283.90,290.00,283.70,290.00,1075,28625
20201112,15:20,290.05,290.30,289.20,289.50,825,28625
20201112,15:21,288.05,288.05,284.40,284.80,775,28650
20201112,15:22,283.05,283.80,282.20,282.20,675,28650
20201112,15:23,283.75,283.75,279.60,279.60,1125,28650
20201112,15:24,279.65,280.95,279.00,280.00,1175,28075
20201112,15:25,280.00,280.85,276.00,277.15,1650,28075
20201112,15:26,276.75,278.55,276.75,277.00,1350,28075
20201112,15:27,277.25,282.20,276.00,281.00,1225,28250
20201112,15:28,280.90,284.50,280.05,284.50,1500,28250
20201112,15:29,284.55,293.90,283.10,293.90,5525,28250
20201113,09:15,356.15,463.55,356.10,449.05,46902,29950
20201113,09:16,445.70,460.45,441.50,447.30,36525,29950
20201113,09:17,449.15,460.35,433.90,459.50,25750,34475
20201113,09:18,462.95,477.15,457.50,472.55,42150,34475
20201113,09:19,471.80,473.05,445.75,455.30,33250,34475
20201113,09:20,455.45,485.15,452.35,476.75,67425,55425
20201113,09:21,476.20,476.20,457.05,468.55,41050,55425
20201113,09:22,466.70,475.00,460.40,470.35,27075,55425
20201113,09:23,469.65,472.05,456.55,464.45,28525,73225
20201113,09:24,460.95,483.85,459.05,483.85,43775,73225
20201113,09:25,487.70,490.00,466.60,484.45,61875,73225
20201113,09:26,484.95,505.65,475.45,505.65,58975,107000
20201113,09:27,506.70,507.30,488.40,492.75,35125,107000
20201113,09:28,492.55,492.55,480.70,489.10,28700,107000
20201113,09:29,489.60,491.45,480.00,480.35,34350,115350
20201113,09:30,475.00,482.60,461.40,478.05,35275,115350
20201113,09:31,476.90,499.00,476.90,490.80,32400,115350
20201113,09:32,485.85,486.10,472.00,479.25,28500,132325
20201113,09:33,478.20,492.55,476.30,486.55,23425,132325
20201113,09:34,488.00,488.00,477.10,480.70,18225,132325
20201113,09:35,481.20,520.00,477.60,516.60,78250,143275
20201113,09:36,513.95,536.80,507.05,510.80,53850,143275
20201113,09:37,509.45,518.30,497.75,501.75,21875,143275
20201113,09:38,500.05,517.75,500.00,507.30,23925,130000
20201113,09:39,510.75,512.65,496.70,503.55,16850,130000
20201113,09:40,502.25,507.80,487.25,506.30,26250,130000
20201113,09:41,508.05,518.00,502.75,513.45,21750,133525
20201113,09:42,513.40,515.30,497.95,504.60,17725,133525
20201113,09:43,505.40,511.60,500.75,507.15,14875,133525
20201113,09:44,505.45,507.00,490.50,491.30,20425,137025
20201113,09:45,491.50,502.15,491.45,495.20,14525,137025
20201113,09:46,496.05,496.70,474.05,478.35,36800,137025
20201113,09:47,477.35,479.30,466.75,473.50,35750,151825
20201113,09:48,473.50,474.55,451.35,473.65,53325,151825
20201113,09:49,473.75,483.75,468.45,478.70,25575,151825
20201113,09:50,476.00,489.80,476.00,486.15,19650,166525
20201113,09:51,487.05,492.70,477.25,482.00,15625,166525
20201113,09:52,480.00,489.00,478.75,485.35,7525,166525
20201113,09:53,485.65,487.50,480.05,487.50,7700,171000
20201113,09:54,488.70,489.60,480.70,480.95,9125,171000
20201113,09:55,480.80,480.80,462.40,470.65,20500,171000
20201113,09:56,473.10,474.05,465.55,469.70,11850,177175
20201113,09:57,467.75,478.50,466.20,467.25,13875,177175
20201113,09:58,464.65,471.60,464.25,465.85,11025,177175
20201113,09:59,468.25,477.20,466.60,475.50,9850,185150
20201113,10:00,470.25,486.90,470.25,486.90,21250,185150
20201113,10:01,487.40,491.20,480.80,482.25,28350,185150
20201113,10:02,483.25,485.00,466.30,468.00,18150,189275
20201113,10:03,467.65,472.70,455.35,459.35,22575,189275
20201113,10:04,459.20,468.55,456.00,468.55,13650,189275
20201113,10:05,466.85,466.85,452.05,455.80,20975,192100
20201113,10:06,455.55,458.45,444.20,452.80,23250,192100
20201113,10:07,453.90,465.35,453.80,455.00,23425,192100
20201113,10:08,455.00,464.20,450.00,460.00,9475,192725
20201113,10:09,459.55,466.25,458.65,465.15,9100,192725
20201113,10:10,464.75,474.55,457.20,459.40,12875,192725
20201113,10:11,456.20,464.65,453.25,464.65,8625,196400
20201113,10:12,462.75,475.00,462.75,470.00,16375,196400
20201113,10:13,469.75,478.00,468.20,474.70,16250,196400
20201113,10:14,473.20,473.50,456.30,461.70,16875,193000
20201113,10:15,460.65,462.50,449.20,450.85,24075,193000
20201113,10:16,451.30,451.80,420.00,440.30,51325,193000
20201113,10:17,438.80,440.30,425.00,428.85,22200,199175
20201113,10:18,428.05,429.00,396.70,403.50,49400,199175
20201113,10:19,402.90,416.50,402.90,410.25,29500,199175
20201113,10:20,408.20,408.20,390.25,402.00,32200,201475
20201113,10:21,400.40,412.00,390.25,390.25,26725,201475
20201113,10:22,388.15,388.95,374.35,379.70,39350,201475
20201113,10:23,381.25,386.85,376.70,384.95,19475,210675
20201113,10:24,383.30,383.30,286.05,302.60,95525,210675
20201113,10:25,293.65,333.75,293.65,331.25,91525,210675
20201113,10:26,330.00,334.25,321.10,325.65,48725,204975
20201113,10:27,326.90,336.90,323.90,332.95,29600,204975
20201113,10:28,333.40,341.10,325.10,340.15,43350,204975
20201113,10:29,335.45,339.85,324.90,327.95,27750,222150
20201113,10:30,328.45,338.55,320.00,331.40,27525,222150
20201113,10:31,334.05,336.80,328.25,328.25,15225,222150
20201113,10:32,329.80,343.15,327.05,342.15,23750,227425
20201113,10:33,343.15,354.10,339.45,345.55,21175,227425
20201113,10:34,345.70,354.00,337.55,340.40,22825,227425
20201113,10:35,341.80,344.45,336.60,343.15,11075,230350
20201113,10:36,342.55,352.85,342.20,351.10,19350,230350
20201113,10:37,351.00,361.55,350.60,357.30,21100,230350
20201113,10:38,359.35,371.95,358.40,362.15,28425,230250
20201113,10:39,359.25,360.45,343.95,343.95,23550,230250
20201113,10:40,344.05,358.80,344.05,356.90,15500,230250
20201113,10:41,358.00,363.00,353.50,356.15,12150,235650
20201113,10:42,358.45,363.65,354.10,354.70,11250,235650
20201113,10:43,356.25,359.40,349.25,356.95,13375,235650
20201113,10:44,358.00,358.75,351.15,357.20,6525,242200
20201113,10:45,355.05,361.25,342.05,344.50,21600,242200
20201113,10:46,341.80,341.80,323.85,330.15,33975,242200
20201113,10:47,330.60,330.60,317.75,327.85,23425,243750
20201113,10:48,327.40,338.00,327.00,335.70,11125,243750
20201113,10:49,336.60,339.05,332.05,335.90,6175,243750
20201113,10:50,339.00,345.00,333.25,341.35,16775,246425
20201113,10:51,341.55,356.55,340.35,354.90,15600,246425
20201113,10:52,356.30,356.30,345.40,355.50,9625,246425
20201113,10:53,356.00,360.50,352.80,355.05,11275,243725
20201113,10:54,355.10,365.20,355.10,356.15,21625,243725
20201113,10:55,355.15,360.80,349.80,359.90,10175,243725
20201113,10:56,360.60,368.95,358.05,358.15,32500,247975
20201113,10:57,358.20,361.85,344.50,345.00,13475,247975
20201113,10:58,346.05,349.15,340.30,340.30,9225,247975
20201113,10:59,339.55,346.00,339.55,341.50,8525,257300
20201113,11:00,341.35,352.00,339.95,350.45,11375,257300
20201113,11:01,350.50,357.80,347.50,356.30,8450,257300
20201113,11:02,357.00,359.05,354.00,357.10,8100,258725
20201113,11:03,357.80,360.00,339.85,339.85,11800,258725
20201113,11:04,339.65,342.25,326.80,329.05,26900,258725
20201113,11:05,328.85,335.65,328.00,335.50,9700,260625
20201113,11:06,334.65,345.00,334.50,338.95,10050,260625
20201113,11:07,338.00,349.00,338.00,345.50,9600,260625
20201113,11:08,347.55,347.55,341.05,341.95,4975,259000
20201113,11:09,342.00,345.50,340.35,342.00,5175,259000
20201113,11:10,343.00,347.85,339.45,345.00,6150,259000
20201113,11:11,346.25,352.70,338.20,341.50,10575,257400
20201113,11:12,342.15,349.45,338.80,345.95,5075,257400
20201113,11:13,346.95,349.00,335.00,338.70,7400,257400
20201113,11:14,339.75,343.90,334.80,338.05,6100,261825
20201113,11:15,338.55,346.95,338.55,343.00,6750,261825
20201113,11:16,342.50,353.75,342.50,346.45,10525,261825
20201113,11:17,346.35,348.20,338.00,340.40,6225,262125
20201113,11:18,337.10,346.85,336.00,342.90,5750,262125
20201113,11:19,344.55,347.65,341.30,344.10,3925,262125
20201113,11:20,344.75,346.35,341.50,345.10,2625,262075
20201113,11:21,345.30,349.65,341.70,347.95,3175,262075
20201113,11:22,345.70,347.00,334.35,338.80,8650,262075
20201113,11:23,337.35,342.00,337.35,341.05,4500,262775
20201113,11:24,339.15,343.35,335.70,343.35,3675,262775
20201113,11:25,342.50,356.00,341.95,350.00,9375,262775
20201113,11:26,350.00,361.40,350.00,355.10,13525,259125
20201113,11:27,355.40,359.50,347.40,351.35,8625,259125
20201113,11:28,352.30,361.00,351.90,357.05,7825,259125
20201113,11:29,356.00,377.85,355.95,374.00,33225,261600
20201113,11:30,372.55,395.00,372.55,376.80,58700,261600
20201113,11:31,379.55,379.85,368.00,368.00,14650,261600
20201113,11:32,368.00,373.35,365.25,365.25,8925,256175
20201113,11:33,362.45,362.70,352.35,359.70,16525,256175
20201113,11:34,360.15,363.95,351.50,351.50,10975,256175
20201113,11:35,348.20,352.45,343.55,351.45,13550,256650
20201113,11:36,350.55,361.95,349.10,357.90,11150,256650
20201113,11:37,357.35,362.90,352.05,352.05,10125,256650
20201113,11:38,353.85,358.30,348.65,349.70,8850,257175
20201113,11:39,350.10,357.40,345.45,350.95,6750,257175
20201113,11:40,353.40,358.35,350.00,356.60,7775,257175
20201113,11:41,356.00,360.85,351.85,352.00,7075,257325
20201113,11:42,354.15,358.90,352.35,354.85,3800,257325
20201113,11:43,357.10,364.55,354.60,357.40,7850,257325
20201113,11:44,357.35,359.50,354.20,355.00,4625,255400
20201113,11:45,355.70,360.80,355.70,355.80,7625,255400
20201113,11:46,356.45,365.80,355.75,364.05,6250,255400
20201113,11:47,361.10,366.20,361.10,364.50,5675,256000
20201113,11:48,363.35,372.30,357.10,359.10,13275,256000
20201113,11:49,356.10,361.00,354.60,355.75,11250,256000
20201113,11:50,354.65,356.10,335.05,336.80,24550,255400
20201113,11:51,336.40,345.00,329.65,344.60,19025,255400
20201113,11:52,344.00,350.00,343.95,347.60,6675,255400
20201113,11:53,346.00,346.10,337.00,337.00,7675,255225
20201113,11:54,335.25,340.35,333.65,340.05,5800,255225
20201113,11:55,339.10,346.35,339.10,343.70,7000,255225
20201113,11:56,343.40,344.85,335.00,339.20,8225,254825
20201113,11:57,339.50,345.90,339.50,343.60,3700,254825
20201113,11:58,345.00,347.30,342.75,343.50,3450,254825
20201113,11:59,344.90,345.90,337.65,343.00,7350,254725
20201113,12:00,341.80,355.65,338.45,355.65,10500,254725
20201113,12:01,355.65,355.65,350.00,351.60,6125,254725
20201113,12:02,352.00,354.50,348.00,349.15,8475,256625
20201113,12:03,348.75,348.75,339.00,342.75,13700,256625
20201113,12:04,341.65,343.40,337.55,343.40,6200,256625
20201113,12:05,344.00,350.80,342.45,345.00,4675,258825
20201113,12:06,343.45,346.00,338.10,338.20,6150,258825
20201113,12:07,339.00,343.45,337.35,341.30,4425,258825
20201113,12:08,339.70,340.75,332.65,340.00,13025,262800
20201113,12:09,336.30,336.30,321.85,330.90,19375,262800
20201113,12:10,330.45,333.45,324.95,332.05,8075,262800
20201113,12:11,331.85,336.80,330.55,335.05,9675,265200
20201113,12:12,335.90,337.40,330.00,334.55,7275,265200
20201113,12:13,334.45,340.40,334.45,337.55,9975,265200
20201113,12:14,338.20,339.20,330.40,338.00,6425,265800
20201113,12:15,337.90,338.00,329.05,337.20,6375,265800
20201113,12:16,339.70,352.00,339.25,352.00,25650,265800
20201113,12:17,352.00,353.35,345.90,351.00,8450,263700
20201113,12:18,350.60,362.50,348.00,349.00,21850,263700
20201113,12:19,349.30,349.90,344.15,345.45,4175,263700
20201113,12:20,346.10,361.35,345.30,356.35,8375,258975
20201113,12:21,358.15,365.00,356.30,358.95,8300,258975
20201113,12:22,358.35,358.75,348.65,349.20,6475,258975
20201113,12:23,347.05,351.90,344.15,351.70,5250,257175
20201113,12:24,353.80,356.80,351.95,353.55,3100,257175
20201113,12:25,353.00,354.30,345.35,349.25,3450,257175
20201113,12:26,348.75,354.75,348.00,351.35,3175,258575
20201113,12:27,349.40,353.60,345.75,352.15,5025,258575
20201113,12:28,353.40,355.00,350.10,352.60,2675,258575
20201113,12:29,352.05,360.70,352.05,355.00,12350,258575
20201113,12:30,357.00,366.75,357.00,364.80,15450,260625
20201113,12:31,364.40,365.10,347.60,348.50,18025,260625
20201113,12:32,347.20,350.15,334.20,340.75,21000,259900
20201113,12:33,338.25,345.90,338.25,343.85,7075,259900
20201113,12:34,343.10,345.50,338.35,341.05,4300,259900
20201113,12:35,340.40,348.40,340.40,345.50,6300,260225
20201113,12:36,344.00,348.00,340.95,345.35,4725,260225
20201113,12:37,346.00,348.25,341.65,343.70,3975,260225
20201113,12:38,343.60,345.00,340.25,343.70,2125,260175
20201113,12:39,342.95,342.95,333.15,335.00,6775,260175
20201113,12:40,333.35,346.15,333.35,344.25,6600,260175
20201113,12:41,344.25,354.60,344.25,350.00,11850,262750
20201113,12:42,349.80,354.60,346.40,349.70,6225,262750
20201113,12:43,350.15,350.90,341.45,342.15,4225,262750
20201113,12:44,344.10,350.00,344.10,348.30,2125,261300
20201113,12:45,349.35,363.80,349.35,350.65,22600,261300
20201113,12:46,348.75,350.90,341.05,350.85,9575,261300
20201113,12:47,351.95,352.40,341.20,346.75,7800,261375
20201113,12:48,346.90,347.00,338.60,340.45,9250,261375
20201113,12:49,340.55,345.00,338.80,341.30,2875,261375
20201113,12:50,341.45,343.30,333.65,333.70,9400,264550
20201113,12:51,330.25,333.95,295.00,298.30,75775,264550
20201113,12:52,299.15,308.05,296.40,308.05,49325,264550
20201113,12:53,307.05,310.00,301.25,307.00,17575,255350
20201113,12:54,306.80,306.80,298.10,301.80,13650,255350
20201113,12:55,302.20,304.30,289.85,302.75,27375,255350
20201113,12:56,300.90,308.00,297.25,301.50,15300,257600
20201113,12:57,303.40,311.70,302.60,304.90,8325,257600
20201113,12:58,304.00,310.45,302.50,305.00,7875,257600
20201113,12:59,304.60,307.65,299.95,301.05,8900,263525
20201113,13:00,301.75,306.15,300.05,303.25,6500,263525
20201113,13:01,304.00,304.75,294.15,299.75,16700,263525
20201113,13:02,298.85,298.85,284.05,284.05,27700,264050
20201113,13:03,265.05,281.30,263.30,276.05,74275,264050
20201113,13:04,276.45,284.10,276.45,284.00,17925,264050
20201113,13:05,284.00,287.00,272.60,278.95,21025,264050
20201113,13:06,279.45,288.00,279.45,280.20,23475,261375
20201113,13:07,280.15,288.00,280.15,286.05,13875,261375
20201113,13:08,286.95,293.30,286.75,287.95,18500,261875
20201113,13:09,288.55,290.45,282.65,286.85,12575,261875
20201113,13:10,286.60,286.60,277.00,282.50,13550,261875
20201113,13:11,285.30,292.00,284.35,289.55,11950,261875
20201113,13:12,288.00,290.50,286.00,286.90,13025,263600
20201113,13:13,286.65,288.40,279.90,283.10,10850,263600
20201113,13:14,283.00,288.00,275.45,275.95,11025,263600
20201113,13:15,276.90,284.80,275.35,280.90,9500,268075
20201113,13:16,282.65,287.95,281.90,286.35,13150,268075
20201113,13:17,286.50,303.00,286.50,295.75,35875,268075
20201113,13:18,295.10,309.60,293.95,298.80,25725,266275
20201113,13:19,299.65,306.50,297.10,298.25,14925,266275
20201113,13:20,296.25,297.95,288.60,295.25,11650,266275
20201113,13:21,296.35,299.25,292.30,292.30,5550,266450
20201113,13:22,290.65,295.90,288.85,294.05,9100,266450
20201113,13:23,293.80,300.60,293.80,296.15,10825,266450
20201113,13:24,296.00,296.10,291.70,294.70,10450,267025
20201113,13:25,294.65,295.00,280.85,294.30,15275,267025
20201113,13:26,293.00,301.90,293.00,298.00,13500,267025
20201113,13:27,298.00,298.00,285.00,288.70,13825,269025
20201113,13:28,289.65,291.40,279.00,279.00,13075,269025
20201113,13:29,280.40,286.20,277.30,280.45,10925,269025
20201113,13:30,278.80,291.85,278.80,289.90,9900,269950
20201113,13:31,290.95,290.95,272.05,277.50,18200,269950
20201113,13:32,276.10,276.10,263.45,271.30,28025,269950
20201113,13:33,270.95,275.00,269.90,274.40,11650,274500
20201113,13:34,273.50,278.25,271.45,275.00,9725,274500
20201113,13:35,272.70,283.80,270.10,283.80,13950,274500
20201113,13:36,282.15,287.85,280.05,282.75,18725,279575
20201113,13:37,283.60,290.70,281.50,289.80,11300,279575
20201113,13:38,288.50,294.25,286.00,289.30,13225,279575
20201113,13:39,286.60,289.70,278.95,281.50,12850,274800
20201113,13:40,283.00,292.00,281.50,290.75,10550,274800
20201113,13:41,291.65,292.90,277.00,281.15,11725,274800
20201113,13:42,280.15,281.65,273.00,273.45,8450,276450
20201113,13:43,273.80,278.60,266.15,276.10,24875,276450
20201113,13:44,275.90,283.00,274.00,279.75,14875,276450
20201113,13:45,278.75,279.15,271.00,273.90,13725,276925
20201113,13:46,272.80,278.10,272.65,274.85,5750,276925
20201113,13:47,275.70,280.35,271.35,276.00,16275,276925
20201113,13:48,278.15,278.75,242.50,260.20,50750,281300
20201113,13:49,262.90,262.90,233.75,242.05,64600,281300
20201113,13:50,242.00,242.00,232.00,241.25,26800,281300
20201113,13:51,240.00,249.45,240.00,244.90,27825,271825
20201113,13:52,245.35,251.00,243.35,249.40,15375,271825
20201113,13:53,249.90,250.00,235.90,243.45,27100,271825
20201113,13:54,243.05,244.05,220.20,228.25,40225,272525
20201113,13:55,228.00,231.45,216.00,216.00,48250,272525
20201113,13:56,213.85,222.70,213.85,219.30,32775,272525
20201113,13:57,221.35,223.95,219.00,221.00,25000,283325
20201113,13:58,221.90,228.35,220.00,228.20,11600,283325
20201113,13:59,228.35,232.60,224.50,227.00,14250,283325
20201113,14:00,226.15,228.75,222.50,224.65,12575,284100
20201113,14:01,224.05,224.90,216.40,220.15,15000,284100
20201113,14:02,220.90,224.45,218.50,223.50,6725,284100
20201113,14:03,223.95,223.95,195.70,201.00,44375,283050
20201113,14:04,200.55,203.35,194.30,203.35,26850,283050
20201113,14:05,202.75,202.75,193.55,196.80,16100,283050
20201113,14:06,196.60,201.30,195.20,199.20,24200,276450
20201113,14:07,195.15,201.85,193.45,199.50,14600,276450
20201113,14:08,200.80,205.95,199.15,202.85,19725,276450
20201113,14:09,201.95,203.60,187.95,190.00,17825,266375
20201113,14:10,190.60,201.60,190.60,200.10,12925,266375
20201113,14:11,199.80,203.00,198.85,200.45,8300,266375
20201113,14:12,200.00,210.00,200.00,204.25,15250,265075
20201113,14:13,205.10,205.20,199.40,203.25,6550,265075
20201113,14:14,203.65,208.85,203.65,206.50,6075,265075
20201113,14:15,205.95,207.00,197.00,201.35,16025,265525
20201113,14:16,201.70,207.45,201.70,203.40,9675,265525
20201113,14:17,203.60,204.75,200.25,204.75,5900,265525
20201113,14:18,205.00,206.00,196.60,200.00,27475,265450
20201113,14:19,201.00,203.15,198.80,202.85,5625,265450
20201113,14:20,202.40,203.10,196.50,203.00,14725,265450
20201113,14:21,203.00,211.95,203.00,208.95,27225,266550
20201113,14:22,208.05,214.85,206.95,213.80,12000,266550
20201113,14:23,212.80,219.85,211.40,211.40,13050,266550
20201113,14:24,212.85,213.30,207.85,211.05,7825,265550
20201113,14:25,211.80,221.35,211.80,220.65,18050,265550
20201113,14:26,220.65,220.65,205.30,205.30,17600,265550
20201113,14:27,205.10,210.05,201.40,206.80,20975,263475
20201113,14:28,207.10,212.00,204.70,211.85,9150,263475
20201113,14:29,210.45,210.75,198.00,199.80,15825,263475
20201113,14:30,199.00,201.30,184.35,189.95,31075,270325
20201113,14:31,190.55,193.75,189.50,191.80,17600,270325
20201113,14:32,190.90,196.10,190.90,193.50,5700,270325
20201113,14:33,194.15,194.55,189.00,190.50,8025,264400
20201113,14:34,189.65,194.05,178.95,186.85,22200,264400
20201113,14:35,186.85,188.40,183.20,186.50,20500,264400
20201113,14:36,187.80,188.70,182.40,188.55,8725,257825
20201113,14:37,190.00,194.10,185.70,193.85,13050,257825
20201113,14:38,193.95,201.55,190.90,200.65,9200,257825
20201113,14:39,199.40,203.50,195.10,197.75,9400,250900
20201113,14:40,197.10,201.25,189.85,193.15,7525,250900
20201113,14:41,192.80,192.80,185.00,189.95,13750,250900
20201113,14:42,190.30,191.70,185.00,190.00,8100,247575
20201113,14:43,189.60,190.40,183.35,187.40,14175,247575
20201113,14:44,188.95,190.00,183.95,188.75,8000,247575
20201113,14:45,188.90,190.75,182.00,184.85,8925,250575
20201113,14:46,186.20,186.20,175.10,176.20,14250,250575
20201113,14:47,175.60,176.50,162.65,166.00,41675,250575
20201113,14:48,165.55,171.50,165.35,168.00,14975,250825
20201113,14:49,166.50,167.00,157.15,161.75,28100,250825
20201113,14:50,162.00,167.10,161.90,165.35,10825,250825
20201113,14:51,165.25,166.00,153.55,155.00,13875,245575
20201113,14:52,154.80,155.75,144.30,147.70,28225,245575
20201113,14:53,147.45,153.00,147.45,150.55,14475,245575
20201113,14:54,150.35,154.00,149.95,151.90,8125,240600
20201113,14:55,153.00,153.05,149.90,149.90,10325,240600
20201113,14:56,149.85,155.25,147.90,154.20,15625,240600
20201113,14:57,153.80,156.05,152.00,153.00,6800,237450
20201113,14:58,152.60,155.55,151.35,152.10,7750,237450
20201113,14:59,152.25,153.80,150.10,152.60,7000,237450
20201113,15:00,152.90,158.60,152.10,156.75,13075,235475
20201113,15:01,156.55,157.55,151.10,155.10,9825,235475
20201113,15:02,155.50,157.50,154.35,156.90,11225,235475
20201113,15:03,156.10,160.00,154.20,157.60,11650,231125
20201113,15:04,157.15,158.00,155.00,155.40,7850,231125
20201113,15:05,155.30,157.00,153.70,156.15,8800,231125
20201113,15:06,156.75,159.15,156.60,158.00,9875,229875
20201113,15:07,158.10,160.95,157.50,158.25,9500,229875
20201113,15:08,157.70,159.50,156.95,158.85,8025,229875
20201113,15:09,158.95,160.00,157.10,160.00,7250,226375
20201113,15:10,159.80,160.60,155.00,157.10,12175,226375
20201113,15:11,156.75,160.10,156.75,160.00,10525,226375
20201113,15:12,160.05,162.55,158.20,161.80,8350,218850
20201113,15:13,161.65,167.05,161.65,162.55,16725,218850
20201113,15:14,162.80,164.70,160.65,161.70,10150,218850
20201113,15:15,161.55,165.45,161.55,165.05,9600,214750
20201113,15:16,165.45,171.45,164.70,170.90,15025,214750
20201113,15:17,171.25,175.70,166.90,167.20,13725,214750
20201113,15:18,168.15,174.75,168.00,171.90,4950,207525
20201113,15:19,172.55,173.55,168.20,168.95,5550,207525
20201113,15:20,168.75,169.00,161.30,161.30,17725,207525
20201113,15:21,161.20,161.45,156.85,160.40,23075,201175
20201113,15:22,161.50,162.35,158.70,161.25,13425,201175
20201113,15:23,161.55,171.40,161.55,171.30,11825,201175
20201113,15:24,171.70,175.55,171.25,174.15,12725,188925
20201113,15:25,175.35,177.50,171.10,172.55,14500,188925
20201113,15:26,173.10,173.90,172.55,173.30,3975,188925
20201113,15:27,174.65,177.90,174.35,174.65,7375,185550
20201113,15:28,174.30,174.90,171.65,171.75,5575,185550
20201113,15:29,171.70,176.35,170.65,176.35,10750,185550
20201114,18:15,150.10,150.10,113.40,122.50,5052,183600
20201114,18:16,123.20,175.00,118.10,122.10,20050,183600
20201114,18:17,121.05,123.10,117.35,117.35,10700,183775
20201114,18:18,118.40,118.45,113.65,114.00,37350,183775
20201114,18:19,114.10,118.65,113.25,117.55,18800,183775
20201114,18:20,117.55,135.80,117.25,134.70,13500,194050
20201114,18:21,134.30,134.30,116.00,116.00,15975,194050
20201114,18:22,116.10,116.70,115.00,115.80,5900,194050
20201114,18:23,115.80,116.30,115.10,115.75,3575,193450
20201114,18:24,115.25,117.35,115.10,115.75,10475,193450
20201114,18:25,116.20,116.25,113.35,113.35,15200,193450
20201114,18:26,113.15,113.25,109.60,110.20,9150,192500
20201114,18:27,110.80,113.25,110.80,112.35,3750,192500
20201114,18:28,112.35,116.15,112.05,116.05,3400,192500
20201114,18:29,116.25,125.25,115.30,122.20,13475,192700
20201114,18:30,121.05,121.05,114.35,115.00,5225,192700
20201114,18:31,114.80,116.30,114.40,116.30,2350,192700
20201114,18:32,115.90,116.30,114.95,115.10,2725,193100
20201114,18:33,115.00,115.55,114.90,115.50,825,193100
20201114,18:34,115.50,117.60,115.45,117.60,1875,193100
20201114,18:35,117.85,123.70,117.65,122.15,13625,194525
20201114,18:36,122.50,122.90,120.70,121.00,2600,194525
20201114,18:37,121.80,122.40,120.65,120.65,2300,194525
20201114,18:38,120.05,120.20,116.55,116.55,9400,198300
20201114,18:39,116.80,118.75,115.05,118.50,3600,198300
20201114,18:40,118.30,118.75,116.55,116.55,1875,198300
20201114,18:41,116.35,119.00,116.35,119.00,2400,199575
20201114,18:42,119.00,122.00,119.00,121.65,4025,199575
20201114,18:43,121.35,121.35,118.55,119.00,5700,199575
20201114,18:44,118.70,118.70,116.40,116.90,4750,201925
20201114,18:45,117.00,117.40,116.00,116.00,3625,201925
20201114,18:46,116.00,116.65,115.35,116.65,5475,201925
20201114,18:47,116.20,116.70,116.00,116.35,3700,206600
20201114,18:48,116.35,116.50,115.65,115.65,2225,206600
20201114,18:49,115.50,115.85,115.10,115.25,4350,206600
20201114,18:50,115.60,117.90,114.85,117.20,6475,208750
20201114,18:51,117.75,119.40,116.70,118.65,5350,208750
20201114,18:52,118.90,119.45,118.25,118.25,4300,208750
20201114,18:53,118.70,118.85,117.70,118.80,2875,209775
20201114,18:54,118.65,119.15,118.30,118.70,4100,209775
20201114,18:55,118.60,120.75,118.50,120.55,4225,209775
20201114,18:56,119.80,120.20,118.90,120.00,3250,210900
20201114,18:57,120.20,121.60,119.25,119.75,5075,210900
20201114,18:58,120.15,124.50,119.90,124.20,8400,210900
20201114,18:59,123.45,127.20,121.80,122.75,13175,208500
20201114,19:00,123.45,125.50,122.90,122.90,7500,208500
20201114,19:01,123.60,127.35,123.40,125.05,19475,208500
20201114,19:02,124.90,125.00,123.80,124.60,11800,211300
20201114,19:03,125.05,133.60,124.95,129.10,12500,211300
20201114,19:04,129.60,140.15,129.60,139.20,16875,211300
20201114,19:05,139.95,140.00,134.40,138.40,11850,211300
20201114,19:06,137.65,157.10,137.65,155.95,28425,211300
20201114,19:07,156.00,156.00,136.05,136.05,20650,211300
20201114,19:08,134.45,136.95,125.50,126.20,14100,207775
20201114,19:09,130.55,139.35,127.65,133.95,9225,207775
20201114,19:10,133.95,135.85,132.45,135.85,5950,207775
20201114,19:11,134.80,136.50,134.75,135.75,3700,206200
20201114,19:12,135.60,148.65,135.25,144.85,20350,206200
20201114,19:13,142.00,143.20,138.05,141.00,6725,206200
20201114,19:14,141.00,145.00,136.50,145.00,15550,209375
20201117,09:18,92.65,92.65,65.00,69.05,31103,203000
20201117,09:19,68.85,71.30,65.00,65.00,43275,203000
20201117,09:20,63.00,63.00,55.50,59.45,102375,203000
20201117,09:21,58.75,62.75,58.75,62.75,105650,203000
20201117,09:22,62.95,71.35,62.55,71.35,46250,203000
20201117,09:23,71.15,78.30,71.15,74.35,45100,203000
20201117,09:24,73.95,74.70,70.15,70.65,28900,203000
20201117,09:25,70.40,77.20,70.35,75.45,23650,203000
20201117,09:26,76.90,80.50,73.20,73.45,33525,203000
20201117,09:27,74.25,74.25,69.70,70.60,24025,203000
20201117,09:28,70.45,73.50,69.00,71.75,20475,203000
20201117,09:29,71.10,71.95,60.25,61.30,27425,203000
20201117,09:30,60.75,63.40,55.15,63.10,37900,203000
20201117,09:31,64.00,66.35,62.80,66.25,19450,203000
20201117,09:32,66.50,67.90,63.00,63.95,15050,203000
20201117,09:33,63.10,65.00,61.95,65.00,11875,203000
20201117,09:34,65.00,67.85,64.10,64.65,17450,203000
20201117,09:35,65.50,65.80,62.70,64.35,16500,281625
20201117,09:36,64.30,67.50,64.30,67.00,14025,281625
20201117,09:37,67.05,67.20,63.00,63.35,11625,281625
20201117,09:38,64.35,66.00,62.95,64.50,9000,304725
20201117,09:39,64.50,64.65,62.60,63.15,8350,304725
20201117,09:40,63.20,65.85,61.55,64.50,19275,304725
20201117,09:41,64.30,64.75,62.00,64.30,8650,278500
20201117,09:42,64.50,64.50,55.85,59.35,17575,278500
20201117,09:43,59.15,60.90,57.45,59.85,16100,278500
20201117,09:44,59.95,60.95,57.95,58.20,20550,276025
20201117,09:45,59.00,59.60,54.20,57.05,52300,276025
20201117,09:46,57.10,59.15,57.00,58.00,33600,276025
20201117,09:47,57.85,58.70,55.90,57.45,59800,281525
20201117,09:48,57.95,59.50,57.35,58.10,37650,281525
20201117,09:49,58.25,58.25,55.30,56.75,17975,281525
20201117,09:50,56.95,57.70,56.00,57.00,13800,233100
20201117,09:51,56.85,58.50,55.05,56.30,14400,233100
20201117,09:52,56.10,56.95,53.60,54.15,12125,233100
20201117,09:53,54.20,56.70,54.20,55.35,10400,237300
20201117,09:54,55.20,56.65,55.20,55.25,5575,237300
20201117,09:55,56.00,56.00,52.10,52.85,22900,237300
20201117,09:56,53.20,54.30,51.65,54.30,12225,238700
20201117,09:57,54.20,54.85,53.90,54.70,8825,238700
20201117,09:58,54.70,56.65,54.45,56.65,13950,238700
20201117,09:59,56.55,56.75,55.40,56.20,10400,236775
20201117,10:00,55.95,56.45,54.95,55.05,10550,236775
20201117,10:01,55.00,56.45,53.55,53.85,8600,236775
20201117,10:02,53.20,55.00,50.35,55.00,12200,237600
20201117,10:03,55.25,58.05,54.30,58.05,6725,237600
20201117,10:04,58.35,59.65,54.95,55.65,12800,237600
20201117,10:05,55.35,56.35,54.90,56.25,11075,237575
20201117,10:06,56.10,56.55,54.25,55.00,3950,237575
20201117,10:07,54.50,54.80,52.40,53.80,5175,237575
20201117,10:08,53.90,54.25,53.10,53.95,4550,237875
20201117,10:09,53.75,55.75,53.75,55.45,6725,237875
20201117,10:10,55.45,57.65,55.45,56.50,5700,237875
20201117,10:11,56.00,56.00,53.95,54.50,5275,234700
20201117,10:12,54.90,56.60,54.55,56.00,7375,234700
20201117,10:13,55.70,56.50,54.60,54.90,4800,234700
20201117,10:14,54.90,57.20,54.15,55.10,5000,235950
20201117,10:15,55.25,56.30,55.05,55.90,6900,235950
20201117,10:16,56.15,56.15,52.00,52.95,10325,235950
20201117,10:17,52.90,52.95,51.55,52.50,7875,234100
20201117,10:18,52.40,52.80,49.40,49.65,11850,234100
20201117,10:19,49.75,50.85,49.00,50.80,6300,234100
20201117,10:20,50.80,51.70,50.40,51.00,6750,231650
20201117,10:21,50.75,55.85,50.60,54.90,14150,231650
20201117,10:22,54.80,56.40,53.20,53.20,5550,231650
20201117,10:23,53.10,53.10,51.90,52.45,8625,215300
20201117,10:24,52.65,53.85,52.05,53.85,5325,215300
20201117,10:25,53.65,57.00,53.65,55.75,12975,215300
20201117,10:26,55.80,55.80,52.45,53.60,6850,229900
20201117,10:27,53.30,54.20,50.55,51.20,4675,229900
20201117,10:28,51.20,51.90,48.80,50.40,39475,229900
20201117,10:29,50.45,54.20,50.45,54.00,13050,254500
20201117,10:30,54.05,58.10,51.60,56.25,15725,254500
20201117,10:31,56.20,57.15,53.40,54.15,12050,254500
20201117,10:32,54.40,56.00,53.40,54.55,9350,254425
20201117,10:33,55.15,55.90,52.95,53.55,17350,254425
20201117,10:34,53.70,54.70,53.05,54.65,6375,254425
20201117,10:35,54.50,57.00,54.20,54.75,15575,244375
20201117,10:36,54.15,55.35,51.80,54.80,9375,244375
20201117,10:37,55.00,58.05,54.85,57.95,7425,244375
20201117,10:38,58.30,67.20,57.30,65.20,25150,246200
20201117,10:39,65.65,69.00,63.75,64.75,18925,246200
20201117,10:40,65.00,73.55,64.25,70.50,22975,246200
20201117,10:41,69.20,69.50,63.85,67.10,12075,238900
20201117,10:42,66.95,68.05,64.35,64.35,10825,238900
20201117,10:43,64.45,67.10,63.40,63.60,4425,238900
20201117,10:44,63.60,70.70,63.60,70.70,8150,239800
20201117,10:45,70.50,71.85,64.00,68.10,13725,239800
20201117,10:46,67.20,68.60,63.35,64.05,9950,239800
20201117,10:47,63.75,65.40,55.10,56.85,13700,238225
20201117,10:48,56.70,57.80,53.90,56.55,10225,238225
20201117,10:49,56.25,56.25,53.65,55.05,9475,238225
20201117,10:50,56.00,58.45,54.90,56.45,5100,237525
20201117,10:51,55.15,56.30,53.25,56.05,6400,237525
20201117,10:52,56.15,57.40,55.20,56.00,6000,237525
20201117,10:53,56.15,57.30,55.20,56.45,2325,237700
20201117,10:54,55.90,56.95,51.35,53.35,9675,237700
20201117,10:55,53.20,55.35,52.05,55.20,5400,237700
20201117,10:56,55.25,57.85,54.45,56.70,4275,238025
20201117,10:57,56.45,56.55,54.55,56.55,3550,238025
20201117,10:58,56.30,58.70,55.85,58.70,4875,238025
20201117,10:59,58.65,59.05,55.85,56.05,5300,239275
20201117,11:00,56.55,58.60,56.20,56.95,4850,239275
20201117,11:01,57.05,57.80,53.00,54.05,4775,239275
20201117,11:02,53.65,55.00,51.50,54.75,7300,238325
20201117,11:03,55.10,55.85,53.90,55.25,4500,238325
20201117,11:04,55.30,57.80,55.00,56.50,4100,238325
20201117,11:05,56.95,56.95,53.60,56.35,4950,240475
20201117,11:06,56.00,58.05,56.00,57.35,4900,240475
20201117,11:07,57.80,60.70,57.80,59.20,6775,240475
20201117,11:08,59.30,59.55,55.40,58.70,6175,240975
20201117,11:09,59.00,59.00,53.80,55.65,8400,240975
20201117,11:10,55.35,58.05,53.25,53.25,5350,240975
20201117,11:11,53.40,57.55,53.40,54.25,4400,242575
20201117,11:12,53.75,55.50,51.55,52.20,6000,242575
20201117,11:13,52.00,53.75,51.40,52.70,7350,242575
20201117,11:14,52.00,54.15,51.60,54.00,3250,239475
20201117,11:15,54.05,57.55,53.55,55.55,7375,239475
20201117,11:16,55.60,61.40,55.60,57.15,8850,239475
20201117,11:17,57.95,58.90,56.80,57.35,4650,238500
20201117,11:18,57.05,57.20,51.35,52.85,8975,238500
20201117,11:19,52.55,53.35,50.85,52.25,5600,238500
20201117,11:20,52.25,52.25,49.25,50.15,5375,239500
20201117,11:21,50.20,50.20,45.00,48.35,21300,239500
20201117,11:22,48.55,48.65,47.20,48.50,5500,239500
20201117,11:23,47.75,49.10,46.95,48.85,4600,239650
20201117,11:24,48.75,48.75,47.35,48.50,7700,239650
20201117,11:25,48.50,51.40,48.00,50.20,7325,239650
20201117,11:26,50.15,50.90,48.55,50.60,4475,236100
20201117,11:27,50.45,53.30,50.15,50.75,11000,236100
20201117,11:28,51.00,52.00,50.35,50.70,1650,236100
20201117,11:29,50.30,50.30,48.45,49.55,4000,238075
20201117,11:30,48.85,50.95,48.85,50.70,2825,238075
20201117,11:31,50.25,50.95,48.20,48.90,3650,238075
20201117,11:32,48.80,50.10,48.65,50.10,3275,238575
20201117,11:33,49.75,50.00,48.60,48.70,1800,238575
20201117,11:34,48.85,49.60,47.25,48.20,5225,238575
20201117,11:35,48.65,48.65,46.75,47.00,2650,235150
20201117,11:36,46.85,47.15,45.80,46.30,1725,235150
20201117,11:37,46.65,49.20,46.65,48.75,1700,235150
20201117,11:38,48.90,49.40,47.90,48.40,3025,234350
20201117,11:39,48.30,48.30,46.15,46.90,2425,234350
20201117,11:40,46.95,48.20,46.80,46.80,2375,234350
20201117,11:41,46.65,47.60,46.65,47.35,1000,236100
20201117,11:42,47.30,47.60,40.00,41.55,33150,236100
20201117,11:43,42.05,42.05,40.60,41.50,32675,236100
20201117,11:44,41.55,42.65,41.20,42.65,8275,259375
20201117,11:45,42.80,44.30,42.35,43.00,7675,259375
20201117,11:46,43.00,43.80,42.65,43.60,4875,259375
20201117,11:47,43.40,43.65,41.80,42.10,8300,262475
20201117,11:48,42.20,43.50,41.95,42.90,4575,262475
20201117,11:49,42.90,43.10,42.35,42.35,2375,262475
20201117,11:50,42.15,43.50,41.95,43.00,5825,261425
20201117,11:51,43.35,44.55,42.70,44.25,4100,261425
20201117,11:52,44.50,44.80,43.50,43.50,5875,261425
20201117,11:53,43.95,45.80,43.70,45.35,5225,262225
20201117,11:54,45.35,46.50,44.80,46.15,1800,262225
20201117,11:55,45.90,46.90,44.40,46.90,3550,262225
20201117,11:56,47.20,47.20,45.35,45.75,3450,257700
20201117,11:57,45.70,46.00,43.85,43.95,3100,257700
20201117,11:58,43.50,45.50,43.25,45.05,4000,257700
20201117,11:59,45.00,45.20,43.65,43.95,675,258925
20201117,12:00,44.20,44.25,43.05,43.25,2000,258925
20201117,12:01,44.00,44.25,43.00,43.55,2400,258925
20201117,12:02,43.40,43.45,41.85,42.75,2675,260275
20201117,12:03,43.40,43.90,42.70,43.90,6125,260275
20201117,12:04,43.85,45.10,43.70,45.10,2125,260275
20201117,12:05,45.10,45.10,44.00,45.00,1500,263175
20201117,12:06,45.00,45.70,43.45,44.40,3875,263175
20201117,12:07,44.25,44.65,43.50,43.70,1725,263175
20201117,12:08,43.50,43.80,42.90,43.20,725,261675
20201117,12:09,43.55,44.55,43.25,44.55,1725,261675
20201117,12:10,44.55,44.85,44.05,44.35,1225,261675
20201117,12:11,44.20,44.60,43.10,43.45,4075,263600
20201117,12:12,43.60,43.60,40.85,42.45,7225,263600
20201117,12:13,42.25,42.25,40.70,41.75,2375,263600
20201117,12:14,41.40,42.15,41.20,42.15,2775,266125
20201117,12:15,42.00,42.00,40.05,41.15,4000,266125
20201117,12:16,41.05,41.55,40.95,41.25,3100,266125
20201117,12:17,41.45,41.95,41.15,41.35,550,263925
20201117,12:18,41.25,41.45,40.50,40.75,2025,263925
20201117,12:19,40.85,41.60,40.40,40.80,8175,263925
20201117,12:20,40.50,42.10,40.50,42.00,13025,259075
20201117,12:21,41.75,42.65,41.45,42.25,12525,259075
20201117,12:22,42.00,44.20,41.90,43.65,13500,259075
20201117,12:23,43.85,45.05,43.85,44.50,7825,258550
20201117,12:24,44.40,45.20,43.55,43.75,14300,258550
20201117,12:25,43.85,44.45,43.40,43.40,4425,258550
20201117,12:26,43.45,43.80,42.60,43.60,6550,258575
20201117,12:27,43.65,43.90,43.10,43.55,3750,258575
20201117,12:28,43.70,43.70,41.60,42.25,4275,258575
20201117,12:29,42.00,43.05,38.65,39.75,12250,261150
20201117,12:30,38.10,39.95,38.10,39.60,16525,261150
20201117,12:31,39.35,41.35,39.10,40.50,8475,261150
20201117,12:32,40.75,41.10,40.35,40.70,3100,261850
20201117,12:33,40.60,40.75,40.00,40.30,3300,261850
20201117,12:34,40.30,41.40,40.25,40.50,4050,261850
20201117,12:35,40.55,40.75,38.90,39.75,3625,260400
20201117,12:36,39.90,39.90,38.50,39.65,3225,260400
20201117,12:37,39.30,39.80,39.05,39.80,1450,260400
20201117,12:38,39.55,50.40,39.55,47.75,26825,262400
20201117,12:39,47.85,51.95,47.60,50.95,19150,262400
20201117,12:40,50.35,51.00,47.50,47.95,8950,262400
20201117,12:41,48.15,50.85,47.85,49.55,7800,251625
20201117,12:42,49.35,50.30,48.40,49.65,4525,251625
20201117,12:43,49.45,50.60,46.70,48.00,4400,251625
20201117,12:44,48.20,48.20,47.30,47.40,5000,249375
20201117,12:45,47.10,47.35,42.00,44.40,10450,249375
20201117,12:46,43.25,44.80,42.80,44.10,2125,249375
20201117,12:47,43.90,44.35,41.30,43.15,3750,249975
20201117,12:48,43.10,43.10,40.55,41.65,6300,249975
20201117,12:49,41.80,42.40,40.95,41.55,3200,249975
20201117,12:50,41.55,42.20,41.35,41.65,1400,250425
20201117,12:51,41.00,41.75,39.60,41.75,3275,250425
20201117,12:52,41.90,43.15,41.30,41.65,2025,250425
20201117,12:53,42.80,43.75,42.15,43.50,3050,247925
20201117,12:54,43.00,43.60,40.95,41.90,3100,247925
20201117,12:55,41.85,43.30,41.75,42.65,2325,247925
20201117,12:56,42.30,42.40,40.90,41.15,2800,247925
20201117,12:57,40.50,41.50,39.05,41.50,2375,248875
20201117,12:58,41.40,42.60,41.40,42.45,1075,248875
20201117,12:59,42.85,43.45,42.00,43.45,850,248875
20201117,13:00,43.30,43.30,40.70,42.55,3100,249450
20201117,13:01,42.30,45.85,42.15,44.85,6875,249450
20201117,13:02,44.60,44.60,42.15,43.75,4450,249450
20201117,13:03,44.15,44.15,42.20,43.60,3275,251075
20201117,13:04,43.50,43.50,42.70,43.20,1225,251075
20201117,13:05,43.00,44.05,42.00,42.00,2200,251075
20201117,13:06,42.45,43.35,42.45,42.85,3975,251725
20201117,13:07,42.55,42.55,39.85,41.75,4125,251725
20201117,13:08,41.95,42.75,41.75,42.40,2550,251725
20201117,13:09,42.40,44.05,42.05,42.60,5675,254175
20201117,13:10,42.65,42.75,40.55,42.10,4575,254175
20201117,13:11,41.65,43.85,41.15,43.85,2525,254175
20201117,13:12,43.60,44.60,43.15,43.40,2175,251900
20201117,13:13,43.20,44.65,43.00,43.70,2125,251900
20201117,13:14,42.75,43.85,41.05,41.50,3750,251900
20201117,13:15,42.00,43.80,42.00,43.80,1375,252700
20201117,13:16,44.25,44.65,43.50,43.50,4900,252700
20201117,13:17,43.15,43.15,39.80,41.30,6925,252700
20201117,13:18,41.70,43.40,41.50,42.05,2400,255900
20201117,13:19,41.85,42.70,39.75,40.20,4825,255900
20201117,13:20,40.45,42.30,40.30,41.25,5000,255900
20201117,13:21,41.40,41.40,39.20,40.15,4575,257100
20201117,13:22,40.50,40.50,39.25,40.35,3825,257100
20201117,13:23,39.70,39.80,38.00,39.60,11075,257100
20201117,13:24,39.45,40.10,38.65,39.35,2700,253525
20201117,13:25,39.20,39.75,38.50,38.75,4550,253525
20201117,13:26,38.90,38.90,36.05,38.65,5275,253525
20201117,13:27,38.70,38.70,37.25,38.05,2200,253350
20201117,13:28,37.80,38.50,37.50,38.50,1025,253350
20201117,13:29,38.30,38.55,37.10,37.90,2075,253350
20201117,13:30,37.75,38.50,34.50,35.75,12525,254050
20201117,13:31,35.55,35.95,34.60,35.30,12175,254050
20201117,13:32,35.35,35.45,33.50,34.90,8025,254050
20201117,13:33,34.85,35.00,32.10,34.65,10300,256125
20201117,13:34,34.70,35.90,33.55,35.55,8425,256125
20201117,13:35,35.40,37.00,35.40,35.50,8600,256125
20201117,13:36,35.75,36.35,34.85,35.80,6200,258000
20201117,13:37,36.10,36.25,34.85,36.25,4150,258000
20201117,13:38,36.20,36.25,34.95,35.60,1925,258000
20201117,13:39,36.00,36.00,34.15,35.15,3200,259025
20201117,13:40,34.75,35.75,33.35,34.05,4200,259025
20201117,13:41,34.15,35.00,33.65,34.55,3350,259025
20201117,13:42,34.60,34.60,33.45,34.60,4725,259450
20201117,13:43,34.50,34.70,33.90,34.45,4650,259450
20201117,13:44,34.25,34.70,33.30,34.60,4850,259450
20201117,13:45,34.25,35.40,33.65,35.40,4825,260150
20201117,13:46,34.55,35.65,34.55,35.50,6450,260150
20201117,13:47,35.50,35.60,34.45,34.50,2375,260150
20201117,13:48,34.40,36.10,34.40,35.95,8225,261525
20201117,13:49,35.45,36.10,34.90,35.15,4200,261525
20201117,13:50,35.90,35.90,33.15,35.45,11950,261525
20201117,13:51,35.75,37.00,34.90,36.45,9075,261725
20201117,13:52,36.15,37.45,36.00,36.30,7775,261725
20201117,13:53,36.25,37.20,35.55,35.95,5350,261725
20201117,13:54,36.00,36.75,35.20,35.60,3350,263150
20201117,13:55,35.60,36.35,35.00,36.15,2850,263150
20201117,13:56,36.45,36.60,35.50,36.10,1275,263150
20201117,13:57,36.05,36.80,35.55,36.50,5100,263925
20201117,13:58,36.80,36.90,35.55,36.45,4325,263925
20201117,13:59,36.55,37.15,36.15,36.25,2625,263925
20201117,14:00,36.00,36.00,30.55,31.15,25750,266075
20201117,14:01,31.20,32.30,29.60,31.00,25375,266075
20201117,14:02,31.00,31.70,30.15,31.00,11800,266075
20201117,14:03,31.05,31.95,30.70,31.10,12250,267225
20201117,14:04,31.15,31.25,30.40,30.90,7000,267225
20201117,14:05,30.60,31.40,30.60,31.10,6775,267225
20201117,14:06,31.00,31.00,29.85,30.35,7750,268600
20201117,14:07,30.30,30.70,29.00,30.00,6625,268600
20201117,14:08,29.85,30.80,29.35,30.40,2700,268600
20201117,14:09,30.60,30.85,29.85,30.20,4825,267850
20201117,14:10,30.75,30.75,29.20,29.65,6650,267850
20201117,14:11,29.70,30.20,27.45,28.05,13875,267850
20201117,14:12,27.50,28.40,27.45,27.70,13975,269375
20201117,14:13,28.10,29.25,27.70,28.65,6925,269375
20201117,14:14,28.65,28.90,28.10,28.55,8750,269375
20201117,14:15,28.50,28.85,27.85,28.25,13225,266600
20201117,14:16,28.90,29.80,28.40,29.80,8075,266600
20201117,14:17,30.15,30.15,28.95,29.50,8675,266600
20201117,14:18,29.15,30.00,28.65,29.00,7250,268025
20201117,14:19,29.35,30.05,29.00,29.95,3350,268025
20201117,14:20,30.15,30.15,29.15,29.70,2050,268025
20201117,14:21,29.50,30.05,28.85,29.70,6475,270550
20201117,14:22,29.55,29.55,28.40,28.70,3700,270550
20201117,14:23,28.75,29.50,27.90,28.25,8725,270550
20201117,14:24,28.30,28.65,26.85,28.55,7225,269900
20201117,14:25,28.60,28.90,27.60,27.75,4975,269900
20201117,14:26,27.55,28.45,27.45,28.25,2325,269900
20201117,14:27,28.20,29.35,27.50,28.85,6775,270000
20201117,14:28,29.10,29.10,27.35,27.90,4400,270000
20201117,14:29,28.00,28.60,27.25,28.55,3525,270000
20201117,14:30,28.20,28.65,27.60,27.70,6400,265875
20201117,14:31,27.80,27.90,26.30,27.70,10450,265875
20201117,14:32,28.20,28.20,27.15,27.50,8825,265875
20201117,14:33,27.65,27.65,26.50,27.15,8075,269400
20201117,14:34,27.40,28.20,27.10,27.55,3775,269400
20201117,14:35,27.25,27.60,26.70,27.20,4425,269400
20201117,14:36,27.15,27.80,27.05,27.55,10375,273900
20201117,14:37,27.30,27.35,26.60,27.15,5675,273900
20201117,14:38,27.30,30.15,27.30,30.15,8375,273900
20201117,14:39,29.60,33.25,28.45,32.15,13650,274150
20201117,14:40,31.85,32.65,29.85,31.70,10800,274150
20201117,14:41,31.75,32.00,30.20,30.90,10050,274150
20201117,14:42,31.20,31.80,30.45,30.60,7050,278750
20201117,14:43,30.35,31.00,29.40,30.25,6100,278750
20201117,14:44,30.25,30.60,29.55,29.65,6400,278750
20201117,14:45,29.85,29.85,26.55,26.75,18425,280550
20201117,14:46,26.55,27.15,26.25,26.25,8350,280550
20201117,14:47,26.25,26.95,25.15,25.50,6950,280550
20201117,14:48,25.85,25.90,24.80,24.90,10075,275875
20201117,14:49,24.75,25.45,23.95,25.10,4725,275875
20201117,14:50,25.20,25.30,24.00,24.55,7950,275875
20201117,14:51,24.65,25.00,24.00,24.45,9150,270450
20201117,14:52,24.65,25.40,24.65,25.35,4200,270450
20201117,14:53,25.15,25.45,24.30,24.75,7675,270450
20201117,14:54,24.85,25.00,24.00,24.20,5750,269600
20201117,14:55,24.30,24.90,23.90,24.55,8700,269600
20201117,14:56,24.55,24.85,22.70,23.60,8375,269600
20201117,14:57,23.40,23.90,22.40,23.50,15775,272425
20201117,14:58,23.25,23.75,22.00,23.45,16950,272425
20201117,14:59,23.45,23.45,22.10,22.55,14300,272425
20201117,15:00,22.65,22.65,21.70,21.70,11250,263000
20201117,15:01,21.60,22.55,21.60,22.00,8325,263000
20201117,15:02,21.85,21.90,21.00,21.40,13250,263000
20201117,15:03,21.35,21.60,21.15,21.40,5450,254025
20201117,15:04,21.55,21.60,20.55,21.25,14425,254025
20201117,15:05,21.15,21.70,21.15,21.45,11025,254025
20201117,15:06,21.00,21.65,20.85,20.85,9725,242325
20201117,15:07,21.10,21.50,21.00,21.30,6475,242325
20201117,15:08,21.30,21.90,21.20,21.85,4150,242325
20201117,15:09,21.90,21.90,21.55,21.65,4125,241175
20201117,15:10,21.60,22.00,21.30,21.65,19300,241175
20201117,15:11,21.65,22.15,21.65,21.85,6675,241175
20201117,15:12,22.00,22.10,21.60,21.80,8875,237175
20201117,15:13,21.90,22.10,21.40,21.40,5400,237175
20201117,15:14,21.80,22.00,21.55,21.75,4725,237175
20201117,15:15,21.70,21.75,21.25,21.35,5250,237350
20201117,15:16,21.60,21.60,21.00,21.10,7250,237350
20201117,15:17,21.10,21.30,20.90,21.20,10950,237350
20201117,15:18,21.20,21.40,20.75,20.75,6475,236225
20201117,15:19,20.85,20.90,20.35,20.45,8525,236225
20201117,15:20,20.25,20.60,20.00,20.60,11125,236225
20201117,15:21,20.55,20.70,19.80,20.15,5450,237200
20201117,15:22,20.10,20.20,18.80,19.00,15675,237200
20201117,15:23,18.90,19.25,18.65,18.85,9150,237200
20201117,15:24,18.75,19.20,18.40,18.65,16600,229975
20201117,15:25,18.90,19.30,18.60,18.80,17125,229975
20201117,15:26,18.75,19.75,18.75,19.40,16125,229975
20201117,15:27,19.30,19.50,19.00,19.35,16700,224300
20201117,15:28,19.15,19.15,18.20,18.40,8750,224300
20201117,15:29,18.30,18.70,17.00,17.50,9050,224300
20201117,15:30,18.25,18.25,18.25,18.25,75,224300
20201118,09:15,22.00,22.00,15.85,16.45,17876,220575
20201118,09:16,16.75,16.75,13.65,14.30,18425,220575
20201118,09:17,14.35,14.50,13.45,14.15,22225,219250
20201118,09:18,14.30,14.90,13.65,13.65,12975,219250
20201118,09:19,13.50,14.40,13.35,13.55,8750,219250
20201118,09:20,13.45,14.40,13.20,13.60,11600,219275
20201118,09:21,13.80,14.55,13.15,13.90,9850,219275
20201118,09:22,13.75,13.75,11.90,12.00,21700,219275
20201118,09:23,12.10,12.95,11.95,12.70,20025,219775
20201118,09:24,12.80,12.90,12.15,12.40,16025,219775
20201118,09:25,12.45,12.90,12.25,12.80,6025,219775
20201118,09:26,12.80,13.00,12.50,12.90,5850,222600
20201118,09:27,12.80,13.00,12.70,12.90,3925,222600
20201118,09:28,12.90,13.05,12.60,12.65,7225,222600
20201118,09:29,12.70,13.35,12.60,13.10,11950,219025
20201118,09:30,13.10,13.10,12.40,12.90,7575,219025
20201118,09:31,12.90,13.00,12.30,12.50,5900,219025
20201118,09:32,12.55,12.55,11.75,11.85,10025,223475
20201118,09:33,11.80,12.25,11.65,12.05,5925,223475
20201118,09:34,12.00,12.10,11.45,11.70,3025,223475
20201118,09:35,11.65,12.40,11.65,12.20,3675,229400
20201118,09:36,12.20,13.00,12.20,13.00,5525,229400
20201118,09:37,12.85,13.00,12.55,12.60,8825,229400
20201118,09:38,12.85,13.40,12.85,13.30,5450,231500
20201118,09:39,13.35,14.05,13.20,13.70,8650,231500
20201118,09:40,13.70,14.30,13.15,13.65,6825,231500
20201118,09:41,13.30,13.95,13.10,13.35,3075,228125
20201118,09:42,13.35,13.35,12.20,12.65,5850,228125
20201118,09:43,12.65,13.10,12.60,12.60,3125,228125
20201118,09:44,12.65,13.10,12.40,12.45,6025,228725
20201118,09:45,12.40,12.60,12.00,12.20,5750,228725
20201118,09:46,12.25,12.55,11.95,12.30,3100,228725
20201118,09:47,12.35,12.45,12.15,12.35,1275,229550
20201118,09:48,12.45,12.75,12.40,12.40,2200,229550
20201118,09:49,12.50,12.50,11.85,12.15,5050,229550
20201118,09:50,12.30,12.30,11.65,11.75,5125,236000
20201118,09:51,11.80,12.05,11.80,12.05,3250,236000
20201118,09:52,12.00,12.15,11.85,12.15,1825,236000
20201118,09:53,12.00,12.45,11.80,12.30,7850,232675
20201118,09:54,12.30,12.75,12.25,12.55,3000,232675
20201118,09:55,12.35,12.40,11.85,11.90,2625,232675
20201118,09:56,11.85,12.20,11.60,11.70,3375,230275
20201118,09:57,11.80,11.80,11.55,11.80,2575,230275
20201118,09:58,11.90,12.00,11.65,11.75,1500,230275
20201118,09:59,11.75,12.10,11.75,11.75,1500,232225
20201118,10:00,11.75,11.95,11.70,11.85,2850,232225
20201118,10:01,11.90,11.90,11.05,11.80,4225,232225
20201118,10:02,11.80,11.80,11.50,11.50,825,233650
20201118,10:03,11.55,11.80,11.50,11.65,850,233650
20201118,10:04,11.75,12.00,11.60,12.00,2725,233650
20201118,10:05,12.00,12.00,11.70,11.90,2225,233275
20201118,10:06,12.00,12.00,11.50,11.75,1800,233275
20201118,10:07,11.90,12.00,11.75,11.95,675,233275
20201118,10:08,11.90,12.45,11.80,12.00,2975,233250
20201118,10:09,12.00,12.05,11.80,11.85,1500,233250
20201118,10:10,11.95,12.30,11.80,11.80,3000,233250
20201118,10:11,11.90,12.20,11.85,12.10,2250,232125
20201118,10:12,12.05,12.45,11.95,11.95,1975,232125
20201118,10:13,11.85,12.30,11.75,12.30,16150,232125
20201118,10:14,12.15,12.70,12.15,12.55,14475,230925
20201118,10:15,12.55,12.95,11.85,12.10,5100,230925
20201118,10:16,12.10,12.15,12.05,12.15,175,230925
20201118,10:17,12.20,12.50,12.00,12.35,3925,230700
20201118,10:18,12.35,12.45,12.20,12.35,1175,230700
20201118,10:19,12.50,12.65,12.35,12.35,1000,230700
20201118,10:20,12.50,12.65,12.10,12.40,1025,230400
20201118,10:21,12.50,12.65,12.25,12.55,3300,230400
20201118,10:22,12.70,12.70,12.25,12.70,5450,230400
20201118,10:23,12.75,12.90,12.50,12.60,1550,232675
20201118,10:24,12.55,12.90,12.55,12.80,825,232675
20201118,10:25,12.80,13.65,12.80,13.00,3600,232675
20201118,10:26,13.00,13.00,12.25,12.40,2225,232525
20201118,10:27,12.60,12.60,12.25,12.40,1700,232525
20201118,10:28,12.55,12.65,12.35,12.50,2025,232525
20201118,10:29,12.30,12.65,12.05,12.05,1650,225300
20201118,10:30,12.20,12.50,12.20,12.45,825,225300
20201118,10:31,12.55,12.55,12.25,12.25,1125,225300
20201118,10:32,12.05,12.25,11.90,12.25,2225,225750
20201118,10:33,12.30,12.30,12.15,12.15,250,225750
20201118,10:34,12.20,12.35,12.00,12.30,1500,225750
20201118,10:35,12.35,12.60,12.30,12.55,2600,224825
20201118,10:36,12.65,12.75,12.50,12.60,775,224825
20201118,10:37,12.60,12.60,12.25,12.35,975,224825
20201118,10:38,11.95,12.30,11.95,12.05,1725,225700
20201118,10:39,12.00,12.25,12.00,12.15,1275,225700
20201118,10:40,12.25,12.45,12.20,12.30,2100,225700
20201118,10:41,12.25,12.30,11.90,11.90,1725,227550
20201118,10:42,11.70,12.40,11.70,12.40,2875,227550
20201118,10:43,12.20,12.20,11.65,11.75,425,227550
20201118,10:44,11.80,12.15,11.55,12.15,1800,228025
20201118,10:45,11.95,12.35,11.95,12.05,2650,228025
20201118,10:46,12.20,12.20,11.70,11.70,1175,228025
20201118,10:47,11.70,11.85,11.70,11.75,700,228025
20201118,10:48,11.80,11.95,11.70,11.85,1750,226975
20201118,10:49,11.85,12.15,11.60,11.60,2675,226975
20201118,10:50,11.90,11.90,11.70,11.85,1100,225500
20201118,10:51,11.85,11.85,11.65,11.80,600,225500
20201118,10:52,11.80,11.90,11.55,11.55,2100,225500
20201118,10:53,11.65,11.85,11.60,11.85,875,225525
20201118,10:54,11.75,11.95,11.75,11.75,1925,225525
20201118,10:55,11.95,12.10,11.80,11.90,1100,225525
20201118,10:56,11.95,12.10,11.50,11.85,3525,225625
20201118,10:57,11.80,11.90,11.65,11.65,500,225625
20201118,10:58,11.65,11.85,11.65,11.80,550,225625
20201118,10:59,11.85,11.90,11.60,11.65,900,225050
20201118,11:00,11.65,11.95,11.65,11.90,1550,225050
20201118,11:01,11.90,11.95,11.75,11.90,525,225050
20201118,11:02,11.95,11.95,11.50,11.65,825,225225
20201118,11:03,11.70,11.95,11.65,11.85,600,225225
20201118,11:04,12.00,12.00,11.75,12.00,925,225225
20201118,11:05,11.95,12.20,11.75,12.00,4700,224850
20201118,11:06,12.20,12.60,11.90,12.25,2625,224850
20201118,11:07,12.40,13.20,12.15,12.80,8275,224850
20201118,11:08,12.65,12.90,12.50,12.50,1800,224750
20201118,11:09,12.70,13.20,12.50,12.70,3900,224750
20201118,11:10,12.80,13.70,12.65,13.15,5000,224750
20201118,11:11,12.95,13.45,12.90,13.30,3400,225100
20201118,11:12,13.25,13.45,12.85,13.00,4700,225100
20201118,11:13,12.85,13.05,12.65,12.90,1325,225100
20201118,11:14,12.75,12.85,12.20,12.40,7475,227800
20201118,11:15,12.45,13.25,12.25,13.15,6050,227800
20201118,11:16,13.05,13.50,13.05,13.05,1875,227800
20201118,11:17,12.90,13.00,12.35,12.45,4775,232175
20201118,11:18,12.45,13.10,12.45,13.00,3000,232175
20201118,11:19,12.80,13.15,12.50,12.90,2525,232175
20201118,11:20,13.05,13.75,12.75,13.30,4875,228950
20201118,11:21,13.60,13.60,12.80,13.00,4500,228950
20201118,11:22,13.25,13.35,13.05,13.20,1750,228950
20201118,11:23,13.25,13.25,12.70,12.80,925,228950
20201118,11:24,13.05,13.20,12.80,12.80,3075,227325
20201118,11:25,12.75,12.75,12.20,12.35,650,227325
20201118,11:26,12.45,13.05,12.35,12.90,5700,226400
20201118,11:27,12.65,12.85,12.40,12.55,550,226400
20201118,11:28,12.55,12.70,12.10,12.60,5100,226400
20201118,11:29,12.55,12.75,12.35,12.60,2950,231325
20201118,11:30,12.65,12.90,12.55,12.55,1125,231325
20201118,11:31,12.65,12.80,12.50,12.70,1100,231325
20201118,11:32,12.75,12.75,12.35,12.45,2550,230725
20201118,11:33,12.80,12.80,12.05,12.65,1750,230725
20201118,11:34,12.65,12.70,12.50,12.70,1050,230725
20201118,11:35,12.50,12.60,12.40,12.50,700,230200
20201118,11:36,12.75,12.95,12.45,12.50,1000,230200
20201118,11:37,12.45,12.55,12.25,12.45,1950,230200
20201118,11:38,12.65,12.65,12.35,12.40,1250,231575
20201118,11:39,12.20,12.35,12.10,12.35,1050,231575
20201118,11:40,12.30,12.35,12.05,12.10,500,231575
20201118,11:41,12.25,12.25,12.05,12.15,800,231825
20201118,11:42,12.25,12.25,11.90,12.00,800,231825
20201118,11:43,11.95,12.15,11.95,12.15,975,231825
20201118,11:44,12.05,12.05,11.70,12.05,2075,231825
20201118,11:45,11.80,11.80,11.15,11.70,2050,232700
20201118,11:46,11.60,11.85,11.50,11.75,1175,232700
20201118,11:47,11.75,11.75,11.55,11.55,225,232700
20201118,11:48,11.30,11.35,11.05,11.10,2725,231425
20201118,11:49,11.10,11.40,11.10,11.40,1050,231425
20201118,11:50,11.25,11.40,11.20,11.20,875,231025
20201118,11:51,11.25,11.30,11.10,11.20,1125,231025
20201118,11:52,11.20,11.40,11.20,11.25,1025,231025
20201118,11:53,11.25,11.40,11.25,11.25,450,230550
20201118,11:54,11.30,11.40,11.20,11.25,600,230550
20201118,11:55,11.30,11.45,11.20,11.30,1775,230550
20201118,11:56,11.40,11.65,11.30,11.45,2325,230325
20201118,11:57,11.50,11.75,11.35,11.35,475,230325
20201118,11:58,11.65,11.65,11.50,11.50,350,230325
20201118,11:59,11.65,11.70,11.45,11.55,525,230325
20201118,12:00,11.45,11.75,11.35,11.40,1650,230925
20201118,12:01,11.35,11.60,11.20,11.55,2950,230925
20201118,12:02,11.45,11.45,11.25,11.25,1550,231525
20201118,12:03,11.30,11.50,11.20,11.20,850,231525
20201118,12:04,11.15,11.45,11.10,11.10,2450,231525
20201118,12:05,11.20,11.20,10.70,10.85,4125,231900
20201118,12:06,10.85,10.85,10.45,10.70,2775,231900
20201118,12:07,10.70,10.75,10.45,10.60,2100,231900
20201118,12:08,10.60,10.60,10.30,10.40,1625,233200
20201118,12:09,10.40,10.40,10.20,10.30,7200,233200
20201118,12:10,10.30,10.35,10.05,10.15,975,233200
20201118,12:11,10.20,10.30,9.95,10.10,3325,231500
20201118,12:12,10.00,10.10,9.95,10.00,2750,231500
20201118,12:13,9.85,10.05,9.80,10.05,3625,231500
20201118,12:14,10.05,10.25,9.95,9.95,1425,230550
20201118,12:15,10.05,10.15,9.90,9.95,1175,230550
20201118,12:16,9.95,10.05,9.65,9.80,1125,230550
20201118,12:17,9.85,9.85,9.55,9.80,1050,230475
20201118,12:18,9.85,9.85,9.35,9.40,4350,230475
20201118,12:19,9.45,9.55,9.25,9.35,1125,230475
20201118,12:20,9.20,9.20,8.75,8.85,3925,230475
20201118,12:21,8.90,9.10,8.80,8.85,1325,226700
20201118,12:22,8.95,9.15,8.95,9.15,1725,226700
20201118,12:23,9.05,9.05,8.95,9.05,1275,226700
20201118,12:24,9.00,9.40,9.00,9.05,2700,227725
20201118,12:25,9.00,9.35,8.95,9.30,3475,227725
20201118,12:26,9.30,9.30,8.95,9.05,5125,227725
20201118,12:27,9.05,9.25,8.90,9.10,3050,228775
20201118,12:28,9.00,9.00,8.90,8.90,1400,228775
20201118,12:29,8.90,9.05,8.85,8.95,900,228775
20201118,12:30,8.85,9.00,8.85,9.00,275,229400
20201118,12:31,8.95,9.00,8.90,9.00,200,229400
20201118,12:32,8.85,9.10,8.80,9.00,400,229400
20201118,12:33,8.95,9.00,8.85,8.85,1625,228600
20201118,12:34,8.95,9.00,8.55,8.55,1875,228600
20201118,12:35,8.60,8.60,8.25,8.30,1500,228600
20201118,12:36,8.30,8.55,8.25,8.55,900,227200
20201118,12:37,8.50,8.60,8.35,8.50,4750,227200
20201118,12:38,8.80,9.20,8.55,9.10,13375,227200
20201118,12:39,9.10,9.35,8.85,9.25,2175,226200
20201118,12:40,9.45,9.45,9.00,9.30,3850,226200
20201118,12:41,9.20,10.45,9.20,10.10,11175,226200
20201118,12:42,9.90,10.00,9.50,9.55,3050,226900
20201118,12:43,9.55,9.65,9.25,9.25,1450,226900
20201118,12:44,9.30,9.45,9.25,9.40,2700,226900
20201118,12:45,9.25,9.40,8.90,9.10,1900,226825
20201118,12:46,8.95,9.30,8.95,8.95,2625,226825
20201118,12:47,9.00,9.15,8.55,8.70,10700,226825
20201118,12:48,8.85,8.90,8.45,8.65,3350,221500
20201118,12:49,8.60,8.75,8.40,8.50,2950,221500
20201118,12:50,8.45,8.45,8.00,8.35,4775,221500
20201118,12:51,8.20,8.75,7.50,8.10,12475,219950
20201118,12:52,8.25,8.55,8.00,8.45,9600,219950
20201118,12:53,8.25,8.80,8.25,8.50,4225,219950
20201118,12:54,8.60,8.65,8.35,8.40,2300,217525
20201118,12:55,8.35,8.55,8.25,8.55,3050,217525
20201118,12:56,8.55,8.55,8.05,8.05,1425,217525
20201118,12:57,8.20,8.40,8.15,8.15,850,218675
20201118,12:58,8.10,8.20,8.05,8.05,750,218675
20201118,12:59,7.85,8.00,7.85,7.90,1025,218675
20201118,13:00,7.85,7.95,7.65,7.70,5225,217500
20201118,13:01,7.70,7.75,7.50,7.70,2375,217500
20201118,13:02,7.70,7.80,7.60,7.70,4900,217500
20201118,13:03,7.70,7.70,7.35,7.50,8350,216700
20201118,13:04,7.45,7.50,7.20,7.45,6100,216700
20201118,13:05,7.45,7.55,7.20,7.45,18150,216700
20201118,13:06,7.45,7.65,7.45,7.55,3500,218975
20201118,13:07,7.65,7.65,7.40,7.50,4375,218975
20201118,13:08,7.50,7.65,7.45,7.50,3800,218975
20201118,13:09,7.55,7.55,7.35,7.50,5200,214100
20201118,13:10,7.50,7.50,7.10,7.50,6050,214100
20201118,13:11,7.35,7.50,7.25,7.35,3375,214100
20201118,13:12,7.30,7.30,7.10,7.25,2600,216175
20201118,13:13,7.35,7.45,7.30,7.40,2725,216175
20201118,13:14,7.30,7.40,7.25,7.35,3425,216175
20201118,13:15,7.35,7.50,7.30,7.45,1500,213000
20201118,13:16,7.55,7.70,7.50,7.65,2575,213000
20201118,13:17,7.60,7.60,7.40,7.40,1400,213000
20201118,13:18,7.45,7.60,7.45,7.50,1425,211400
20201118,13:19,7.55,7.55,7.40,7.55,2125,211400
20201118,13:20,7.50,7.50,7.35,7.35,3775,211400
20201118,13:21,7.40,7.40,7.30,7.35,1050,208900
20201118,13:22,7.30,7.40,7.10,7.15,4400,208900
20201118,13:23,7.10,7.10,6.85,7.00,7125,208900
20201118,13:24,7.00,7.00,6.90,7.00,4300,208575
20201118,13:25,7.00,7.15,6.90,7.15,4150,208575
20201118,13:26,7.05,7.20,7.05,7.15,2200,208575
20201118,13:27,7.10,7.15,7.10,7.10,1750,212150
20201118,13:28,7.10,7.15,6.80,6.90,6000,212150
20201118,13:29,6.90,6.90,6.75,6.80,2100,212150
20201118,13:30,6.80,6.90,6.70,6.80,2850,212025
20201118,13:31,6.80,6.95,6.75,6.90,3600,212025
20201118,13:32,6.90,8.15,6.90,8.15,11625,212025
20201118,13:33,8.15,8.20,7.65,7.85,8125,211125
20201118,13:34,7.95,8.05,7.75,7.80,1900,211125
20201118,13:35,7.85,7.90,7.60,7.60,3550,211125
20201118,13:36,7.60,7.60,7.40,7.45,3525,216000
20201118,13:37,7.35,7.40,7.10,7.20,2950,216000
20201118,13:38,7.15,7.15,6.90,7.10,3675,216000
20201118,13:39,7.05,7.15,6.95,7.10,1625,216400
20201118,13:40,7.05,7.40,6.95,7.00,10675,216400
20201118,13:41,7.00,7.20,7.00,7.10,2875,216400
20201118,13:42,7.05,7.10,6.80,6.95,1975,215325
20201118,13:43,6.90,6.95,6.70,6.70,1900,215325
20201118,13:44,6.80,6.80,6.55,6.70,7675,215325
20201118,13:45,6.60,6.75,6.50,6.60,3150,215350
20201118,13:46,6.70,6.80,6.60,6.75,3825,215350
20201118,13:47,6.85,6.85,6.70,6.70,1900,215350
20201118,13:48,6.60,6.80,6.50,6.80,9975,214700
20201118,13:49,6.65,6.90,6.60,6.75,6025,214700
20201118,13:50,6.75,6.75,6.50,6.60,2575,214700
20201118,13:51,6.55,6.60,6.45,6.45,8400,209350
20201118,13:52,6.45,6.50,6.35,6.35,3350,209350
20201118,13:53,6.35,6.45,6.10,6.15,11575,209350
20201118,13:54,6.10,6.20,6.05,6.05,3825,210950
20201118,13:55,6.05,6.15,5.80,6.10,17875,210950
20201118,13:56,6.10,6.20,5.95,6.10,9925,210950
20201118,13:57,6.10,6.20,5.95,5.95,6400,208700
20201118,13:58,6.00,6.15,5.95,6.10,12625,208700
20201118,13:59,6.15,6.40,6.05,6.35,6875,208700
20201118,14:00,6.30,6.35,6.05,6.05,9500,209575
20201118,14:01,6.05,6.10,6.00,6.10,8275,209575
20201118,14:02,6.00,6.15,6.00,6.10,2600,209575
20201118,14:03,6.15,6.15,5.80,5.90,3950,196625
20201118,14:04,5.80,6.25,5.80,6.25,5200,196625
20201118,14:05,6.15,6.15,6.00,6.10,3450,196625
20201118,14:06,6.15,6.30,6.00,6.15,4100,192775
20201118,14:07,6.05,6.55,6.00,6.10,6100,192775
20201118,14:08,6.15,6.25,6.00,6.10,3650,192775
20201118,14:09,6.15,6.30,6.00,6.20,6300,191700
20201118,14:10,6.25,6.25,5.90,5.95,7500,191700
20201118,14:11,5.90,5.90,5.70,5.75,3100,191700
20201118,14:12,5.85,5.90,5.55,5.75,4025,189025
20201118,14:13,5.65,5.75,5.60,5.70,4075,189025
20201118,14:14,5.70,5.75,5.40,5.45,11400,189025
20201118,14:15,5.50,5.60,5.40,5.50,3775,185850
20201118,14:16,5.55,5.75,5.45,5.75,4750,185850
20201118,14:17,5.80,6.35,5.80,6.20,6775,185850
20201118,14:18,6.25,6.25,5.85,5.90,3925,183450
20201118,14:19,5.85,5.95,5.40,5.55,5400,183450
20201118,14:20,5.60,5.60,5.35,5.45,2825,183450
20201118,14:21,5.45,5.55,5.45,5.50,800,183775
20201118,14:22,5.40,5.50,5.30,5.35,2025,183775
20201118,14:23,5.35,5.50,5.25,5.50,2550,183775
20201118,14:24,5.45,5.50,5.20,5.30,925,179125
20201118,14:25,5.20,5.45,5.20,5.30,3625,179125
20201118,14:26,5.30,5.35,5.15,5.30,1800,179125
20201118,14:27,5.30,5.45,5.15,5.30,1875,174200
20201118,14:28,5.30,5.40,5.15,5.15,3100,174200
20201118,14:29,5.15,5.25,5.05,5.10,4600,174200
20201118,14:30,5.10,5.15,4.90,5.10,10600,172000
20201118,14:31,5.20,5.30,5.10,5.30,16600,172000
20201118,14:32,5.30,5.65,5.30,5.65,13175,172000
20201118,14:33,5.40,5.55,5.35,5.35,750,162250
20201118,14:34,5.40,5.50,5.35,5.35,1500,162250
20201118,14:35,5.30,5.45,5.30,5.40,600,162250
20201118,14:36,5.45,5.45,5.20,5.20,1875,162125
20201118,14:37,5.15,5.30,4.90,5.30,4225,162125
20201118,14:38,5.35,5.35,5.00,5.10,1950,162125
20201118,14:39,5.05,5.15,5.00,5.05,3625,161200
20201118,14:40,5.05,5.15,4.95,5.00,6600,161200
20201118,14:41,5.00,5.10,5.00,5.10,2100,161200
20201118,14:42,5.00,5.05,4.90,4.90,4275,162125
20201118,14:43,4.95,5.10,4.90,5.10,1050,162125
20201118,14:44,5.05,5.10,4.90,4.95,3875,162125
20201118,14:45,4.95,5.00,4.90,4.90,1425,163425
20201118,14:46,4.85,4.90,4.75,4.75,725,163425
20201118,14:47,4.90,4.95,4.80,4.85,3150,163425
20201118,14:48,5.00,5.00,4.80,4.85,4950,162225
20201118,14:49,4.80,4.90,4.75,4.80,1725,162225
20201118,14:50,4.80,4.80,4.65,4.70,2125,162225
20201118,14:51,4.80,4.80,4.60,4.70,2200,164450
20201118,14:52,4.75,4.80,4.65,4.65,1800,164450
20201118,14:53,4.75,4.80,4.70,4.80,2800,164450
20201118,14:54,4.80,5.00,4.70,5.00,4075,166075
20201118,14:55,4.90,5.00,4.85,5.00,1775,166075
20201118,14:56,4.85,5.05,4.80,5.05,4300,166075
20201118,14:57,4.95,5.10,4.70,4.70,8200,164150
20201118,14:58,4.90,5.05,4.85,5.00,2625,164150
20201118,14:59,4.90,5.20,4.80,5.10,11400,164150
20201118,15:00,5.15,5.40,5.15,5.35,9475,167400
20201118,15:01,5.35,5.35,5.05,5.05,1900,167400
20201118,15:02,5.10,5.10,4.95,4.95,3325,167400
20201118,15:03,5.00,5.45,4.70,5.45,10375,168025
20201118,15:04,5.50,6.25,5.45,6.20,9300,168025
20201118,15:05,6.20,6.30,5.65,5.75,10150,168025
20201118,15:06,5.80,5.90,5.70,5.80,4225,161775
20201118,15:07,5.85,5.85,5.45,5.50,3550,161775
20201118,15:08,5.55,5.55,5.35,5.40,1350,161775
20201118,15:09,5.45,5.55,5.35,5.35,1500,158275
20201118,15:10,5.40,5.40,5.20,5.35,3575,158275
20201118,15:11,5.35,5.35,5.10,5.25,7800,158275
20201118,15:12,5.25,5.40,5.20,5.35,6700,157375
20201118,15:13,5.40,5.45,5.40,5.40,2050,157375
20201118,15:14,5.45,5.60,5.35,5.60,4700,157375
20201118,15:15,5.60,5.65,5.45,5.45,3100,159575
20201118,15:16,5.50,5.75,5.45,5.45,2150,159575
20201118,15:17,5.50,5.65,5.50,5.55,2225,159575
20201118,15:18,5.60,5.65,5.35,5.40,6400,160025
20201118,15:19,5.35,5.40,5.15,5.15,7575,160025
20201118,15:20,5.25,5.30,5.10,5.25,4800,160025
20201118,15:21,5.20,5.30,5.05,5.20,6575,153675
20201118,15:22,5.20,5.20,5.00,5.10,4350,153675
20201118,15:23,4.90,5.10,4.80,5.10,3450,153675
20201118,15:24,5.05,5.15,4.90,4.95,6625,153100
20201118,15:25,5.10,5.30,5.05,5.25,4825,153100
20201118,15:26,5.30,5.35,5.10,5.15,8025,153100
20201118,15:27,5.15,5.40,5.05,5.35,5025,152650
20201118,15:28,5.35,5.40,5.00,5.10,3225,152650
20201118,15:29,5.10,5.20,4.50,4.50,4600,152650
20201119,09:15,5.25,7.70,1.35,1.60,18627,141200
20201119,09:16,1.45,1.70,1.35,1.60,19625,141200
20201119,09:17,1.55,1.60,1.35,1.50,8325,143525
20201119,09:18,1.50,1.60,1.40,1.60,15675,143525
20201119,09:19,1.55,1.60,1.45,1.50,14525,143525
20201119,09:20,1.55,1.55,1.35,1.35,5900,145425
20201119,09:21,1.35,1.35,1.15,1.25,7700,145425
20201119,09:22,1.30,1.40,1.20,1.25,8300,145425
20201119,09:23,1.25,1.25,1.10,1.20,4550,150275
20201119,09:24,1.15,1.25,1.10,1.20,4050,150275
20201119,09:25,1.15,1.20,1.10,1.10,7850,150275
20201119,09:26,1.15,1.20,1.05,1.15,5600,154500
20201119,09:27,1.10,1.15,1.05,1.10,1650,154500
20201119,09:28,1.10,1.10,1.00,1.10,4775,154500
20201119,09:29,1.10,1.10,0.90,0.95,3675,162625
20201119,09:30,0.95,1.00,0.80,0.90,1275,162625
20201119,09:31,0.90,0.95,0.85,0.95,2700,162625
20201119,09:32,0.90,0.95,0.90,0.90,825,164625
20201119,09:33,0.90,0.95,0.90,0.95,1650,164625
20201119,09:34,0.90,0.95,0.90,0.90,2400,164625
20201119,09:35,0.95,0.95,0.80,0.85,3025,166200
20201119,09:36,0.90,0.95,0.75,0.95,3850,166200
20201119,09:37,0.90,0.90,0.65,0.85,11400,166200
20201119,09:38,0.80,0.90,0.75,0.80,3425,164800
20201119,09:39,0.75,0.85,0.75,0.80,750,164800
20201119,09:40,0.80,0.85,0.80,0.80,400,164800
20201119,09:41,0.85,0.85,0.80,0.85,2800,165400
20201119,09:42,0.85,0.85,0.75,0.80,1250,165400
20201119,09:43,0.80,0.90,0.75,0.85,6900,165400
20201119,09:44,0.85,0.90,0.85,0.85,2900,167800
20201119,09:45,0.85,0.90,0.85,0.90,2525,167800
20201119,09:46,0.90,0.95,0.90,0.95,2550,167800
20201119,09:47,0.95,0.95,0.90,0.95,8250,168925
20201119,09:48,0.90,0.90,0.70,0.90,3550,168925
20201119,09:49,0.90,0.90,0.70,0.80,11150,168925
20201119,09:50,0.80,0.85,0.80,0.85,1700,168600
20201119,09:51,0.80,0.90,0.80,0.90,4725,168600
20201119,09:52,0.80,0.85,0.75,0.80,5525,168600
20201119,09:53,0.80,0.80,0.75,0.80,2675,168200
20201119,09:54,0.75,0.80,0.70,0.70,1150,168200
20201119,09:55,0.70,0.75,0.70,0.75,600,168200
20201119,09:56,0.70,0.75,0.70,0.75,1625,168125
20201119,09:57,0.70,0.75,0.70,0.70,1450,168125
20201119,09:58,0.70,0.70,0.70,0.70,375,168125
20201119,09:59,0.70,0.70,0.70,0.70,350,165425
20201119,10:00,0.75,0.80,0.75,0.80,700,165425
20201119,10:01,0.75,0.75,0.75,0.75,450,165425
20201119,10:02,0.75,0.80,0.70,0.70,1675,165050
20201119,10:03,0.70,0.80,0.70,0.80,1325,165050
20201119,10:04,0.85,0.85,0.80,0.80,375,165050
20201119,10:05,0.80,0.85,0.80,0.85,1200,154900
20201119,10:06,0.80,0.80,0.80,0.80,100,154900
20201119,10:07,0.75,0.80,0.75,0.80,100,154900
20201119,10:08,0.85,0.85,0.85,0.85,300,154900
20201119,10:09,0.80,0.80,0.75,0.80,1600,155675
20201119,10:10,0.80,0.80,0.75,0.80,1050,155675
20201119,10:11,0.85,0.90,0.80,0.80,4625,155700
20201119,10:12,0.80,0.85,0.75,0.85,2950,155700
20201119,10:13,0.85,0.85,0.80,0.80,2050,155700
20201119,10:14,0.80,0.85,0.80,0.85,2275,157600
20201119,10:15,0.80,1.00,0.80,0.90,1800,157600
20201119,10:16,0.70,0.85,0.70,0.70,1350,157600
20201119,10:17,0.80,0.90,0.80,0.90,375,161725
20201119,10:18,0.90,0.90,0.85,0.85,1325,161725
20201119,10:19,0.85,0.90,0.85,0.90,1950,161725
20201119,10:20,0.85,0.85,0.85,0.85,50,156400
20201119,10:21,0.85,0.85,0.85,0.85,600,156400
20201119,10:22,0.85,0.85,0.80,0.85,525,156400
20201119,10:23,0.90,0.90,0.80,0.85,450,154850
20201119,10:24,0.85,0.90,0.85,0.90,75,154850
20201119,10:26,0.90,0.90,0.90,0.90,25,155425
20201119,10:27,0.80,0.80,0.80,0.80,225,155425
20201119,10:28,0.80,0.80,0.80,0.80,200,155425
20201119,10:29,0.80,0.80,0.80,0.80,275,154300
20201119,10:30,0.80,0.80,0.80,0.80,75,154300
20201119,10:31,0.80,0.85,0.80,0.85,50,154300
20201119,10:32,0.80,0.80,0.80,0.80,75,154300
20201119,10:33,0.80,0.80,0.80,0.80,75,151875
20201119,10:34,0.80,0.80,0.80,0.80,2825,151875
20201119,10:35,0.80,0.80,0.75,0.75,400,151875
20201119,10:36,0.75,0.75,0.75,0.75,1175,151350
20201119,10:37,0.85,0.85,0.85,0.85,1475,151350
20201119,10:38,0.85,0.85,0.80,0.80,50,151350
20201119,10:40,0.80,0.90,0.75,0.75,1400,151750
20201119,10:41,0.80,1.00,0.75,0.80,3575,151225
20201119,10:42,0.85,1.00,0.85,0.95,875,151225
20201119,10:43,0.95,1.00,0.95,1.00,775,151225
20201119,10:44,0.95,0.95,0.95,0.95,150,151225
20201119,10:45,0.95,0.95,0.90,0.90,250,151050
20201119,10:46,0.90,0.90,0.85,0.85,50,151050
20201119,10:47,0.85,0.95,0.85,0.95,125,150525
20201119,10:48,0.90,0.90,0.90,0.90,525,150525
20201119,10:49,0.90,0.90,0.85,0.85,500,150525
20201119,10:50,0.85,0.90,0.85,0.90,300,150850
20201119,10:51,0.90,1.00,0.90,1.00,2625,150850
20201119,10:52,0.85,1.00,0.85,0.95,9175,150850
20201119,10:53,1.00,1.00,0.95,1.00,6625,151400
20201119,10:54,1.00,1.00,0.95,0.95,225,151400
20201119,10:55,0.90,0.95,0.70,0.90,12550,151400
20201119,10:56,0.90,0.90,0.85,0.90,3125,151400
20201119,10:57,0.90,0.90,0.85,0.85,1075,152050
20201119,10:58,0.85,0.85,0.85,0.85,100,152050
20201119,10:59,0.80,0.85,0.75,0.80,575,151675
20201119,11:00,0.80,0.80,0.80,0.80,300,151675
20201119,11:01,0.75,1.00,0.75,0.75,975,151675
20201119,11:04,0.90,0.90,0.90,0.90,125,151925
20201119,11:05,0.90,0.90,0.80,0.80,50,151925
20201119,11:06,0.80,0.85,0.80,0.85,125,158550
20201119,11:07,0.85,0.85,0.80,0.80,175,158550
20201119,11:08,0.85,0.85,0.80,0.85,275,158550
20201119,11:09,0.85,0.85,0.80,0.80,75,155225
20201119,11:11,0.90,0.90,0.85,0.85,125,155225
20201119,11:12,0.80,0.80,0.80,0.80,75,154425
20201119,11:14,0.75,0.80,0.75,0.75,575,152175
20201119,11:15,0.80,0.80,0.75,0.75,50,152175
20201119,11:16,0.75,0.75,0.70,0.75,300,152175
20201119,11:17,0.70,0.75,0.70,0.75,150,151850
20201119,11:19,0.70,0.80,0.70,0.80,250,151850
20201119,11:20,0.70,0.80,0.70,0.80,75,151850
20201119,11:21,0.80,0.80,0.80,0.80,125,151950
20201119,11:22,0.70,0.70,0.70,0.70,2175,151950
20201119,11:23,0.80,0.80,0.70,0.70,975,151950
20201119,11:25,0.75,0.80,0.75,0.80,975,151775
20201119,11:26,0.80,0.90,0.80,0.80,975,151775
20201119,11:27,0.80,0.80,0.80,0.80,125,152350
20201119,11:28,0.80,0.80,0.80,0.80,500,152350
20201119,11:29,0.80,0.85,0.80,0.85,600,152850
20201119,11:30,0.80,0.85,0.75,0.80,175,152850
20201119,11:32,0.80,0.85,0.80,0.85,275,153375
20201119,11:33,0.75,0.85,0.75,0.85,625,153375
20201119,11:34,0.80,0.85,0.75,0.75,700,153375
20201119,11:35,0.80,0.80,0.75,0.75,500,153625
20201119,11:36,0.75,0.85,0.75,0.85,75,153625
20201119,11:37,0.80,0.85,0.75,0.80,250,153625
20201119,11:38,0.75,0.80,0.75,0.80,125,153625
20201119,11:39,0.75,0.75,0.75,0.75,1325,153750
20201119,11:40,0.80,0.85,0.70,0.75,1950,153750
20201119,11:42,0.75,0.75,0.75,0.75,25,151925
20201119,11:43,0.85,0.85,0.70,0.70,200,151925
20201119,11:44,0.80,0.80,0.80,0.80,50,151925
20201119,11:45,0.85,0.85,0.85,0.85,25,151900
20201119,11:46,0.80,0.95,0.75,0.75,3825,151900
20201119,11:47,0.75,0.75,0.75,0.75,25,151625
20201119,11:48,0.85,0.85,0.75,0.80,800,151625
20201119,11:49,0.80,0.80,0.80,0.80,200,151625
20201119,11:50,0.80,0.85,0.80,0.85,275,151050
20201119,11:51,0.80,0.85,0.80,0.80,475,151050
20201119,11:52,0.80,0.80,0.80,0.80,125,151050
20201119,11:53,0.75,0.80,0.75,0.80,100,151050
20201119,11:54,0.80,0.85,0.80,0.80,250,151025
20201119,11:55,0.90,0.90,0.75,0.80,1625,151025
20201119,11:56,0.80,0.80,0.80,0.80,150,151025
20201119,11:57,0.80,0.80,0.80,0.80,375,151550
20201119,11:58,0.75,0.80,0.75,0.75,1025,151550
20201119,11:59,0.80,0.80,0.80,0.80,500,151550
20201119,12:00,0.75,0.75,0.75,0.75,100,150525
20201119,12:01,0.85,0.85,0.75,0.85,700,150525
20201119,12:03,0.75,0.75,0.70,0.75,1775,150550
20201119,12:04,0.75,0.75,0.75,0.75,675,150550
20201119,12:05,0.70,0.75,0.70,0.75,1625,150550
20201119,12:06,0.75,0.75,0.75,0.75,150,152400
20201119,12:07,0.70,0.70,0.70,0.70,25,152400
20201119,12:08,0.70,0.70,0.70,0.70,1525,152400
20201119,12:09,0.65,0.65,0.65,0.65,50,151275
20201119,12:10,0.65,0.65,0.60,0.60,1350,151275
20201119,12:11,0.60,0.65,0.60,0.60,1725,148925
20201119,12:12,0.60,0.60,0.60,0.60,450,148925
20201119,12:13,0.60,0.60,0.60,0.60,25,148925
20201119,12:14,0.70,0.70,0.60,0.60,50,148925
20201119,12:15,0.60,0.70,0.60,0.65,1475,148725
20201119,12:16,0.55,0.60,0.55,0.60,1600,148725
20201119,12:17,0.60,0.65,0.60,0.65,1700,148725
20201119,12:18,0.60,0.60,0.60,0.60,25,148725
20201119,12:19,0.55,0.55,0.55,0.55,25,144925
20201119,12:20,0.60,0.60,0.60,0.60,50,144925
20201119,12:21,0.55,0.55,0.45,0.45,300,144850
20201119,12:22,0.55,0.60,0.50,0.60,725,144850
20201119,12:23,0.55,0.60,0.55,0.60,300,144125
20201119,12:24,0.55,0.55,0.50,0.50,250,144125
20201119,12:25,0.65,0.65,0.65,0.65,25,144125
20201119,12:28,0.50,0.50,0.50,0.50,500,143975
20201119,12:29,0.45,0.50,0.45,0.50,2525,143975
20201119,12:30,0.55,0.55,0.50,0.50,275,144000
20201119,12:31,0.45,0.50,0.40,0.50,3825,144000
20201119,12:32,0.50,0.50,0.50,0.50,50,144000
20201119,12:33,0.45,0.45,0.45,0.45,50,140975
20201119,12:34,0.50,0.50,0.50,0.50,1500,140975
20201119,12:35,0.45,0.50,0.40,0.50,3400,140975
20201119,12:36,0.50,0.50,0.45,0.45,100,138075
20201119,12:38,0.50,0.50,0.50,0.50,500,138075
20201119,12:40,0.50,0.50,0.45,0.45,775,138075
20201119,12:42,0.50,0.50,0.50,0.50,375,137350
20201119,12:43,0.45,0.45,0.45,0.45,25,137350
20201119,12:44,0.45,0.45,0.45,0.45,250,137350
20201119,12:45,0.50,0.50,0.50,0.50,300,137050
20201119,12:46,0.45,0.45,0.45,0.45,25,137050
20201119,12:47,0.45,0.55,0.45,0.50,625,137050
20201119,12:48,0.60,0.60,0.55,0.60,875,136475
20201119,12:50,0.55,0.60,0.55,0.55,525,136475
20201119,12:51,0.50,0.60,0.50,0.55,150,136400
20201119,12:52,0.60,0.60,0.50,0.55,650,136400
20201119,12:53,0.55,0.70,0.55,0.70,950,136400
20201119,12:54,0.65,0.70,0.65,0.70,725,136475
20201119,12:55,0.75,0.75,0.70,0.70,150,136475
20201119,12:56,0.70,0.70,0.65,0.65,200,136475
20201119,12:57,0.65,0.65,0.65,0.65,625,136725
20201119,12:58,0.70,0.70,0.65,0.70,1650,136725
20201119,12:59,0.75,0.75,0.70,0.75,1200,136725
20201119,13:00,0.70,0.80,0.65,0.80,2525,137875
20201119,13:01,0.80,0.90,0.70,0.90,9225,137875
20201119,13:02,0.80,0.90,0.80,0.85,2200,137875
20201119,13:03,0.85,1.00,0.85,1.00,3525,138050
20201119,13:04,0.85,0.85,0.75,0.80,1750,138050
20201119,13:05,0.80,0.80,0.70,0.70,1450,138050
20201119,13:06,0.75,0.80,0.70,0.70,1900,133075
20201119,13:07,0.65,0.70,0.60,0.70,750,133075
20201119,13:08,0.70,0.70,0.65,0.65,500,133075
20201119,13:09,0.65,0.65,0.60,0.65,375,132950
20201119,13:10,0.60,0.75,0.55,0.70,1675,132950
20201119,13:11,0.70,0.75,0.65,0.70,525,132950
20201119,13:12,0.70,0.75,0.60,0.60,1575,134325
20201119,13:13,0.70,0.70,0.55,0.65,650,134325
20201119,13:14,0.65,0.80,0.65,0.65,175,134325
20201119,13:15,0.65,0.70,0.55,0.70,225,134150
20201119,13:16,0.70,0.80,0.65,0.65,1000,134150
20201119,13:17,0.60,0.60,0.55,0.55,1350,134150
20201119,13:18,0.55,0.60,0.45,0.50,1575,133575
20201119,13:19,0.60,0.60,0.50,0.50,2225,133575
20201119,13:20,0.55,0.55,0.45,0.55,625,133575
20201119,13:21,0.50,0.50,0.50,0.50,225,134050
20201119,13:22,0.50,0.50,0.50,0.50,600,134050
20201119,13:23,0.50,0.50,0.50,0.50,25,134050
20201119,13:24,0.50,0.55,0.45,0.55,1100,131650
20201119,13:25,0.55,0.70,0.50,0.70,800,131650
20201119,13:26,0.75,0.75,0.60,0.60,975,131650
20201119,13:27,0.65,0.65,0.55,0.55,2500,131025
20201119,13:28,0.55,0.75,0.45,0.75,2325,131025
20201119,13:29,0.60,0.70,0.50,0.50,425,131025
20201119,13:30,0.60,0.60,0.50,0.60,575,130575
20201119,13:31,0.50,0.65,0.50,0.55,225,130575
20201119,13:32,0.55,0.65,0.45,0.60,750,130575
20201119,13:33,0.60,0.60,0.55,0.55,50,129900
20201119,13:34,0.60,0.65,0.55,0.65,525,129900
20201119,13:35,0.75,0.75,0.50,0.50,1350,129900
20201119,13:36,0.55,0.65,0.50,0.50,275,130075
20201119,13:37,0.65,0.65,0.55,0.65,350,130075
20201119,13:38,0.65,0.65,0.50,0.65,1300,130075
20201119,13:39,0.60,0.70,0.55,0.60,450,130050
20201119,13:40,0.60,0.75,0.60,0.75,1050,130050
20201119,13:41,0.70,0.70,0.45,0.60,350,130050
20201119,13:42,0.65,0.65,0.50,0.60,950,130100
20201119,13:43,0.70,0.70,0.60,0.60,225,130100
20201119,13:44,0.55,0.55,0.55,0.55,25,130100
20201119,13:45,0.55,0.70,0.50,0.70,1150,128350
20201119,13:46,0.75,0.75,0.60,0.65,175,128350
20201119,13:47,0.75,0.75,0.60,0.60,475,128350
20201119,13:48,0.65,0.65,0.65,0.65,400,127750
20201119,13:49,0.65,0.70,0.65,0.70,200,127750
20201119,13:50,0.70,0.80,0.65,0.65,800,127750
20201119,13:51,0.70,0.80,0.65,0.65,1375,127375
20201119,13:52,0.80,0.80,0.65,0.65,1000,127375
20201119,13:53,0.65,0.70,0.60,0.60,525,127375
20201119,13:54,0.60,0.70,0.60,0.65,225,127075
20201119,13:55,0.60,0.65,0.55,0.60,625,127075
20201119,13:56,0.70,0.70,0.55,0.55,325,127075
20201119,13:57,0.55,0.55,0.55,0.55,50,127075
20201119,13:58,0.55,0.65,0.50,0.50,2550,127075
20201119,13:59,0.55,0.55,0.50,0.55,3300,127075
20201119,14:00,0.55,0.60,0.45,0.50,550,126925
20201119,14:01,0.50,0.55,0.50,0.50,275,126925
20201119,14:02,0.65,0.65,0.45,0.45,250,126925
20201119,14:03,0.45,0.60,0.45,0.60,1175,126400
20201119,14:04,0.50,0.50,0.45,0.45,800,126400
20201119,14:05,0.45,0.50,0.45,0.50,725,126400
20201119,14:06,0.45,0.50,0.45,0.50,300,126300
20201119,14:07,0.55,0.60,0.45,0.50,4300,126300
20201119,14:08,0.55,0.60,0.50,0.60,1650,126300
20201119,14:09,0.55,0.60,0.50,0.60,1150,126075
20201119,14:10,0.60,0.60,0.60,0.60,150,126075
20201119,14:11,0.60,0.65,0.60,0.65,725,126075
20201119,14:12,0.60,0.90,0.60,0.70,6975,125625
20201119,14:13,0.80,0.80,0.45,0.45,675,125625
20201119,14:14,0.60,0.80,0.55,0.60,1675,125625
20201119,14:15,0.60,0.60,0.55,0.60,225,125575
20201119,14:16,0.55,0.60,0.55,0.55,200,125575
20201119,14:17,0.60,0.65,0.55,0.65,800,125575
20201119,14:18,0.65,0.85,0.65,0.75,1450,125525
20201119,14:19,0.70,0.90,0.60,0.90,3500,125525
20201119,14:20,0.80,1.30,0.80,1.20,14575,125525
20201119,14:21,1.15,1.20,0.85,0.85,14700,125450
20201119,14:22,0.95,1.05,0.80,0.80,8650,125450
20201119,14:23,0.85,0.90,0.70,0.70,7850,125450
20201119,14:24,0.70,0.90,0.60,0.60,6675,125375
20201119,14:25,0.45,0.80,0.45,0.50,17275,125375
20201119,14:26,0.55,0.65,0.50,0.60,7350,125375
20201119,14:27,0.60,0.70,0.55,0.60,2800,126825
20201119,14:28,0.60,0.80,0.60,0.75,2975,126825
20201119,14:29,0.80,1.00,0.70,0.90,15525,126825
20201119,14:30,0.95,1.20,0.85,1.05,14150,124500
20201119,14:31,1.00,1.15,0.80,0.85,12125,124500
20201119,14:32,0.85,0.95,0.70,0.70,5225,124500
20201119,14:33,0.70,0.80,0.45,0.55,9700,124275
20201119,14:34,0.60,0.75,0.60,0.60,8975,124275
20201119,14:35,0.55,0.85,0.55,0.65,12225,124275
20201119,14:36,0.60,1.10,0.55,0.75,12175,124250
20201119,14:37,0.70,0.90,0.70,0.75,4325,124250
20201119,14:38,0.75,0.90,0.75,0.80,9650,124250
20201119,14:39,0.75,0.85,0.35,0.55,9625,124225
20201119,14:40,0.60,0.65,0.55,0.55,1425,124225
20201119,14:41,0.35,0.60,0.35,0.40,4050,124225
20201119,14:42,0.45,0.45,0.35,0.40,600,124175
20201119,14:43,0.40,0.50,0.40,0.50,525,124175
20201119,14:44,0.50,0.60,0.40,0.50,850,124175
20201119,14:45,0.35,0.50,0.35,0.50,400,123425
20201119,14:46,0.50,0.55,0.35,0.45,1900,123425
20201119,14:47,0.45,0.55,0.40,0.45,700,123425
20201119,14:48,0.45,0.50,0.35,0.45,1050,123525
20201119,14:49,0.40,0.45,0.30,0.35,4525,123525
20201119,14:50,0.45,0.45,0.35,0.35,525,123525
20201119,14:51,0.35,0.45,0.35,0.40,2500,125000
20201119,14:52,0.40,0.40,0.30,0.30,1225,125000
20201119,14:53,0.40,0.40,0.40,0.40,550,125000
20201119,14:54,0.40,0.40,0.40,0.40,1450,124025
20201119,14:55,0.35,0.50,0.30,0.30,3025,124025
20201119,14:56,0.30,0.45,0.30,0.30,1050,124025
20201119,14:57,0.30,0.30,0.20,0.20,4500,124000
20201119,14:58,0.20,0.25,0.20,0.20,825,124000
20201119,14:59,0.20,0.20,0.20,0.20,225,124000
20201119,15:00,0.20,0.25,0.20,0.25,2650,124725
20201119,15:01,0.20,0.20,0.20,0.20,50,124725
20201119,15:03,0.15,0.15,0.15,0.15,825,123450
20201119,15:04,0.15,0.25,0.15,0.20,550,123450
20201119,15:05,0.20,0.25,0.20,0.25,750,123450
20201119,15:06,0.15,0.15,0.15,0.15,250,123950
20201119,15:07,0.20,0.20,0.15,0.15,125,123950
20201119,15:08,0.15,0.20,0.15,0.15,1450,123950
20201119,15:09,0.15,0.15,0.10,0.10,3450,123775
20201119,15:10,0.10,0.10,0.10,0.10,250,123775
20201119,15:11,0.10,0.15,0.10,0.10,1075,123775
20201119,15:12,0.15,0.15,0.15,0.15,250,123775
20201119,15:13,0.10,0.10,0.10,0.10,1525,123600
20201119,15:14,0.10,0.20,0.10,0.10,925,123600
20201119,15:15,0.50,0.50,0.10,0.30,11000,123125
20201119,15:16,0.10,0.20,0.10,0.15,3000,123125
20201119,15:17,0.15,0.15,0.10,0.15,2075,123125
20201119,15:18,0.10,0.20,0.10,0.20,2675,130100
20201119,15:19,0.20,0.20,0.10,0.10,1275,130100
20201119,15:20,0.10,0.10,0.10,0.10,150,130100
20201119,15:21,0.10,0.10,0.10,0.10,550,128750
20201119,15:22,0.10,0.15,0.10,0.15,1075,128750
20201119,15:23,0.05,0.10,0.05,0.10,325,128750
20201119,15:24,0.05,0.15,0.05,0.15,200,128750
20201119,15:25,0.10,0.15,0.05,0.10,1125,131675
20201119,15:26,0.05,0.15,0.05,0.15,325,131675
20201119,15:27,0.15,0.15,0.05,0.10,325,131675
20201119,15:28,0.10,0.15,0.05,0.05,325,124175
20201119,15:29,0.10,0.10,0.05,0.05,225,124175
