20200625,14:56,225.00,225.00,225.00,225.00,21,100
20200625,14:57,225.00,225.00,225.00,225.00,80,100
20200626,13:10,225.00,225.00,225.00,225.00,21,100
20200629,09:54,150.00,150.00,150.00,150.00,21,100
20200629,11:15,168.40,168.40,168.40,168.40,20,140
20200629,11:16,168.40,168.40,168.40,168.40,20,140
20200629,11:50,170.85,170.85,170.85,170.85,20,140
20200629,12:19,170.85,170.85,170.85,170.85,20,140
20200629,12:35,130.35,130.35,130.35,130.35,20,160
20200629,13:46,130.35,130.35,130.35,130.35,20,140
20200629,13:50,133.75,133.75,133.75,133.75,40,120
20200629,13:51,165.00,165.00,165.00,165.00,20,160
20200629,13:56,190.60,190.60,190.60,190.60,100,160
20200629,13:57,190.60,190.60,190.60,190.60,20,160
20200629,14:02,152.85,152.85,152.85,152.85,20,220
20200629,14:28,111.85,111.85,111.85,111.85,40,200
20200629,14:32,121.20,121.20,121.20,121.20,60,180
20200629,14:33,144.00,144.00,144.00,144.00,20,220
20200629,14:36,120.20,120.20,120.20,120.20,20,220
20200629,14:43,148.20,148.20,148.20,148.20,40,220
20200629,14:46,166.75,166.75,166.75,166.75,20,220
20200629,15:00,152.40,152.40,152.40,152.40,20,220
20200629,15:05,166.00,166.00,166.00,166.00,20,220
20200629,15:07,158.90,175.00,158.90,175.00,80,240
20200629,15:19,188.85,188.85,188.85,188.85,60,320
20200629,15:21,178.00,178.00,178.00,178.00,20,260
20200629,15:22,165.65,184.90,165.65,184.90,80,260
20200629,15:24,170.00,170.00,170.00,170.00,20,320
20200630,09:19,203.85,203.85,203.85,203.85,21,320
20200630,09:20,204.00,204.00,204.00,204.00,20,300
20200630,09:22,204.00,204.00,187.65,200.00,100,300
20200630,09:24,199.95,199.95,199.95,199.95,40,300
20200630,09:25,194.90,194.90,194.90,194.90,20,400
20200630,09:26,195.50,195.50,195.50,195.50,20,420
20200630,09:27,200.00,203.20,200.00,203.20,80,420
20200630,09:28,204.00,204.00,201.70,201.70,60,420
20200630,09:29,206.00,206.00,206.00,206.00,60,520
20200630,09:30,212.15,217.85,212.15,217.85,60,520
20200630,09:32,214.20,214.20,214.20,214.20,20,520
20200630,09:36,202.75,202.75,202.75,202.75,20,520
20200630,09:37,201.40,207.70,201.40,207.70,40,540
20200630,09:38,205.55,211.70,205.55,211.10,220,640
20200630,09:39,211.35,218.00,210.60,218.00,160,640
20200630,09:40,218.00,218.00,212.00,212.00,100,640
20200630,09:43,208.95,212.00,205.25,205.25,140,1000
20200630,09:44,205.75,205.75,205.75,205.75,20,1000
20200630,09:45,203.10,203.15,200.00,200.00,200,1080
20200630,09:46,203.80,205.50,199.25,205.50,140,1080
20200630,09:48,205.45,205.45,205.45,205.45,20,1380
20200630,09:49,209.15,209.15,209.15,209.15,20,1380
20200630,09:50,198.45,198.45,198.45,198.45,40,1380
20200630,09:51,196.65,200.65,192.80,198.35,120,1420
20200630,09:52,197.95,197.95,197.95,197.95,20,1420
20200630,09:53,198.25,198.75,198.25,198.75,60,1520
20200630,09:54,205.35,205.35,205.35,205.35,20,1520
20200630,09:55,197.55,202.20,197.55,202.20,80,1520
20200630,09:57,201.45,201.45,201.45,201.45,20,1560
20200630,09:58,195.00,195.00,195.00,195.00,40,1560
20200630,09:59,195.00,199.75,194.75,194.75,180,1580
20200630,10:00,199.10,199.10,199.10,199.10,20,1580
20200630,10:01,196.55,196.85,192.20,192.20,200,1580
20200630,10:02,194.95,194.95,194.95,194.95,40,1580
20200630,10:03,195.45,197.10,192.20,196.85,240,1740
20200630,10:04,194.90,196.10,194.90,196.10,80,1740
20200630,10:05,196.15,197.05,195.85,197.05,120,1960
20200630,10:06,193.95,196.10,192.40,196.10,280,1960
20200630,10:07,193.00,196.00,193.00,196.00,140,1960
20200630,10:08,197.00,197.00,197.00,197.00,40,2180
20200630,10:09,193.35,193.35,193.35,193.35,20,2180
20200630,10:10,203.30,203.30,203.30,203.30,20,2180
20200630,10:18,194.00,194.00,194.00,194.00,40,2220
20200630,10:19,188.30,188.30,181.85,181.85,160,2220
20200630,10:20,181.85,181.85,181.85,181.85,60,2380
20200630,10:22,181.80,181.80,181.80,181.80,20,2380
20200630,10:23,180.15,180.30,180.00,180.00,160,2380
20200630,10:24,180.00,180.00,180.00,180.00,20,2560
20200630,10:25,184.95,185.00,184.95,185.00,60,2560
20200630,10:28,180.65,180.65,180.65,180.65,40,2620
20200630,10:29,180.45,180.45,180.45,180.45,40,2640
20200630,10:33,181.85,181.85,181.80,181.80,40,2600
20200630,10:34,183.15,190.00,183.15,190.00,80,2600
20200630,10:35,188.05,188.20,188.05,188.20,60,2660
20200630,10:40,188.50,190.15,188.50,190.15,40,2640
20200630,10:44,184.65,189.45,184.65,189.45,40,2620
20200630,10:45,193.85,193.85,193.85,193.85,40,2620
20200630,11:02,187.75,187.75,187.75,187.75,60,2560
20200630,11:14,180.10,180.10,180.10,180.10,20,2600
20200630,11:15,187.75,187.75,187.75,187.75,20,2620
20200630,11:19,191.95,192.70,191.95,192.70,40,2640
20200630,11:20,185.10,185.10,185.10,185.10,20,2640
20200630,11:22,189.80,189.80,189.80,189.80,20,2660
20200630,11:25,180.00,180.00,180.00,180.00,20,2660
20200630,11:28,180.00,180.00,180.00,180.00,40,2680
20200630,11:42,178.35,178.35,178.35,178.35,20,2720
20200630,11:54,170.00,170.00,170.00,170.00,20,2720
20200630,12:06,170.00,170.00,170.00,170.00,20,2720
20200630,12:23,179.00,184.00,179.00,184.00,40,2720
20200630,12:24,183.85,183.85,183.85,183.85,20,2720
20200630,12:25,183.95,184.00,183.95,184.00,40,2720
20200630,12:27,184.00,184.00,184.00,184.00,20,2680
20200630,12:29,179.05,179.95,179.00,179.95,120,2680
20200630,12:31,188.95,189.00,188.95,189.00,40,2680
20200630,12:35,182.15,182.15,177.20,177.20,60,2640
20200630,12:39,170.40,170.40,170.40,170.40,40,2620
20200630,12:40,165.30,165.30,165.30,165.30,20,2620
20200630,12:42,161.70,161.70,161.70,161.70,20,2620
20200630,12:43,161.70,161.70,161.70,161.70,60,2640
20200630,12:44,169.50,169.50,169.50,169.50,20,2640
20200630,12:47,170.40,170.40,170.40,170.40,20,2620
20200630,12:52,171.85,171.85,171.85,171.85,40,2560
20200630,12:53,173.55,173.55,171.60,171.60,80,2560
20200630,12:55,170.30,170.30,170.30,170.30,20,2560
20200630,12:56,174.75,174.75,174.75,174.75,20,2580
20200630,12:58,172.25,172.25,172.25,172.25,20,2580
20200630,13:08,180.55,180.55,179.40,179.40,60,2580
20200630,13:09,177.25,177.25,177.25,177.25,20,2560
20200630,13:12,177.30,177.30,177.25,177.25,60,2580
20200630,13:22,181.35,181.35,181.35,181.35,20,2540
20200630,13:23,182.30,182.35,179.70,179.70,80,2540
20200630,13:31,178.65,178.65,178.65,178.65,20,2480
20200630,13:32,178.60,178.65,178.60,178.65,40,2480
20200630,13:35,181.10,181.10,181.10,181.10,20,2460
20200630,13:40,170.40,170.40,170.40,170.40,20,2460
20200630,13:47,174.05,174.05,174.05,174.05,40,2480
20200630,13:51,172.40,172.40,172.40,172.40,20,2460
20200630,14:01,170.35,170.35,170.35,170.35,20,2400
20200630,14:06,169.10,169.10,169.10,169.10,20,2400
20200630,14:10,162.65,162.65,162.65,162.65,20,2400
20200630,14:17,155.00,155.00,149.00,149.00,60,2380
20200630,14:19,148.20,148.20,148.20,148.20,20,2420
20200630,14:20,140.90,140.90,140.00,140.00,60,2420
20200630,14:23,140.00,140.00,140.00,140.00,20,2480
20200630,14:24,141.35,144.75,140.65,144.75,160,2500
20200630,14:25,142.90,142.90,134.40,137.05,1880,2500
20200630,14:26,139.50,139.85,139.50,139.85,140,2500
20200630,14:27,140.50,142.75,140.35,142.75,280,2900
20200630,14:28,140.70,140.70,140.70,140.70,20,2900
20200630,14:29,140.55,140.55,140.55,140.55,40,2900
20200630,14:30,133.65,133.65,133.65,133.65,40,2900
20200630,14:31,133.65,133.65,133.65,133.65,20,2720
20200630,14:33,137.90,137.90,137.90,137.90,40,2760
20200630,14:34,137.90,137.90,137.90,137.90,20,2760
20200630,14:35,134.65,135.00,134.65,135.00,40,2760
20200630,14:37,136.10,136.10,136.10,136.10,40,2740
20200630,14:38,138.90,138.90,138.90,138.90,40,2740
20200630,14:40,144.15,144.15,144.15,144.15,20,2700
20200630,14:41,143.85,143.85,143.85,143.85,20,2700
20200630,14:42,140.55,140.55,140.55,140.55,20,2680
20200630,14:43,143.20,143.20,143.20,143.20,20,2680
20200630,14:45,146.90,148.00,145.10,145.10,80,2660
20200630,14:47,147.65,147.65,145.20,146.65,160,2660
20200630,14:48,141.25,141.25,141.25,141.25,20,2620
20200630,14:49,144.65,144.65,144.65,144.65,60,2620
20200630,14:53,149.30,149.30,149.30,149.30,20,2640
20200630,14:56,144.65,144.65,144.35,144.35,80,2640
20200630,14:57,144.30,144.30,141.95,141.95,240,2660
20200630,14:58,141.80,141.80,138.15,140.70,300,2660
20200630,14:59,141.35,142.00,139.35,139.35,240,2660
20200630,15:04,141.15,142.90,141.15,142.90,80,2900
20200630,15:05,142.90,142.90,142.90,142.90,40,2900
20200630,15:12,144.75,146.90,144.75,146.55,140,2940
20200630,15:14,149.70,149.70,149.70,149.70,20,2940
20200630,15:15,152.15,154.00,152.15,154.00,40,2980
20200630,15:16,152.95,153.00,152.95,153.00,40,2980
20200630,15:17,155.05,157.10,155.05,157.10,60,2980
20200630,15:18,156.90,156.90,156.90,156.90,20,3000
20200630,15:20,160.75,160.75,160.75,160.75,20,3000
20200630,15:21,159.00,159.00,158.95,158.95,40,3000
20200630,15:22,157.20,157.20,157.10,157.10,60,3000
20200630,15:23,154.00,157.60,154.00,157.60,160,3000
20200630,15:27,158.50,158.50,158.50,158.50,20,3000
20200630,15:28,164.60,164.60,160.00,160.00,40,2900
20200630,15:29,160.00,160.00,160.00,160.00,20,2900
20200701,09:16,129.40,129.45,129.35,129.45,82,2920
20200701,09:17,129.00,132.50,129.00,132.50,400,2860
20200701,09:18,132.95,137.15,132.95,136.05,1060,2860
20200701,09:20,121.70,128.00,121.70,126.95,200,2760
20200701,09:21,126.90,126.90,125.50,125.50,180,2760
20200701,09:22,125.90,126.40,124.05,124.70,280,2760
20200701,09:23,124.00,124.00,120.75,120.75,520,3020
20200701,09:24,119.30,119.30,119.00,119.00,80,3020
20200701,09:25,118.45,123.20,117.80,123.10,780,3020
20200701,09:26,123.45,125.00,122.85,124.35,340,3400
20200701,09:27,126.10,126.10,126.10,126.10,20,3400
20200701,09:28,125.00,130.75,125.00,130.75,300,3400
20200701,09:29,132.90,137.95,132.90,134.45,220,3580
20200701,09:32,140.00,143.10,140.00,143.10,140,3580
20200701,09:33,144.65,145.45,144.65,145.45,60,3580
20200701,09:34,145.45,145.45,144.30,144.30,240,3580
20200701,09:35,143.10,144.95,143.10,144.90,140,3800
20200701,09:36,145.60,146.95,145.60,146.95,40,3800
20200701,09:37,146.95,146.95,146.95,146.95,60,3800
20200701,09:38,138.15,139.00,138.15,139.00,160,3960
20200701,09:39,139.05,139.05,137.80,137.80,240,3960
20200701,09:40,145.00,145.00,145.00,145.00,60,3960
20200701,09:42,144.05,144.05,144.05,144.05,20,4200
20200701,09:45,140.00,140.05,140.00,140.05,40,4180
20200701,09:46,145.95,150.70,145.95,148.45,120,4180
20200701,09:47,145.05,145.05,143.40,143.40,140,4260
20200701,09:48,144.10,144.10,141.35,142.40,280,4260
20200701,09:49,143.55,145.05,143.55,145.05,120,4260
20200701,09:50,144.05,144.45,142.50,142.50,60,4500
20200701,09:51,144.50,149.70,144.50,148.35,220,4500
20200701,09:52,146.45,148.40,146.45,148.40,40,4500
20200701,09:53,146.95,148.10,145.15,148.10,140,4600
20200701,09:54,148.15,151.80,146.35,151.80,220,4600
20200701,09:55,151.80,151.80,147.35,147.35,160,4600
20200701,09:56,147.90,148.00,147.90,148.00,40,4680
20200701,09:57,148.15,149.70,148.10,148.75,100,4680
20200701,09:58,147.25,154.10,147.25,154.10,200,4680
20200701,09:59,156.10,156.20,154.65,154.65,100,4500
20200701,10:00,155.80,161.10,155.80,161.10,200,4500
20200701,10:01,161.65,161.65,158.70,160.20,120,4500
20200701,10:02,155.30,155.30,155.30,155.30,20,4600
20200701,10:03,155.60,156.95,151.00,151.65,420,4600
20200701,10:04,151.20,152.40,151.20,152.35,80,4600
20200701,10:05,151.90,152.00,151.85,151.85,80,4820
20200701,10:06,152.30,152.30,152.10,152.10,100,4820
20200701,10:08,151.85,151.85,151.85,151.85,40,4700
20200701,10:10,153.75,155.00,153.75,155.00,80,4700
20200701,10:11,153.30,153.30,152.05,152.05,200,4800
20200701,10:12,157.10,157.10,153.20,153.85,360,4800
20200701,10:13,153.00,153.00,148.30,148.30,340,4800
20200701,10:14,148.25,149.40,148.00,148.00,240,5240
20200701,10:17,145.00,145.00,145.00,145.00,60,5240
20200701,10:21,147.40,147.40,145.25,145.25,140,5260
20200701,10:22,145.85,145.85,145.85,145.85,80,5260
20200701,10:23,144.35,144.35,144.35,144.35,60,5420
20200701,10:24,140.35,144.75,140.35,144.75,220,5420
20200701,10:25,143.00,144.25,139.80,144.10,200,5420
20200701,10:26,142.70,143.50,142.70,143.50,40,5660
20200701,10:27,139.05,139.05,139.05,139.05,20,5660
20200701,10:33,138.60,138.60,138.60,138.60,40,5660
20200701,10:34,140.00,140.00,140.00,140.00,100,5660
20200701,10:39,139.25,139.25,138.80,138.80,40,5800
20200701,10:42,138.05,138.05,138.05,138.05,40,5840
20200701,10:43,136.30,137.25,134.50,134.50,220,5840
20200701,10:44,130.20,130.20,130.20,130.20,20,5840
20200701,10:45,133.75,133.75,132.65,132.65,140,5860
20200701,10:46,133.05,133.05,133.05,133.05,20,5860
20200701,10:47,130.20,130.20,130.20,130.20,160,5980
20200701,10:48,130.65,133.00,130.35,132.05,220,5980
20200701,10:50,133.50,133.50,133.50,133.50,20,5980
20200701,10:52,133.35,134.65,133.35,134.65,80,6320
20200701,10:54,132.30,132.30,132.05,132.05,60,6380
20200701,10:55,134.25,134.35,134.25,134.35,100,6380
20200701,10:57,134.30,136.15,134.30,136.15,120,6520
20200701,11:00,138.10,138.10,138.10,138.10,20,6620
20200701,11:01,138.75,138.75,138.75,138.75,40,6620
20200701,11:02,138.00,138.00,138.00,138.00,120,6660
20200701,11:04,136.85,137.45,136.80,137.45,120,6660
20200701,11:05,138.20,138.85,138.20,138.85,80,6920
20200701,11:06,138.55,139.00,137.80,137.80,80,6920
20200701,11:07,138.65,138.65,138.65,138.65,20,6920
20200701,11:08,139.85,139.85,139.80,139.80,120,7000
20200701,11:09,139.85,139.85,139.85,139.85,140,7000
20200701,11:10,138.85,138.85,138.85,138.85,20,7000
20200701,11:12,139.60,139.60,139.60,139.60,20,7000
20200701,11:14,137.70,137.70,137.70,137.70,20,7000
20200701,11:15,134.10,134.10,134.10,134.10,40,7000
20200701,11:17,134.90,134.90,134.90,134.90,20,7000
20200701,11:18,133.00,133.00,132.75,132.75,120,7020
20200701,11:19,133.60,133.60,133.60,133.60,100,7020
20200701,11:20,132.55,132.55,132.55,132.55,20,7020
20200701,11:21,133.40,133.40,131.70,131.70,40,7200
20200701,11:23,132.20,134.50,132.20,134.50,100,7200
20200701,11:25,138.20,138.20,138.20,138.20,20,7220
20200701,11:27,147.25,165.30,147.25,165.30,1140,7220
20200701,11:28,168.00,168.00,160.55,163.50,720,7220
20200701,11:29,162.50,162.65,160.20,161.35,800,8100
20200701,11:30,162.20,167.25,162.20,165.60,340,8100
20200701,11:31,165.15,165.15,158.50,158.50,320,8100
20200701,11:32,158.00,158.00,158.00,158.00,20,8100
20200701,11:33,156.35,156.35,148.90,148.90,320,7420
20200701,11:34,146.55,147.40,144.55,147.40,180,7420
20200701,11:35,148.35,149.35,147.95,148.60,500,7100
20200701,11:36,152.80,153.50,152.80,153.05,100,7100
20200701,11:37,154.00,154.00,154.00,154.00,20,7100
20200701,11:38,155.70,155.70,154.20,154.20,40,6920
20200701,11:41,159.75,159.75,158.80,158.80,60,6920
20200701,11:42,163.30,164.65,163.10,163.10,120,6920
20200701,11:44,157.95,157.95,157.95,157.95,20,6920
20200701,11:45,157.15,158.00,157.15,158.00,100,6940
20200701,11:46,160.00,161.15,160.00,161.15,40,6940
20200701,11:48,156.80,156.80,156.80,156.80,20,7040
20200701,11:49,159.45,161.10,159.45,161.10,140,7040
20200701,11:51,157.20,157.20,157.20,157.20,20,7080
20200701,11:52,158.25,158.25,158.25,158.25,20,7080
20200701,11:53,158.15,158.15,158.15,158.15,100,7080
20200701,11:58,161.00,161.00,161.00,161.00,20,7140
20200701,11:59,162.10,166.35,161.85,161.85,180,7100
20200701,12:01,161.00,161.00,161.00,161.00,400,7100
20200701,12:06,165.40,165.40,165.40,165.40,20,7420
20200701,12:07,167.40,175.25,167.40,175.00,420,7420
20200701,12:08,175.15,175.15,174.30,174.30,80,7460
20200701,12:09,173.00,173.00,173.00,173.00,100,7460
20200701,12:10,174.55,174.55,174.55,174.55,20,7460
20200701,12:12,171.40,171.40,168.85,168.85,240,7420
20200701,12:13,169.55,170.50,169.55,170.50,140,7420
20200701,12:14,169.65,169.65,169.65,169.65,40,7420
20200701,12:15,175.50,177.85,175.50,177.85,60,7600
20200701,12:17,177.85,177.85,177.85,177.85,20,7600
20200701,12:18,172.05,172.05,169.75,169.75,60,7640
20200701,12:19,172.25,172.25,172.25,172.25,20,7640
20200701,12:20,172.25,172.40,172.25,172.40,80,7640
20200701,12:21,177.95,178.80,177.55,177.55,400,7720
20200701,12:22,179.25,180.55,179.25,180.25,820,7720
20200701,12:23,180.00,180.00,179.00,179.00,40,7720
20200701,12:25,174.00,174.00,174.00,174.00,60,7080
20200701,12:27,168.55,168.55,168.55,168.55,20,7100
20200701,12:29,172.30,172.30,172.30,172.30,20,7100
20200701,12:30,168.55,168.55,164.85,164.85,60,7120
20200701,12:31,164.90,164.90,164.00,164.00,40,7120
20200701,12:32,164.80,164.80,164.80,164.80,20,7120
20200701,12:33,168.00,168.00,168.00,168.00,20,7140
20200701,12:35,171.60,174.15,171.60,174.15,40,7140
20200701,12:36,174.55,175.00,174.50,174.50,100,7140
20200701,12:37,172.40,172.65,171.85,171.85,120,7140
20200701,12:39,172.80,172.80,172.80,172.80,20,7240
20200701,12:40,170.25,170.25,170.25,170.25,20,7240
20200701,12:41,170.45,170.45,170.00,170.00,40,7260
20200701,12:42,170.55,170.55,170.55,170.55,20,7260
20200701,12:43,170.55,170.75,170.25,170.25,80,7260
20200701,12:45,172.00,186.00,172.00,186.00,640,7300
20200701,12:46,186.45,190.00,186.45,187.85,140,7300
20200701,12:47,184.85,185.15,184.85,184.95,120,7700
20200701,12:48,185.55,187.20,185.55,187.20,40,7700
20200701,12:50,187.55,187.55,187.55,187.55,100,7700
20200701,12:51,193.90,193.90,190.30,191.00,500,7820
20200701,12:52,193.30,193.30,193.30,193.30,20,7820
20200701,12:53,191.90,192.40,189.35,189.35,80,7820
20200701,12:54,190.00,190.00,190.00,190.00,20,7820
20200701,12:55,190.00,190.00,187.80,187.80,60,7820
20200701,12:58,193.05,200.85,193.05,200.85,220,7520
20200701,12:59,201.60,207.35,201.60,205.30,580,7520
20200701,13:00,207.50,210.00,205.50,205.50,1020,7480
20200701,13:01,203.70,203.70,200.00,200.05,760,7480
20200701,13:02,200.55,200.55,197.35,197.35,620,7480
20200701,13:03,197.85,197.85,194.60,195.05,840,7760
20200701,13:04,195.60,198.10,195.60,198.10,80,7760
20200701,13:05,197.50,200.00,197.50,199.25,660,8780
20200701,13:06,197.90,198.40,197.30,198.20,340,8780
20200701,13:07,198.65,199.25,198.00,198.50,180,8780
20200701,13:08,199.40,200.65,199.10,200.65,120,8780
20200701,13:09,199.85,199.85,197.25,197.25,300,8580
20200701,13:10,196.75,196.75,192.35,192.35,200,8580
20200701,13:11,191.50,191.50,190.05,191.45,120,8580
20200701,13:12,193.10,193.10,193.10,193.10,20,8660
20200701,13:13,192.10,193.55,190.45,190.45,80,8660
20200701,13:14,196.55,196.55,196.55,196.55,20,8660
20200701,13:15,199.50,201.75,199.50,200.10,1260,8720
20200701,13:16,199.00,201.00,199.00,200.00,800,8720
20200701,13:17,198.15,198.15,198.15,198.15,440,8720
20200701,13:18,195.20,195.20,195.20,195.20,100,10040
20200701,13:20,194.00,194.00,193.75,194.00,120,10040
20200701,13:21,198.00,198.00,197.50,197.50,120,9920
20200701,13:22,199.45,199.45,199.45,199.45,100,9920
20200701,13:23,193.20,193.20,193.20,193.20,40,9920
20200701,13:24,194.30,199.00,194.30,199.00,100,9780
20200701,13:25,200.00,200.00,200.00,200.00,40,9780
20200701,13:27,197.60,197.60,197.60,197.60,40,9740
20200701,13:28,198.80,208.35,198.80,203.15,380,9740
20200701,13:29,203.90,220.00,203.90,215.00,560,9740
20200701,13:30,217.50,223.80,213.20,213.20,460,9800
20200701,13:33,215.60,215.60,215.00,215.00,60,9780
20200701,13:34,219.35,219.35,219.35,219.35,20,9780
20200701,13:35,225.00,230.00,225.00,226.00,140,9780
20200701,13:36,225.45,226.75,224.25,225.35,100,9800
20200701,13:37,223.65,228.75,222.95,226.80,240,9800
20200701,13:38,225.00,225.00,224.40,224.40,140,9800
20200701,13:39,224.10,225.25,222.75,222.75,360,9820
20200701,13:40,222.00,222.00,215.45,217.70,100,9820
20200701,13:41,217.90,217.90,217.90,217.90,20,9820
20200701,13:43,220.50,220.50,218.45,219.75,320,9860
20200701,13:44,218.00,218.00,210.55,210.55,820,9860
20200701,13:45,204.95,204.95,189.65,190.00,1420,10420
20200701,13:46,187.35,187.35,171.05,171.05,320,10420
20200701,13:47,178.95,185.60,178.95,183.60,280,10420
20200701,13:48,184.60,184.60,173.05,180.00,300,11200
20200701,13:49,175.65,182.55,172.70,181.50,260,11200
20200701,13:50,180.45,184.65,180.00,180.10,640,11200
20200701,13:51,178.30,180.95,178.30,180.80,120,10880
20200701,13:53,183.10,183.10,183.10,183.10,20,10880
20200701,13:54,181.30,185.00,179.60,185.00,100,11080
20200701,13:55,185.00,189.10,184.10,184.10,300,11080
20200701,13:56,187.50,195.00,187.50,195.00,240,11080
20200701,13:57,191.75,191.95,191.75,191.90,60,10780
20200701,13:58,187.85,188.65,184.50,186.15,280,10780
20200701,14:00,191.00,191.00,186.65,186.65,260,10820
20200701,14:01,186.90,187.35,185.35,186.15,420,10820
20200701,14:02,186.15,195.25,186.15,195.25,160,10820
20200701,14:03,194.70,208.90,194.70,205.00,380,10880
20200701,14:04,209.15,209.15,209.15,209.15,20,10880
20200701,14:05,206.70,212.60,206.70,207.80,100,10880
20200701,14:06,214.10,215.10,210.65,210.65,340,10860
20200701,14:07,213.25,213.60,211.60,211.60,240,10860
20200701,14:08,210.30,210.30,205.35,207.80,420,10860
20200701,14:09,209.45,209.45,203.40,207.05,200,11380
20200701,14:10,208.85,212.55,208.85,212.55,40,11380
20200701,14:11,209.25,209.25,209.20,209.20,100,11380
20200701,14:12,211.00,213.00,209.40,213.00,140,11540
20200701,14:13,210.00,210.00,210.00,210.00,60,11540
20200701,14:14,214.00,214.00,212.35,212.35,220,11540
20200701,14:15,213.95,213.95,213.95,213.95,20,11540
20200701,14:16,217.95,230.00,217.95,219.10,1180,11620
20200701,14:17,219.25,219.40,217.50,218.65,120,11620
20200701,14:18,211.10,211.70,207.65,207.65,200,11340
20200701,14:19,207.85,210.00,207.55,209.50,240,11340
20200701,14:20,210.70,210.70,200.00,200.00,220,11340
20200701,14:21,193.05,198.70,193.05,197.00,2120,11620
20200701,14:22,194.00,194.00,190.75,193.05,160,11620
20200701,14:23,194.10,197.60,190.15,197.60,460,11620
20200701,14:24,196.90,196.90,196.90,196.90,60,10700
20200701,14:25,196.40,196.40,192.00,193.65,180,10700
20200701,14:26,195.20,195.75,194.85,195.30,140,10700
20200701,14:27,199.70,208.50,199.70,202.20,260,10940
20200701,14:28,203.35,203.35,200.75,200.75,300,10940
20200701,14:29,202.15,208.00,202.00,206.90,480,10940
20200701,14:30,206.50,209.95,206.50,209.45,200,11800
20200701,14:31,206.70,206.70,202.25,204.50,600,11800
20200701,14:32,199.65,201.15,199.65,201.15,120,11800
20200701,14:33,208.25,208.25,208.25,208.25,20,12240
20200701,14:34,206.20,206.20,206.20,206.20,20,12240
20200701,14:35,217.30,224.95,217.30,221.25,640,12240
20200701,14:36,221.20,221.85,213.30,214.70,720,12340
20200701,14:37,213.70,213.70,210.00,210.00,220,12340
20200701,14:38,206.75,206.75,201.20,205.60,780,12340
20200701,14:39,206.30,208.25,203.90,203.90,180,12240
20200701,14:40,201.00,201.25,199.60,201.25,440,12240
20200701,14:41,199.95,210.55,199.95,210.55,580,12240
20200701,14:42,208.50,208.65,206.00,206.00,160,12160
20200701,14:43,203.00,203.30,200.00,203.30,640,12160
20200701,14:44,201.10,204.80,201.10,204.70,220,12160
20200701,14:45,200.60,200.60,199.30,199.30,120,12160
20200701,14:49,197.65,197.65,182.30,182.30,380,11760
20200701,14:50,181.85,188.35,180.75,187.20,680,11760
20200701,14:51,195.45,197.05,193.50,197.05,60,12100
20200701,14:52,200.80,202.75,200.80,202.75,60,12100
20200701,14:53,202.15,202.15,202.15,202.15,20,12100
20200701,14:54,205.90,205.90,204.35,204.75,140,11960
20200701,14:55,204.75,205.30,199.50,199.50,440,11960
20200701,14:56,199.25,199.25,197.70,199.00,100,11960
20200701,14:57,204.25,208.00,204.25,206.05,760,11880
20200701,14:58,210.10,214.30,210.10,214.30,120,11880
20200701,14:59,217.70,220.00,212.85,214.15,200,11880
20200701,15:00,217.45,222.00,214.65,215.00,740,11840
20200701,15:01,215.00,215.40,212.30,212.30,180,11840
20200701,15:02,215.30,217.40,215.30,215.50,100,11840
20200701,15:03,222.00,224.00,216.50,216.50,280,12060
20200701,15:04,219.00,220.00,218.75,218.75,80,12060
20200701,15:05,218.75,218.75,213.80,213.80,120,12060
20200701,15:06,220.00,220.35,215.80,220.15,140,12060
20200701,15:07,219.60,222.00,219.55,222.00,240,12060
20200701,15:08,221.35,221.35,217.40,217.40,40,12060
20200701,15:09,221.35,224.00,220.95,220.95,340,12020
20200701,15:10,221.40,223.25,219.25,219.25,600,12020
20200701,15:11,222.20,225.40,221.50,223.85,1480,12020
20200701,15:12,221.45,223.00,220.50,220.50,740,11240
20200701,15:13,220.40,220.40,215.75,216.90,720,11240
20200701,15:14,215.45,215.45,212.05,213.75,300,11240
20200701,15:15,208.25,208.25,203.60,203.60,560,10380
20200701,15:16,201.50,202.75,200.00,202.75,420,10380
20200701,15:17,198.45,201.75,198.45,198.85,200,10380
20200701,15:18,198.50,198.50,196.30,196.75,400,10380
20200701,15:19,196.70,196.80,191.35,191.35,500,10060
20200701,15:20,191.35,191.35,191.35,191.35,40,10060
20200701,15:21,193.00,194.85,188.80,193.00,120,10000
20200701,15:22,192.95,192.95,190.60,192.65,80,10000
20200701,15:23,191.40,191.40,190.70,190.70,60,10000
20200701,15:24,189.25,189.25,189.25,189.25,20,10000
20200701,15:25,190.45,190.45,188.00,189.55,100,9980
20200701,15:26,188.00,191.95,188.00,190.00,160,9980
20200701,15:27,190.65,190.65,188.45,189.35,380,10100
20200701,15:28,189.30,189.30,183.85,189.25,180,10100
20200701,15:29,185.70,194.75,185.70,190.10,100,10100
20200702,09:15,281.90,281.90,212.05,259.85,901,10020
20200702,09:16,240.05,270.00,240.05,246.05,1120,10020
20200702,09:17,250.00,250.65,244.40,244.40,1440,10420
20200702,09:18,242.90,245.30,237.35,244.45,2440,10420
20200702,09:19,246.40,250.30,246.40,247.55,620,10420
20200702,09:20,249.05,254.35,247.25,253.05,820,12300
20200702,09:21,252.10,255.20,248.10,248.10,2040,12300
20200702,09:22,245.15,248.05,242.60,247.40,660,12300
20200702,09:23,251.20,251.20,245.00,246.95,560,13800
20200702,09:24,245.70,254.00,245.20,253.10,900,13800
20200702,09:25,253.00,265.20,253.00,265.20,1860,13800
20200702,09:26,263.15,263.15,257.50,259.05,620,13160
20200702,09:27,261.35,261.50,254.85,260.40,720,13160
20200702,09:28,261.95,264.20,258.00,259.25,560,13160
20200702,09:29,260.00,263.70,260.00,263.55,240,13080
20200702,09:30,260.75,265.35,259.30,263.20,500,13080
20200702,09:31,263.40,263.40,257.90,258.00,1380,13080
20200702,09:32,258.00,258.00,250.00,255.70,2880,14220
20200702,09:33,255.85,256.80,253.45,256.35,760,14220
20200702,09:34,255.05,260.00,255.05,257.55,2520,14220
20200702,09:35,256.05,256.95,252.65,256.95,2800,14960
20200702,09:36,255.00,264.25,255.00,264.25,3660,14960
20200702,09:37,265.45,278.35,265.20,277.35,860,14960
20200702,09:38,278.45,281.95,276.80,279.00,1000,17260
20200702,09:39,280.40,285.60,280.40,285.60,280,17260
20200702,09:40,287.00,289.30,282.00,283.70,580,17260
20200702,09:41,284.10,285.15,282.00,282.15,280,17640
20200702,09:42,279.85,284.65,279.85,282.95,280,17640
20200702,09:43,282.75,300.00,282.00,295.65,1760,17640
20200702,09:44,297.65,303.80,294.80,296.85,1460,17320
20200702,09:45,296.05,297.05,290.10,293.40,780,17320
20200702,09:46,293.15,300.75,290.90,297.00,1880,17320
20200702,09:47,297.20,306.95,297.20,305.30,1500,19260
20200702,09:48,310.65,312.75,302.00,303.70,1820,19260
20200702,09:49,303.00,305.55,300.00,305.55,2420,19260
20200702,09:50,303.05,303.05,295.50,295.65,860,21640
20200702,09:51,296.50,296.50,290.00,293.15,3380,21640
20200702,09:52,291.00,291.05,284.80,285.45,680,21640
20200702,09:53,286.15,291.60,285.50,290.30,1100,20960
20200702,09:54,288.25,289.90,286.00,288.80,780,20960
20200702,09:55,289.70,294.50,287.50,290.70,1080,20960
20200702,09:56,292.10,292.10,286.00,288.35,800,22540
20200702,09:57,287.60,288.55,284.20,287.80,780,22540
20200702,09:58,285.50,285.50,275.00,279.20,1580,22540
20200702,09:59,275.00,276.90,269.80,269.80,780,23580
20200702,10:00,274.55,280.00,274.00,276.40,200,23580
20200702,10:01,276.35,281.25,276.20,279.00,460,23580
20200702,10:02,281.35,281.35,271.10,271.10,420,24480
20200702,10:03,272.00,273.75,265.00,266.80,380,24480
20200702,10:04,268.55,268.55,263.05,266.55,1260,24480
20200702,10:05,267.55,270.20,264.65,268.15,400,25240
20200702,10:06,269.25,274.25,269.25,274.20,120,25240
20200702,10:07,277.75,280.00,274.25,275.05,500,25240
20200702,10:08,279.05,279.05,272.70,272.70,180,25420
20200702,10:09,270.20,272.20,266.75,268.85,400,25420
20200702,10:10,271.10,271.10,269.65,269.65,100,25420
20200702,10:11,272.05,273.25,270.50,270.50,360,25820
20200702,10:12,272.25,275.65,272.25,275.65,80,25820
20200702,10:13,273.40,273.40,270.60,271.15,240,25820
20200702,10:14,271.30,271.30,269.65,269.65,180,26160
20200702,10:15,270.85,271.30,268.00,269.20,260,26160
20200702,10:16,269.95,271.00,265.65,265.65,220,26160
20200702,10:17,265.00,265.00,255.00,257.40,760,26300
20200702,10:18,255.95,256.75,223.80,223.80,8080,26300
20200702,10:19,226.80,226.80,202.45,210.50,1940,26300
20200702,10:20,209.10,216.65,207.80,210.85,1160,28020
20200702,10:21,210.00,213.60,196.00,205.30,1060,28020
20200702,10:22,205.60,216.00,205.60,216.00,1900,28020
20200702,10:23,216.00,216.00,201.10,204.25,2320,24820
20200702,10:24,205.00,211.70,200.10,211.70,480,24820
20200702,10:25,210.00,214.45,209.05,214.45,480,24820
20200702,10:26,215.00,222.75,215.00,220.80,580,25740
20200702,10:27,218.20,223.60,218.00,219.50,560,25740
20200702,10:28,214.40,215.10,211.35,213.05,940,25740
20200702,10:29,211.20,214.90,207.30,208.00,1200,26080
20200702,10:30,208.30,208.30,201.95,201.95,480,26080
20200702,10:31,201.10,211.00,200.15,211.00,720,26080
20200702,10:32,211.75,215.00,211.35,213.00,1120,25780
20200702,10:33,215.70,217.20,213.45,213.80,360,25780
20200702,10:34,213.45,216.80,213.15,216.10,240,25780
20200702,10:35,216.30,218.00,213.40,218.00,440,26780
20200702,10:36,217.90,217.90,211.10,211.10,960,26780
20200702,10:37,212.00,212.00,204.20,204.55,1160,26780
20200702,10:38,202.90,205.95,200.00,200.10,700,27660
20200702,10:39,200.45,211.05,200.45,211.05,440,27660
20200702,10:40,211.75,211.75,204.75,207.95,840,27660
20200702,10:41,207.00,208.70,202.00,207.00,280,28280
20200702,10:42,209.00,210.70,208.45,209.50,160,28280
20200702,10:43,210.85,212.25,209.05,210.05,540,28280
20200702,10:44,211.00,216.00,211.00,212.05,420,28660
20200702,10:45,212.00,216.55,210.40,216.55,100,28660
20200702,10:46,217.00,221.00,217.00,219.60,200,28660
20200702,10:47,224.20,230.00,224.20,226.10,280,28620
20200702,10:48,224.00,225.00,221.45,221.45,2680,28620
20200702,10:49,220.00,221.30,219.15,219.60,360,28620
20200702,10:50,219.65,219.65,218.55,218.55,40,28620
20200702,10:51,217.70,219.30,214.00,215.00,720,30920
20200702,10:52,214.55,217.85,214.55,215.10,300,30920
20200702,10:53,216.80,216.80,214.00,215.05,240,31400
20200702,10:54,217.00,222.70,216.15,222.70,200,31400
20200702,10:55,224.15,226.35,223.65,224.25,420,31400
20200702,10:56,223.05,224.05,220.00,222.95,200,31720
20200702,10:57,222.00,226.00,220.25,224.55,2880,31720
20200702,10:58,223.00,223.75,219.00,219.70,400,31720
20200702,10:59,217.85,217.90,215.00,215.00,220,31040
20200702,11:00,214.90,214.90,211.60,211.60,60,31040
20200702,11:01,212.45,212.45,205.25,205.95,340,31040
20200702,11:02,207.40,210.15,207.40,210.15,140,31120
20200702,11:03,210.00,214.35,210.00,214.35,80,31120
20200702,11:04,213.80,216.25,213.80,216.00,140,31120
20200702,11:05,214.95,217.10,214.95,217.10,60,31120
20200702,11:06,216.65,220.35,216.65,220.35,100,31000
20200702,11:07,219.05,219.30,215.30,215.50,1480,31000
20200702,11:08,212.00,212.00,210.35,210.35,160,31760
20200702,11:09,209.25,210.40,193.95,199.05,1040,31760
20200702,11:10,199.05,199.05,190.40,193.00,1180,31760
20200702,11:11,191.70,191.75,180.30,189.40,2040,32340
20200702,11:12,188.90,190.15,186.60,189.15,2140,32340
20200702,11:13,188.60,193.00,188.00,192.75,5460,32340
20200702,11:14,193.00,195.10,188.00,193.00,3500,33560
20200702,11:15,192.85,194.60,189.00,194.60,580,33560
20200702,11:16,193.25,200.05,193.25,198.45,940,33560
20200702,11:17,199.85,200.85,197.05,197.45,480,33320
20200702,11:18,196.45,204.15,195.00,201.35,820,33320
20200702,11:19,200.65,200.65,195.90,195.90,320,33320
20200702,11:20,197.60,199.55,195.85,196.75,300,33640
20200702,11:21,198.70,198.70,192.40,192.40,300,33640
20200702,11:22,194.75,194.80,194.75,194.80,80,33640
20200702,11:23,198.00,199.00,198.00,198.80,320,33640
20200702,11:24,199.00,199.00,195.00,195.00,260,33640
20200702,11:25,194.60,195.75,185.70,187.00,1320,33640
20200702,11:26,190.70,191.60,189.55,191.05,400,33740
20200702,11:27,191.00,191.95,188.70,190.15,340,33740
20200702,11:28,191.35,191.35,185.00,186.40,700,33740
20200702,11:29,187.85,189.60,187.85,189.60,40,33740
20200702,11:30,194.00,200.85,194.00,196.65,380,33880
20200702,11:31,197.60,197.60,193.60,193.60,940,33880
20200702,11:32,193.10,196.90,193.10,195.75,200,33880
20200702,11:33,200.35,201.35,196.95,198.75,3720,34220
20200702,11:34,201.25,203.00,200.00,201.75,3060,34220
20200702,11:35,201.00,219.70,201.00,210.20,2260,35580
20200702,11:36,208.85,210.80,205.40,209.35,400,35580
20200702,11:37,209.35,220.45,209.35,215.20,1380,35580
20200702,11:38,215.90,220.15,214.65,220.15,1400,33760
20200702,11:39,220.00,225.30,219.00,223.35,2240,33760
20200702,11:40,222.20,222.20,216.00,216.00,380,33760
20200702,11:41,217.00,221.10,217.00,219.20,1140,33360
20200702,11:42,218.90,223.00,218.90,222.00,740,33360
20200702,11:43,219.30,230.00,219.30,224.35,900,33360
20200702,11:44,224.60,227.80,221.60,221.95,640,33620
20200702,11:45,223.10,230.00,223.10,226.25,520,33620
20200702,11:46,225.55,225.55,212.15,214.45,520,33620
20200702,11:47,215.25,218.30,215.00,218.30,160,33900
20200702,11:48,216.25,216.25,214.00,215.60,140,33900
20200702,11:49,216.10,217.70,214.65,215.50,300,33900
20200702,11:50,218.75,218.75,215.85,216.30,1280,33260
20200702,11:51,219.50,222.05,219.50,222.05,160,33260
20200702,11:52,222.75,225.90,220.95,224.50,660,33260
20200702,11:53,225.65,225.70,220.00,220.40,200,33480
20200702,11:54,218.00,219.55,211.35,211.35,400,33480
20200702,11:55,210.10,216.50,209.10,216.05,420,33480
20200702,11:56,213.80,215.80,212.95,212.95,140,32180
20200702,11:57,214.75,218.30,214.75,218.30,160,32180
20200702,11:58,222.10,222.10,219.10,220.10,100,32180
20200702,11:59,220.05,224.25,219.85,223.60,180,31860
20200702,12:00,223.85,227.00,223.85,223.90,180,31860
20200702,12:01,221.35,221.35,220.90,220.90,60,31860
20200702,12:02,217.35,220.00,217.35,220.00,40,31840
20200702,12:03,222.65,230.80,222.65,230.80,360,31840
20200702,12:04,227.85,229.00,227.75,229.00,300,31840
20200702,12:05,229.05,238.05,229.05,238.05,360,31520
20200702,12:06,242.10,242.55,239.20,240.00,1640,31520
20200702,12:07,236.95,238.15,235.00,235.25,560,31520
20200702,12:08,236.30,236.30,230.10,230.45,400,31900
20200702,12:09,235.55,245.00,235.55,245.00,540,31900
20200702,12:10,243.05,243.05,238.70,238.75,600,31900
20200702,12:11,238.25,240.90,236.05,236.05,900,31840
20200702,12:12,239.20,239.20,234.25,236.30,180,31840
20200702,12:13,235.90,237.45,235.00,237.45,60,31840
20200702,12:14,239.50,243.45,239.35,243.45,80,31860
20200702,12:15,248.00,249.00,243.90,243.95,1800,31860
20200702,12:16,238.00,239.75,233.05,235.00,660,31860
20200702,12:17,234.00,234.05,218.25,218.45,720,30580
20200702,12:18,222.40,228.65,222.40,228.65,380,30580
20200702,12:19,230.75,232.50,230.70,231.10,380,30580
20200702,12:20,231.10,238.75,231.10,236.60,360,30760
20200702,12:21,237.15,239.00,236.20,236.75,340,30760
20200702,12:22,237.30,240.00,235.00,239.45,400,30760
20200702,12:23,240.60,240.60,239.45,239.65,140,30800
20200702,12:24,238.00,240.65,235.60,237.10,320,30800
20200702,12:25,237.05,237.60,232.40,237.60,500,30800
20200702,12:26,237.20,242.05,237.20,242.05,380,30840
20200702,12:27,242.10,244.00,239.90,240.15,920,30840
20200702,12:28,240.20,240.20,235.95,236.45,200,30840
20200702,12:29,236.75,241.55,235.35,241.55,260,31420
20200702,12:30,241.15,246.00,240.90,240.90,580,31420
20200702,12:31,242.70,246.55,241.20,241.20,400,31420
20200702,12:32,241.10,241.10,236.00,236.00,620,31500
20200702,12:33,239.45,241.45,236.75,236.75,200,31500
20200702,12:34,239.15,239.15,221.50,221.75,1320,31500
20200702,12:35,213.40,227.45,213.40,227.45,1300,31400
20200702,12:36,226.40,231.55,226.40,230.70,380,31400
20200702,12:37,231.55,233.90,228.20,231.65,360,31400
20200702,12:38,229.35,230.75,229.35,229.70,140,31640
20200702,12:39,230.35,234.25,230.00,234.25,460,31640
20200702,12:40,234.95,240.00,234.95,237.00,200,31640
20200702,12:41,237.00,241.05,237.00,241.05,220,31640
20200702,12:42,240.90,241.25,238.00,238.05,600,31720
20200702,12:43,239.20,247.05,239.20,242.60,600,31720
20200702,12:44,245.75,247.30,245.10,247.30,80,31640
20200702,12:45,250.00,257.00,248.80,253.90,1540,31640
20200702,12:46,255.10,255.10,245.40,247.00,1380,31640
20200702,12:47,247.75,247.75,240.25,242.70,280,32520
20200702,12:48,242.25,244.60,239.85,244.60,220,32520
20200702,12:49,244.70,244.70,241.50,241.50,180,32520
20200702,12:50,243.15,243.15,238.65,241.95,460,32500
20200702,12:51,242.20,242.20,231.45,232.20,560,32500
20200702,12:52,236.00,237.45,235.15,236.95,340,32500
20200702,12:53,237.45,239.00,236.35,239.00,140,32320
20200702,12:54,234.50,239.20,233.35,239.20,400,32320
20200702,12:55,234.90,235.05,230.05,230.85,440,32320
20200702,12:56,233.10,239.20,229.65,233.90,700,32620
20200702,12:57,237.10,237.50,235.60,236.30,180,32620
20200702,12:58,236.30,236.30,236.30,236.30,20,32620
20200702,12:59,240.00,243.00,237.85,241.15,340,32620
20200702,13:00,240.00,245.95,240.00,244.80,300,32800
20200702,13:01,244.95,244.95,234.35,234.45,700,32800
20200702,13:02,235.45,235.45,235.45,235.45,100,32800
20200702,13:03,232.00,232.00,221.70,221.70,1460,33000
20200702,13:04,222.50,227.95,220.50,226.50,1500,33000
20200702,13:05,225.00,226.45,219.55,223.75,720,32800
20200702,13:06,221.60,222.00,212.85,221.35,1780,32800
20200702,13:07,221.00,225.20,220.00,225.20,460,32800
20200702,13:08,226.85,229.00,224.05,226.20,560,32800
20200702,13:09,227.00,229.35,225.25,225.25,100,32920
20200702,13:10,225.70,229.10,225.10,227.05,420,32920
20200702,13:11,223.85,227.05,218.05,221.90,700,32660
20200702,13:12,220.05,221.90,218.30,220.60,280,32660
20200702,13:13,218.30,223.10,216.00,222.75,500,32660
20200702,13:14,227.70,230.30,226.50,228.35,300,32660
20200702,13:15,231.45,235.30,228.80,234.00,1160,32140
20200702,13:16,233.95,239.50,232.25,235.30,580,32140
20200702,13:17,233.20,240.20,233.20,238.35,360,32140
20200702,13:18,238.35,240.75,237.60,237.70,140,32060
20200702,13:19,239.00,239.00,234.40,235.50,100,32060
20200702,13:20,236.35,239.05,234.30,236.25,240,32060
20200702,13:21,237.75,237.75,225.70,226.75,320,32040
20200702,13:22,226.35,231.60,226.35,229.00,340,32040
20200702,13:23,232.00,232.00,227.80,227.80,60,32040
20200702,13:24,232.45,241.00,232.45,237.55,740,32120
20200702,13:25,240.70,246.90,238.15,243.45,1140,32120
20200702,13:26,246.70,246.70,240.65,241.80,640,32780
20200702,13:27,238.25,238.25,230.55,234.30,240,32780
20200702,13:28,230.70,235.05,230.70,233.80,240,32780
20200702,13:29,235.55,238.95,231.70,238.95,220,32780
20200702,13:30,242.30,242.30,240.20,240.20,60,31720
20200702,13:31,236.30,238.00,232.80,238.00,920,31720
20200702,13:32,237.10,237.10,231.90,233.65,400,31720
20200702,13:33,236.40,236.40,231.70,235.10,200,32160
20200702,13:34,232.35,232.65,230.55,231.05,620,32160
20200702,13:35,231.45,232.00,230.00,230.00,100,32160
20200702,13:36,228.05,228.05,223.00,223.25,620,31720
20200702,13:37,222.40,226.85,219.95,226.00,2700,31720
20200702,13:38,222.80,233.00,222.80,231.85,560,31720
20200702,13:39,231.15,235.00,229.15,229.15,460,32080
20200702,13:40,235.00,238.25,235.00,235.90,140,32080
20200702,13:41,236.50,241.75,234.45,239.60,420,32080
20200702,13:42,238.90,240.75,237.60,237.60,480,31880
20200702,13:43,237.70,240.20,235.95,239.60,460,31880
20200702,13:44,239.30,240.00,237.00,240.00,240,31880
20200702,13:45,241.00,260.75,241.00,260.75,1400,31900
20200702,13:46,263.50,264.20,252.40,253.00,1100,31900
20200702,13:47,251.95,255.55,251.45,252.00,100,31900
20200702,13:48,252.65,256.25,247.80,254.15,1100,32160
20200702,13:49,254.20,256.90,254.00,256.90,500,32160
20200702,13:50,260.00,266.00,260.00,261.75,1160,32160
20200702,13:51,263.25,265.05,259.35,263.00,960,32180
20200702,13:52,264.95,264.95,256.75,256.75,560,32180
20200702,13:53,255.00,259.15,255.00,259.15,280,32180
20200702,13:54,258.90,265.70,258.90,265.70,620,32140
20200702,13:55,266.00,272.50,266.00,269.85,840,32140
20200702,13:56,269.85,270.00,265.00,267.20,1520,32140
20200702,13:57,269.20,271.55,267.85,268.55,480,32020
20200702,13:58,265.75,280.35,265.60,279.35,1300,32020
20200702,13:59,275.85,276.85,269.90,275.00,900,32020
20200702,14:00,274.60,281.60,274.00,280.00,1560,31940
20200702,14:01,280.40,282.75,273.40,273.40,2020,31940
20200702,14:02,276.50,277.00,265.85,267.30,740,31940
20200702,14:03,268.00,268.00,255.00,255.00,960,31200
20200702,14:04,255.00,255.00,244.15,249.00,1300,31200
20200702,14:05,248.90,261.65,248.90,259.55,1200,31200
20200702,14:06,261.15,262.05,252.80,253.95,460,31440
20200702,14:07,256.60,263.85,256.30,263.85,360,31440
20200702,14:08,265.10,270.85,265.10,270.00,280,31440
20200702,14:09,268.60,270.00,267.25,267.80,140,31020
20200702,14:10,267.00,267.00,262.45,266.45,300,31020
20200702,14:11,265.85,265.85,262.50,262.50,340,31020
20200702,14:12,261.10,261.10,255.95,259.20,260,30980
20200702,14:13,258.15,266.35,258.15,264.25,1020,30980
20200702,14:14,263.60,276.50,263.60,276.50,740,30980
20200702,14:15,276.20,279.00,272.65,274.00,1120,31140
20200702,14:16,272.45,272.90,267.85,271.20,660,31140
20200702,14:17,275.00,277.05,272.80,277.05,380,31140
20200702,14:18,276.25,277.30,269.45,271.10,940,31560
20200702,14:19,274.70,277.25,270.75,270.75,1160,31560
20200702,14:20,270.80,275.25,270.80,272.45,840,31560
20200702,14:21,270.95,271.30,264.50,267.50,1720,31960
20200702,14:22,272.80,272.80,267.20,270.00,420,31960
20200702,14:23,266.80,267.30,260.90,262.40,680,31960
20200702,14:24,265.45,265.85,256.80,256.80,400,31320
20200702,14:25,254.65,266.20,254.65,264.00,620,31320
20200702,14:26,262.65,264.00,259.65,264.00,500,31320
20200702,14:27,260.70,261.45,260.00,261.45,140,31380
20200702,14:28,262.60,268.15,262.60,268.15,300,31380
20200702,14:29,267.90,268.00,265.60,266.90,480,31380
20200702,14:30,266.25,268.45,263.55,268.45,660,31920
20200702,14:31,268.85,268.85,231.70,235.10,2680,31920
20200702,14:32,234.50,237.40,218.65,225.75,1880,31920
20200702,14:33,225.85,233.50,225.85,230.85,1340,32280
20200702,14:34,233.50,233.95,228.10,233.95,1200,32280
20200702,14:35,235.00,240.55,233.80,239.10,1040,32280
20200702,14:36,239.65,239.65,229.15,229.15,700,33060
20200702,14:37,228.00,232.05,224.85,224.85,1720,33060
20200702,14:38,225.95,226.45,210.00,216.05,2460,33060
20200702,14:39,218.75,218.75,212.15,216.00,1560,33280
20200702,14:40,213.85,223.55,213.85,222.95,760,33280
20200702,14:41,224.00,228.00,223.95,228.00,800,33280
20200702,14:42,229.00,229.00,226.30,227.85,120,33780
20200702,14:43,228.20,228.20,222.45,223.50,280,33780
20200702,14:44,222.35,222.35,213.30,216.25,1120,33780
20200702,14:45,212.80,212.80,204.15,205.00,1100,34100
20200702,14:46,203.40,209.90,197.85,209.90,3300,34100
20200702,14:47,210.00,217.35,210.00,217.35,600,34100
20200702,14:48,213.45,213.45,209.15,211.75,560,33480
20200702,14:49,212.10,220.65,211.95,219.55,740,33480
20200702,14:50,220.60,224.95,220.60,223.00,840,33480
20200702,14:51,223.75,223.75,217.60,217.60,720,34200
20200702,14:52,220.00,225.25,220.00,225.25,440,34200
20200702,14:53,225.70,225.70,222.15,222.50,240,34200
20200702,14:54,222.85,222.85,218.00,222.00,520,34660
20200702,14:55,219.80,221.00,215.10,217.40,1300,34660
20200702,14:56,219.10,223.15,219.10,220.35,220,34660
20200702,14:57,220.35,220.45,213.80,217.90,600,35000
20200702,14:58,213.30,213.30,206.00,210.40,1140,35000
20200702,14:59,206.10,208.15,203.95,203.95,880,35000
20200702,15:00,204.40,210.00,202.10,203.95,1460,35720
20200702,15:01,205.30,205.55,201.50,204.05,1220,35720
20200702,15:02,203.00,205.00,197.25,198.00,1340,35720
20200702,15:03,200.90,200.90,194.00,194.40,640,37580
20200702,15:04,193.25,193.25,185.55,187.45,660,37580
20200702,15:05,187.80,194.80,187.80,190.30,820,37580
20200702,15:06,193.30,193.30,190.00,190.00,440,37880
20200702,15:07,188.85,194.80,188.20,194.80,1100,37880
20200702,15:08,196.45,200.50,195.75,198.75,4900,37880
20200702,15:09,200.00,207.55,199.65,205.90,880,40680
20200702,15:10,205.90,205.90,199.50,199.50,580,40680
20200702,15:11,200.10,204.00,198.90,202.90,1320,40680
20200702,15:12,202.15,202.15,199.15,199.95,660,41020
20200702,15:13,198.45,198.45,190.00,190.00,480,41020
20200702,15:14,190.00,190.25,186.40,187.05,540,41020
20200702,15:15,186.40,186.45,182.05,184.70,1080,41640
20200702,15:16,183.55,183.55,173.80,178.20,4660,41640
20200702,15:17,178.25,178.75,176.55,178.75,840,41640
20200702,15:18,177.55,179.90,177.30,179.70,980,41100
20200702,15:19,178.45,182.55,178.45,181.50,820,41100
20200702,15:20,182.55,185.80,182.35,185.80,1100,41100
20200702,15:21,186.50,191.10,184.80,188.65,2420,41620
20200702,15:22,189.85,193.00,189.25,193.00,660,41620
20200702,15:23,192.75,192.75,190.90,191.00,1960,41620
20200702,15:24,190.80,193.10,190.80,193.00,820,42620
20200702,15:25,192.40,193.55,191.25,191.30,1060,42620
20200702,15:26,191.70,191.90,191.35,191.35,1140,42620
20200702,15:27,191.35,191.35,190.10,191.00,1340,42760
20200702,15:28,191.30,192.35,191.00,192.00,2520,42760
20200702,15:29,192.00,196.00,190.30,196.00,1940,42760
20200703,09:15,232.50,232.50,204.10,206.70,10161,43140
20200703,09:16,208.00,208.75,200.15,207.00,6020,43140
20200703,09:17,207.60,208.30,197.90,199.35,8100,49060
20200703,09:18,200.00,205.90,199.40,200.60,7220,49060
20200703,09:19,201.55,201.55,194.65,198.15,7080,49060
20200703,09:20,198.75,200.90,191.55,200.90,5540,60720
20200703,09:21,201.95,211.95,201.95,210.00,14300,60720
20200703,09:22,211.00,211.90,205.75,211.40,9780,60720
20200703,09:23,211.15,212.50,208.75,210.05,6400,65740
20200703,09:24,210.70,212.65,204.30,209.70,7640,65740
20200703,09:25,208.85,212.00,199.60,199.60,8200,65740
20200703,09:26,199.15,203.35,199.15,201.25,6400,69420
20200703,09:27,200.95,205.95,200.00,201.60,8000,69420
20200703,09:28,201.25,201.60,193.80,195.00,5180,69420
20200703,09:29,194.30,195.35,190.40,190.40,10280,78840
20200703,09:30,193.55,198.00,192.30,196.20,5320,78840
20200703,09:31,196.20,198.50,192.20,192.20,4720,78840
20200703,09:32,191.70,193.15,172.35,177.45,13420,81920
20200703,09:33,176.55,178.20,164.85,170.75,17020,81920
20200703,09:34,169.75,173.10,168.20,171.05,7840,81920
20200703,09:35,171.70,175.35,170.10,173.55,3440,82540
20200703,09:36,173.30,174.05,155.00,161.00,11580,82540
20200703,09:37,160.60,164.05,158.45,163.85,7920,82540
20200703,09:38,163.30,165.90,162.70,163.55,5120,85340
20200703,09:39,164.15,167.75,163.65,164.65,5060,85340
20200703,09:40,164.90,166.35,161.30,164.00,6500,85340
20200703,09:41,163.35,163.85,154.45,158.35,6060,87880
20200703,09:42,157.55,159.30,151.95,158.00,5400,87880
20200703,09:43,158.10,162.90,158.00,159.00,6320,87880
20200703,09:44,160.70,160.70,155.75,156.45,3820,89400
20200703,09:45,154.70,154.70,145.00,150.00,12520,89400
20200703,09:46,151.00,154.85,148.15,151.65,10720,89400
20200703,09:47,151.65,155.65,151.40,153.00,6720,91600
20200703,09:48,152.80,157.50,152.40,157.25,5500,91600
20200703,09:49,157.55,157.90,154.65,156.60,5200,91600
20200703,09:50,156.15,157.70,150.45,150.75,8520,92800
20200703,09:51,150.50,153.50,149.70,152.85,11860,92800
20200703,09:52,153.35,154.50,152.15,152.45,4420,92800
20200703,09:53,152.25,152.30,141.30,141.30,6980,99500
20200703,09:54,141.80,141.80,130.00,133.25,16460,99500
20200703,09:55,133.65,139.80,130.60,138.15,11920,99500
20200703,09:56,138.10,140.95,137.90,138.50,5340,101220
20200703,09:57,138.00,143.40,137.95,142.80,6760,101220
20200703,09:58,142.35,143.60,140.10,142.10,5520,101220
20200703,09:59,142.00,144.80,141.50,144.80,2940,106640
20200703,10:00,145.00,150.00,143.70,148.80,4900,106640
20200703,10:01,150.00,150.45,145.70,145.70,5360,106640
20200703,10:02,146.05,146.05,139.15,142.85,5600,108520
20200703,10:03,142.60,142.70,139.90,141.40,2120,108520
20200703,10:04,140.55,148.00,139.75,148.00,4300,108520
20200703,10:05,147.90,151.45,147.90,149.70,5940,110980
20200703,10:06,149.95,154.15,149.80,153.20,5640,110980
20200703,10:07,154.65,156.55,153.95,155.00,7380,110980
20200703,10:08,154.95,157.00,151.40,151.40,4440,113480
20200703,10:09,150.85,151.25,146.40,146.85,6360,113480
20200703,10:10,147.15,147.15,140.65,141.25,5940,113480
20200703,10:11,141.05,142.15,137.70,142.15,6940,113880
20200703,10:12,142.00,145.65,140.65,144.60,3320,113880
20200703,10:13,144.50,145.50,143.25,144.90,2200,113880
20200703,10:14,144.10,146.05,142.90,143.35,4300,115000
20200703,10:15,142.00,142.00,138.00,140.60,3240,115000
20200703,10:16,140.40,140.65,138.00,139.60,2940,115000
20200703,10:17,139.25,139.40,137.35,138.15,2820,115340
20200703,10:18,138.85,139.45,132.00,135.10,6000,115340
20200703,10:19,136.55,141.65,135.50,140.25,3580,115340
20200703,10:20,139.80,149.60,138.50,149.60,6200,116440
20200703,10:21,149.85,150.20,147.00,149.00,2940,116440
20200703,10:22,150.35,151.15,148.15,149.00,2060,116440
20200703,10:23,148.75,149.15,145.30,148.00,2740,115540
20200703,10:24,147.65,148.35,143.70,144.00,5580,115540
20200703,10:25,144.10,148.20,143.20,147.60,2720,115540
20200703,10:26,147.25,152.25,147.25,150.40,8620,117220
20200703,10:27,150.00,150.00,146.70,146.70,2020,117220
20200703,10:28,146.80,149.40,146.00,146.30,2300,117220
20200703,10:29,147.70,150.70,146.75,149.15,3500,117720
20200703,10:30,149.10,159.95,148.45,159.00,13720,117720
20200703,10:31,159.95,160.00,156.10,156.95,2780,117720
20200703,10:32,157.75,158.60,155.65,156.30,5400,114540
20200703,10:33,156.40,157.75,154.90,156.80,5420,114540
20200703,10:34,158.00,159.00,156.85,157.05,3660,114540
20200703,10:35,157.75,158.30,148.50,154.00,5000,114880
20200703,10:36,154.25,154.25,149.00,149.00,2360,114880
20200703,10:37,150.00,152.00,148.50,149.00,3800,114880
20200703,10:38,149.10,153.00,149.05,151.00,2940,113300
20200703,10:39,151.40,151.40,149.00,150.45,1920,113300
20200703,10:40,150.25,151.10,146.10,146.75,1700,113300
20200703,10:41,146.85,149.70,145.00,148.80,5560,113380
20200703,10:42,149.00,149.00,145.25,147.95,2600,113380
20200703,10:43,148.45,151.55,147.85,150.00,1180,113380
20200703,10:44,149.45,152.65,149.45,151.20,900,112620
20200703,10:45,151.55,156.80,151.55,154.90,4360,112620
20200703,10:46,155.95,157.20,153.00,155.10,2200,112620
20200703,10:47,154.35,156.00,153.90,154.80,1560,112780
20200703,10:48,155.00,157.30,154.00,156.35,2520,112780
20200703,10:49,156.30,158.45,154.85,155.75,2580,112780
20200703,10:50,155.60,155.60,149.90,150.55,3400,112840
20200703,10:51,150.60,152.45,148.00,148.80,1800,112840
20200703,10:52,148.00,148.30,144.10,147.10,8440,112840
20200703,10:53,147.35,149.50,145.55,148.95,1420,110980
20200703,10:54,148.95,150.00,148.00,148.65,5320,110980
20200703,10:55,148.20,148.20,142.90,145.40,4660,110980
20200703,10:56,145.35,146.90,145.35,146.00,420,111400
20200703,10:57,146.45,148.25,146.25,147.25,1680,111400
20200703,10:58,147.15,149.05,147.00,147.90,2360,111400
20200703,10:59,147.90,151.85,147.90,151.85,3840,112700
20200703,11:00,150.60,150.60,147.70,147.80,2380,112700
20200703,11:01,148.40,152.35,148.00,152.30,1780,112700
20200703,11:02,151.60,152.65,149.95,150.60,3840,112480
20200703,11:03,150.15,151.35,148.00,148.85,2000,112480
20200703,11:04,150.00,152.60,149.70,152.05,1320,112480
20200703,11:05,150.95,151.50,145.00,146.35,2740,112880
20200703,11:06,146.65,147.55,143.00,143.60,1800,112880
20200703,11:07,143.00,144.85,141.00,143.90,4940,112880
20200703,11:08,142.95,143.90,133.20,133.20,6120,114300
20200703,11:09,134.55,137.90,132.65,137.65,6280,114300
20200703,11:10,136.50,136.65,129.60,133.30,10940,114300
20200703,11:11,133.60,135.70,131.00,135.55,2780,114400
20200703,11:12,136.40,139.50,135.50,138.25,2920,114400
20200703,11:13,138.45,142.05,138.15,140.60,5560,114400
20200703,11:14,140.00,141.30,138.05,138.05,2940,113840
20200703,11:15,139.65,139.80,135.25,136.40,2000,113840
20200703,11:16,136.95,140.50,136.95,138.80,1940,113840
20200703,11:17,139.20,141.00,135.80,140.25,1560,113380
20200703,11:18,141.35,141.35,140.00,140.15,2260,113380
20200703,11:19,140.15,141.00,138.45,138.65,2000,113380
20200703,11:20,138.00,141.85,137.50,141.85,1300,115080
20200703,11:21,142.00,142.05,138.75,141.10,2000,115080
20200703,11:22,141.00,143.50,141.00,142.50,2140,115080
20200703,11:23,142.50,143.00,140.50,140.50,1120,114420
20200703,11:24,141.20,142.30,138.75,138.75,740,114420
20200703,11:25,139.05,141.65,139.05,141.00,1780,114420
20200703,11:26,141.95,143.05,140.00,140.05,2400,114800
20200703,11:27,141.50,142.10,140.00,140.00,960,114800
20200703,11:28,139.40,140.20,137.30,137.70,1880,114800
20200703,11:29,140.95,143.00,140.45,143.00,1600,114940
20200703,11:30,142.40,146.90,142.40,146.10,4280,114940
20200703,11:31,146.00,151.85,145.80,148.00,5560,114940
20200703,11:32,148.00,150.40,148.00,148.25,2240,115580
20200703,11:33,148.65,148.80,144.65,144.75,4320,115580
20200703,11:34,145.50,145.50,142.65,144.10,1320,115580
20200703,11:35,144.30,144.35,139.60,141.85,2380,117220
20200703,11:36,142.55,142.55,139.15,140.00,2180,117220
20200703,11:37,140.65,143.40,140.55,143.40,2100,117220
20200703,11:38,144.00,148.20,144.00,147.25,3200,115800
20200703,11:39,147.65,151.70,147.00,151.30,7000,115800
20200703,11:40,151.10,152.25,148.70,149.05,1940,115800
20200703,11:41,150.00,152.95,149.50,150.00,5120,113200
20200703,11:42,151.00,151.00,147.70,148.10,1520,113200
20200703,11:43,147.55,152.35,146.25,152.35,2160,113200
20200703,11:44,152.15,159.35,150.45,154.15,8440,113120
20200703,11:45,152.00,163.40,152.00,159.15,19820,113120
20200703,11:46,160.00,161.55,158.10,160.40,8220,113120
20200703,11:47,160.05,160.05,154.00,155.70,5540,114180
20200703,11:48,155.70,157.00,154.40,157.00,2980,114180
20200703,11:49,156.75,159.90,156.75,158.00,3660,114180
20200703,11:50,159.50,164.45,159.15,159.15,7620,113140
20200703,11:51,160.00,162.00,158.45,160.95,7080,113140
20200703,11:52,161.10,163.15,159.30,160.30,4820,113140
20200703,11:53,160.95,160.95,157.45,159.20,3640,114340
20200703,11:54,159.15,160.60,155.65,155.65,2920,114340
20200703,11:55,155.95,157.65,152.35,153.90,4100,114340
20200703,11:56,153.40,157.30,153.40,155.10,5160,114740
20200703,11:57,155.30,156.40,154.35,156.00,4300,114740
20200703,11:58,156.65,159.85,156.50,158.75,6040,114740
20200703,11:59,159.40,161.00,157.00,158.10,2260,113420
20200703,12:00,158.30,164.25,158.00,161.65,3780,113420
20200703,12:01,162.80,165.15,159.70,161.35,4560,113420
20200703,12:02,162.00,162.65,158.00,158.75,4460,114360
20200703,12:03,158.70,159.95,155.60,157.10,4080,114360
20200703,12:04,157.40,157.40,152.30,152.30,5100,114360
20200703,12:05,152.00,155.00,150.80,150.80,3600,114400
20200703,12:06,151.80,156.10,150.90,155.80,4200,114400
20200703,12:07,155.85,157.00,153.40,153.40,760,114400
20200703,12:08,154.10,155.20,153.55,154.40,1600,113480
20200703,12:09,154.00,155.00,153.55,153.80,1200,113480
20200703,12:10,154.45,159.05,154.45,157.25,4580,113480
20200703,12:11,157.55,158.15,153.25,154.15,3200,113120
20200703,12:12,155.65,155.65,153.00,153.00,1060,113120
20200703,12:13,151.70,153.45,145.45,148.00,3560,113120
20200703,12:14,149.85,152.05,149.00,151.85,1780,113940
20200703,12:15,152.00,152.90,151.80,152.35,1020,113940
20200703,12:16,152.50,155.40,152.50,155.40,1320,113940
20200703,12:17,155.00,157.65,152.70,156.85,1560,113500
20200703,12:18,156.80,159.00,156.30,156.85,2340,113500
20200703,12:19,156.85,157.40,156.70,157.40,800,113500
20200703,12:20,157.00,162.20,156.90,159.80,4120,114160
20200703,12:21,159.25,160.00,157.70,158.70,1360,114160
20200703,12:22,158.25,158.25,155.05,155.45,1580,114160
20200703,12:23,156.85,156.85,151.55,152.65,4200,116340
20200703,12:24,152.30,157.05,152.30,154.20,4060,116340
20200703,12:25,154.20,158.40,154.20,157.00,920,116340
20200703,12:26,157.20,158.40,156.00,157.40,960,116340
20200703,12:27,157.15,157.15,151.75,156.00,2220,116340
20200703,12:28,156.05,159.55,156.05,158.70,1640,116340
20200703,12:29,159.55,160.25,157.85,157.85,3200,117740
20200703,12:30,159.55,166.35,159.55,162.50,13700,117740
20200703,12:31,162.50,165.60,162.50,163.40,7000,117740
20200703,12:32,163.45,163.55,160.30,161.90,4020,116260
20200703,12:33,162.20,162.20,158.65,159.00,3240,116260
20200703,12:34,159.45,159.70,155.20,156.15,7780,116260
20200703,12:35,156.80,157.60,148.65,149.30,6700,117460
20200703,12:36,149.10,151.45,147.30,151.15,4000,117460
20200703,12:37,150.30,150.90,147.10,150.90,2560,117460
20200703,12:38,151.45,151.95,145.45,151.95,3900,117600
20200703,12:39,152.00,153.35,151.30,151.30,2920,117600
20200703,12:40,150.10,151.30,147.55,147.60,1700,117600
20200703,12:41,148.90,151.90,148.90,150.00,1480,117020
20200703,12:42,150.00,150.00,146.40,147.70,2320,117020
20200703,12:43,146.05,146.05,137.10,139.00,15980,117020
20200703,12:44,139.60,143.35,138.15,140.75,6060,118280
20200703,12:45,140.60,140.60,133.25,136.20,13000,118280
20200703,12:46,136.00,138.50,135.80,137.15,3820,118280
20200703,12:47,137.80,138.00,133.40,136.55,5220,121920
20200703,12:48,137.00,140.60,135.65,139.85,6900,121920
20200703,12:49,139.60,140.45,137.45,139.40,7180,121920
20200703,12:50,138.00,142.50,137.65,140.00,4020,121200
20200703,12:51,141.15,141.70,139.55,140.60,2280,121200
20200703,12:52,140.00,141.30,138.60,139.00,2960,121200
20200703,12:53,137.50,139.25,135.00,135.00,5280,122940
20200703,12:54,135.85,136.20,130.00,134.20,7120,122940
20200703,12:55,133.25,141.35,133.25,139.90,5240,122940
20200703,12:56,140.05,142.00,139.45,139.45,2120,126000
20200703,12:57,139.95,143.70,138.00,141.90,6000,126000
20200703,12:58,142.30,143.50,141.20,142.30,3500,126000
20200703,12:59,143.50,147.60,142.15,144.05,5620,126700
20200703,13:00,143.75,143.75,138.45,140.50,2860,126700
20200703,13:01,140.50,142.10,139.45,140.00,1440,126700
20200703,13:02,140.10,140.10,135.80,136.30,6720,126880
20200703,13:03,136.00,137.50,133.30,134.80,3620,126880
20200703,13:04,133.90,139.00,133.30,137.90,6600,126880
20200703,13:05,137.75,138.00,135.65,137.30,2120,127860
20200703,13:06,137.15,139.15,135.35,137.70,3180,127860
20200703,13:07,138.50,141.40,137.75,141.40,2640,127860
20200703,13:08,141.25,142.30,136.80,138.00,6600,131140
20200703,13:09,137.80,139.00,134.65,138.40,3080,131140
20200703,13:10,137.50,138.95,136.00,137.00,3360,131140
20200703,13:11,136.10,138.95,134.30,138.40,4860,133440
20200703,13:12,138.45,138.45,134.80,134.80,4120,133440
20200703,13:13,134.00,136.25,126.00,132.40,15220,133440
20200703,13:14,132.30,134.15,131.00,131.00,12100,137420
20200703,13:15,130.65,135.15,129.70,131.00,10260,137420
20200703,13:16,131.15,134.50,131.15,133.85,4000,137420
20200703,13:17,134.75,136.45,133.20,134.30,5580,137360
20200703,13:18,134.35,137.90,133.05,133.55,4060,137360
20200703,13:19,134.15,135.00,133.50,133.70,1840,137360
20200703,13:20,133.70,138.70,133.20,135.35,4140,136980
20200703,13:21,135.00,136.00,133.95,135.00,1640,136980
20200703,13:22,134.90,136.50,133.55,133.55,860,136980
20200703,13:23,133.55,134.00,131.50,132.00,1780,137460
20200703,13:24,132.95,134.35,131.85,132.05,1360,137460
20200703,13:25,132.30,134.45,132.30,133.85,1600,137460
20200703,13:26,133.70,136.65,133.70,134.80,4020,137460
20200703,13:27,135.95,136.65,134.10,134.80,1860,134380
20200703,13:28,133.70,134.20,131.60,133.35,3220,134380
20200703,13:29,133.85,134.00,132.00,132.00,10060,138620
20200703,13:30,131.85,131.85,118.35,124.30,30200,138620
20200703,13:31,124.30,124.60,112.85,120.00,12660,138620
20200703,13:32,119.95,123.10,119.00,121.20,5040,140420
20200703,13:33,122.15,123.80,119.90,120.65,6020,140420
20200703,13:34,121.55,123.65,121.40,123.65,3620,140420
20200703,13:35,122.05,122.40,119.15,121.25,5620,142340
20200703,13:36,121.80,122.50,119.00,122.50,6380,142340
20200703,13:37,123.45,124.00,120.20,123.15,4040,142340
20200703,13:38,122.75,123.30,120.85,121.40,1900,141620
20200703,13:39,120.75,122.00,119.00,122.00,7180,141620
20200703,13:40,121.20,124.35,120.35,120.55,4060,141620
20200703,13:41,119.85,119.85,105.85,109.00,20060,141900
20200703,13:42,110.05,113.90,109.90,113.50,9820,141900
20200703,13:43,113.10,113.10,111.00,112.70,7300,141900
20200703,13:44,112.05,114.75,111.45,112.75,3740,142540
20200703,13:45,112.00,113.20,109.20,111.05,7560,142540
20200703,13:46,110.25,110.25,106.80,108.70,7580,142540
20200703,13:47,108.85,113.75,108.85,113.75,8460,144780
20200703,13:48,113.95,116.00,112.70,116.00,10080,144780
20200703,13:49,115.25,118.50,115.00,117.75,6440,144780
20200703,13:50,118.35,118.70,115.70,115.75,4900,143880
20200703,13:51,116.15,118.00,115.60,118.00,3620,143880
20200703,13:52,118.70,120.60,117.00,118.65,7820,143880
20200703,13:53,119.10,120.25,117.15,117.15,7500,143880
20200703,13:54,116.75,118.80,115.20,118.80,3820,145180
20200703,13:55,119.15,120.00,118.00,120.00,3620,145180
20200703,13:56,123.60,123.60,119.65,122.00,9180,145180
20200703,13:57,121.55,124.85,121.00,121.40,7520,146460
20200703,13:58,120.90,121.40,118.30,120.40,3840,146460
20200703,13:59,119.15,120.70,116.25,117.90,7560,146460
20200703,14:00,118.05,118.05,113.70,113.75,6840,146520
20200703,14:01,114.45,114.55,111.20,111.20,8940,146520
20200703,14:02,111.70,115.40,111.40,115.00,4280,146520
20200703,14:03,115.50,119.30,114.70,119.00,4620,147820
20200703,14:04,119.50,122.55,117.15,122.55,10200,147820
20200703,14:05,121.70,122.80,119.30,121.00,7300,147820
20200703,14:06,119.70,119.70,117.30,119.50,2640,152280
20200703,14:07,117.60,118.40,116.35,116.35,2360,152280
20200703,14:08,114.95,119.90,111.85,119.20,10580,152280
20200703,14:09,118.50,119.95,117.50,117.80,8860,150940
20200703,14:10,119.10,125.10,118.50,122.80,17260,150940
20200703,14:11,123.00,126.00,122.00,126.00,8200,150940
20200703,14:12,124.70,129.00,124.55,125.55,8880,151140
20200703,14:13,125.55,125.80,121.25,122.00,5800,151140
20200703,14:14,121.80,123.85,120.00,123.00,7320,151140
20200703,14:15,122.75,123.85,115.70,117.30,7760,152600
20200703,14:16,117.15,120.00,117.00,117.00,4560,152600
20200703,14:17,117.25,119.35,116.50,117.15,5340,152600
20200703,14:18,117.30,119.85,116.00,117.55,3920,153520
20200703,14:19,118.30,120.65,118.20,119.10,4040,153520
20200703,14:20,120.25,123.50,120.15,122.95,5200,153520
20200703,14:21,122.20,123.20,119.20,119.20,5840,152320
20200703,14:22,120.50,121.65,119.55,120.00,3480,152320
20200703,14:23,121.00,122.45,119.45,119.45,3900,152320
20200703,14:24,119.95,120.85,115.00,117.10,5740,151980
20200703,14:25,116.70,121.00,115.45,120.50,4740,151980
20200703,14:26,120.90,121.25,116.00,117.60,4680,151980
20200703,14:27,118.65,121.00,117.25,118.55,1600,152960
20200703,14:28,117.65,120.55,116.30,116.30,3360,152960
20200703,14:29,116.90,117.10,114.20,115.60,7220,152960
20200703,14:30,115.25,115.25,107.70,110.60,16560,155740
20200703,14:31,110.95,112.70,108.95,109.20,7200,155740
20200703,14:32,109.00,109.90,96.00,103.15,18280,155740
20200703,14:33,103.40,104.75,101.20,101.60,11120,155980
20200703,14:34,101.80,106.05,101.80,105.25,5040,155980
20200703,14:35,104.65,104.65,102.00,104.10,7640,155980
20200703,14:36,104.25,108.05,104.25,108.00,4840,156760
20200703,14:37,107.10,107.65,106.05,107.05,3660,156760
20200703,14:38,106.00,106.00,102.95,104.65,6340,156760
20200703,14:39,104.80,105.95,103.75,105.65,3200,154920
20200703,14:40,105.50,106.00,102.20,104.00,5180,154920
20200703,14:41,104.25,105.40,100.75,101.35,4160,154920
20200703,14:42,102.00,106.00,100.35,103.10,7460,157000
20200703,14:43,103.55,105.35,102.10,104.00,4140,157000
20200703,14:44,105.00,108.55,102.85,108.55,4620,157000
20200703,14:45,108.50,112.50,107.60,111.25,13520,156400
20200703,14:46,111.25,112.20,109.60,111.25,5780,156400
20200703,14:47,111.05,113.30,105.00,105.40,9960,156400
20200703,14:48,104.55,107.55,103.35,103.45,7500,157680
20200703,14:49,103.00,105.95,102.35,104.45,3400,157680
20200703,14:50,103.70,108.10,103.70,107.55,2620,157680
20200703,14:51,108.65,110.00,107.25,107.30,10880,157040
20200703,14:52,107.50,107.85,103.60,107.80,5220,157040
20200703,14:53,108.30,109.45,104.70,107.00,4120,157040
20200703,14:54,106.35,107.70,105.05,106.60,1660,160640
20200703,14:55,108.05,110.00,106.45,106.80,6820,160640
20200703,14:56,106.65,108.25,106.05,107.25,4180,160640
20200703,14:57,107.40,111.00,107.40,108.55,5760,158700
20200703,14:58,109.55,110.30,103.90,104.40,6840,158700
20200703,14:59,103.80,105.60,103.10,103.80,5180,158700
20200703,15:00,104.30,107.15,103.50,105.00,8500,160320
20200703,15:01,104.45,110.00,104.45,107.90,8700,160320
20200703,15:02,108.75,110.50,107.50,108.50,5120,160320
20200703,15:03,108.55,110.50,105.45,105.45,5360,157800
20200703,15:04,106.90,108.25,105.75,107.80,6740,157800
20200703,15:05,108.30,108.75,105.35,107.85,3240,157800
20200703,15:06,108.20,109.00,107.00,107.05,2820,159320
20200703,15:07,106.90,106.90,104.00,104.10,2580,159320
20200703,15:08,104.20,106.65,104.10,106.00,2720,159320
20200703,15:09,106.20,106.20,105.05,105.50,1780,159540
20200703,15:10,105.30,106.50,101.60,101.65,8160,159540
20200703,15:11,101.00,103.30,101.00,103.30,6300,159540
20200703,15:12,103.50,106.20,102.95,105.35,5560,156060
20200703,15:13,105.60,107.80,104.70,106.75,4000,156060
20200703,15:14,106.65,109.70,106.65,108.55,6980,156060
20200703,15:15,108.95,111.95,108.95,110.15,11220,154540
20200703,15:16,110.70,111.80,110.00,110.00,7220,154540
20200703,15:17,109.50,112.45,109.50,111.40,6580,154540
20200703,15:18,111.30,112.95,111.00,112.75,10220,153640
20200703,15:19,112.90,116.00,112.30,115.20,12100,153640
20200703,15:20,115.25,115.75,113.20,114.00,17660,153640
20200703,15:21,113.15,113.15,106.75,108.65,10760,147560
20200703,15:22,108.15,108.65,107.15,107.80,7440,147560
20200703,15:23,108.00,108.00,106.70,107.85,5920,147560
20200703,15:24,107.85,108.10,107.00,107.80,2880,147560
20200703,15:25,107.25,108.00,105.95,106.35,11760,147560
20200703,15:26,106.45,108.00,105.45,107.25,7540,147560
20200703,15:27,107.60,107.85,105.60,105.60,6620,135680
20200703,15:28,106.00,106.55,105.40,105.40,13540,135680
20200703,15:29,105.65,106.60,104.55,106.20,10580,135680
20200706,09:15,192.00,192.00,152.00,164.65,50921,132780
20200706,09:16,163.95,164.00,151.00,156.10,41140,132780
20200706,09:17,156.30,157.45,150.10,156.10,18400,133480
20200706,09:18,154.80,158.20,149.00,156.80,22740,133480
20200706,09:19,157.65,162.55,156.20,161.90,18360,133480
20200706,09:20,162.50,171.00,162.15,165.80,24240,139180
20200706,09:21,166.20,166.45,161.30,162.40,9420,139180
20200706,09:22,162.75,170.95,162.75,170.00,16660,139180
20200706,09:23,170.05,170.50,166.70,168.35,9960,140680
20200706,09:24,168.75,175.85,168.35,173.45,18140,140680
20200706,09:25,173.95,174.45,165.10,165.65,19160,140680
20200706,09:26,165.95,169.55,158.90,159.00,13620,138540
20200706,09:27,159.55,162.55,154.50,161.45,12440,138540
20200706,09:28,161.10,166.00,161.10,164.05,7100,138540
20200706,09:29,163.35,165.50,160.10,161.35,9400,138440
20200706,09:30,162.40,176.05,162.40,172.65,29720,138440
20200706,09:31,173.60,174.00,170.00,171.15,13520,138440
20200706,09:32,171.15,171.60,163.00,164.00,15920,141480
20200706,09:33,163.10,167.20,161.90,166.55,11820,141480
20200706,09:34,166.40,167.20,163.80,164.55,5680,141480
20200706,09:35,164.35,167.05,161.50,161.70,5360,143960
20200706,09:36,161.25,166.55,160.25,162.70,4320,143960
20200706,09:37,163.35,168.85,162.75,168.05,4980,143960
20200706,09:38,168.50,169.95,160.65,161.00,6200,145280
20200706,09:39,160.25,165.00,156.80,164.70,13800,145280
20200706,09:40,166.40,168.50,164.85,167.05,8800,145280
20200706,09:41,166.95,167.40,160.00,160.30,11360,147940
20200706,09:42,160.05,163.90,156.60,163.10,17120,147940
20200706,09:43,162.60,164.85,158.75,160.95,4440,147940
20200706,09:44,160.05,163.70,160.05,162.00,5140,154980
20200706,09:45,162.95,163.30,152.65,158.80,17880,154980
20200706,09:46,159.30,163.00,159.30,159.90,4740,154980
20200706,09:47,161.15,165.30,161.15,163.65,14540,156180
20200706,09:48,164.95,165.40,159.45,160.70,11000,156180
20200706,09:49,162.35,162.65,157.55,160.15,13320,156180
20200706,09:50,161.85,162.50,157.95,157.95,2960,153560
20200706,09:51,158.80,159.30,152.20,154.00,9500,153560
20200706,09:52,153.00,155.75,150.55,154.35,12500,153560
20200706,09:53,155.30,159.45,154.20,155.40,12640,151860
20200706,09:54,156.00,159.25,154.75,155.70,9640,151860
20200706,09:55,155.00,155.70,151.10,152.30,8520,151860
20200706,09:56,152.30,155.75,150.95,154.35,12840,155760
20200706,09:57,155.00,155.95,152.90,154.35,4560,155760
20200706,09:58,155.45,157.00,154.05,156.70,3600,155760
20200706,09:59,156.60,159.50,155.10,158.00,4820,155600
20200706,10:00,158.00,165.50,158.00,161.90,25100,155600
20200706,10:01,162.00,168.00,161.70,164.20,15060,155600
20200706,10:02,165.15,165.65,162.30,162.60,8200,152180
20200706,10:03,163.50,163.95,160.00,160.75,7940,152180
20200706,10:04,162.05,164.15,157.90,160.50,8840,152180
20200706,10:05,160.00,161.25,157.00,157.60,4900,156980
20200706,10:06,157.00,157.95,153.90,155.65,9060,156980
20200706,10:07,155.00,159.10,155.00,157.05,6300,156980
20200706,10:08,157.45,159.85,156.00,158.20,9220,158880
20200706,10:09,158.35,160.30,156.50,160.25,6320,158880
20200706,10:10,159.45,159.90,151.70,154.45,8120,158880
20200706,10:11,153.60,153.85,141.95,144.25,24080,161400
20200706,10:12,145.55,149.95,145.20,147.70,6000,161400
20200706,10:13,147.15,148.00,143.25,147.00,7820,161400
20200706,10:14,147.50,147.60,145.00,147.05,4960,161580
20200706,10:15,147.55,150.75,144.30,144.30,11060,161580
20200706,10:16,144.00,144.35,131.80,138.35,29480,161580
20200706,10:17,138.65,142.90,138.65,142.90,7860,160620
20200706,10:18,143.05,145.50,142.25,143.10,6300,160620
20200706,10:19,143.25,148.00,142.55,143.05,10700,160620
20200706,10:20,142.90,144.30,141.65,142.85,8080,164860
20200706,10:21,142.40,143.00,141.00,141.70,3800,164860
20200706,10:22,142.00,142.00,138.20,141.25,7340,164860
20200706,10:23,142.50,143.40,139.10,139.80,6280,167800
20200706,10:24,140.10,145.00,139.25,144.05,6480,167800
20200706,10:25,143.85,144.15,141.00,141.60,3420,167800
20200706,10:26,141.00,142.65,125.85,132.75,21020,171600
20200706,10:27,132.05,134.15,128.85,131.75,11760,171600
20200706,10:28,132.40,136.45,130.60,135.35,5820,171600
20200706,10:29,134.80,135.70,132.00,133.35,5400,173480
20200706,10:30,132.75,137.00,132.00,136.60,5580,173480
20200706,10:31,135.80,140.00,135.80,137.95,7120,173480
20200706,10:32,136.80,142.00,135.50,139.90,7100,173580
20200706,10:33,139.20,141.45,137.80,139.00,3280,173580
20200706,10:34,137.65,141.05,136.50,139.80,10120,173580
20200706,10:35,138.20,140.75,136.75,138.00,3100,173580
20200706,10:36,138.75,141.10,138.75,140.15,3480,173580
20200706,10:37,139.20,140.05,135.50,137.10,2340,173580
20200706,10:38,137.15,137.35,131.70,134.10,5960,176160
20200706,10:39,134.55,136.65,129.25,130.75,9260,176160
20200706,10:40,131.60,135.60,131.05,134.35,5880,176160
20200706,10:41,134.15,138.80,134.15,136.85,7620,179200
20200706,10:42,136.85,139.45,136.15,139.25,2360,179200
20200706,10:43,138.65,138.70,136.15,136.15,5320,179200
20200706,10:44,136.65,138.50,136.65,138.05,1860,178400
20200706,10:45,137.75,140.50,135.25,140.50,5220,178400
20200706,10:46,140.20,144.35,139.35,144.35,9020,178400
20200706,10:47,144.70,146.75,141.00,142.55,5320,178400
20200706,10:48,143.00,146.60,142.55,145.00,5640,178400
20200706,10:49,145.15,145.15,143.00,144.00,3540,178400
20200706,10:50,144.00,144.40,138.45,138.85,3460,177800
20200706,10:51,139.20,143.85,138.05,142.25,4020,177800
20200706,10:52,141.60,144.50,141.60,142.50,4660,177800
20200706,10:53,142.15,144.00,139.40,142.35,4520,176920
20200706,10:54,142.20,144.00,142.00,142.75,2220,176920
20200706,10:55,142.85,142.85,140.00,141.50,3940,176920
20200706,10:56,140.85,141.30,139.50,140.55,1440,177420
20200706,10:57,140.30,142.00,139.60,141.50,3220,177420
20200706,10:58,140.60,143.35,140.60,142.35,3760,177420
20200706,10:59,142.00,143.45,140.15,142.75,5120,177980
20200706,11:00,142.50,143.80,141.05,142.15,4180,177980
20200706,11:01,142.00,143.05,139.00,139.40,4380,177980
20200706,11:02,139.75,140.20,136.60,137.15,3000,178340
20200706,11:03,137.10,137.40,132.05,135.85,7680,178340
20200706,11:04,136.00,137.60,135.00,136.90,2760,178340
20200706,11:05,136.25,137.45,135.15,135.80,3080,178880
20200706,11:06,137.00,138.10,135.30,137.05,2660,178880
20200706,11:07,136.75,136.75,135.55,136.35,960,178880
20200706,11:08,136.00,139.00,135.05,138.90,2240,178880
20200706,11:09,138.30,139.60,137.05,138.50,2180,178880
20200706,11:10,139.00,141.25,139.00,139.10,3000,178880
20200706,11:11,139.45,139.45,136.45,137.45,1980,179700
20200706,11:12,137.20,141.05,137.20,141.00,2280,179700
20200706,11:13,141.20,142.70,138.65,140.20,6380,179700
20200706,11:14,140.50,144.00,139.00,144.00,5200,181320
20200706,11:15,144.70,149.60,144.30,146.40,16100,181320
20200706,11:16,147.00,148.95,146.10,147.25,4920,181320
20200706,11:17,147.35,147.95,144.70,145.25,5640,180140
20200706,11:18,144.70,147.25,144.70,145.85,3260,180140
20200706,11:19,146.15,146.90,140.70,143.30,4980,180140
20200706,11:20,142.85,145.40,140.00,140.20,2720,181720
20200706,11:21,140.75,146.65,140.70,144.10,3580,181720
20200706,11:22,144.60,147.15,143.75,147.15,1540,181720
20200706,11:23,145.85,147.20,144.55,145.60,2860,181200
20200706,11:24,145.40,146.00,141.40,141.40,2780,181200
20200706,11:25,142.25,143.40,140.85,142.20,5440,181200
20200706,11:26,141.80,144.15,141.80,142.05,1700,180560
20200706,11:27,142.50,143.70,141.00,143.60,2000,180560
20200706,11:28,143.80,146.65,143.50,144.90,1800,180560
20200706,11:29,145.00,155.65,144.35,150.90,12980,180760
20200706,11:30,148.65,159.60,148.65,157.20,13460,180760
20200706,11:31,155.80,159.85,154.30,154.30,8720,180760
20200706,11:32,154.30,155.70,152.15,154.05,8860,174200
20200706,11:33,153.00,157.00,152.90,153.50,4520,174200
20200706,11:34,154.05,154.05,149.85,151.95,4120,174200
20200706,11:35,152.25,152.25,147.90,147.90,4280,171260
20200706,11:36,148.00,150.00,147.40,149.25,3240,171260
20200706,11:37,149.10,152.95,147.50,152.95,6260,171260
20200706,11:38,153.25,154.55,150.70,152.30,4240,172240
20200706,11:39,150.90,151.45,147.95,151.45,8340,172240
20200706,11:40,151.90,154.20,151.30,152.70,6100,172240
20200706,11:41,152.15,155.00,152.15,154.00,3220,172120
20200706,11:42,154.35,155.90,149.50,149.55,6320,172120
20200706,11:43,151.00,155.30,151.00,155.30,3720,172120
20200706,11:44,153.40,154.70,153.35,153.75,1240,170560
20200706,11:45,154.05,154.20,150.50,152.20,2700,170560
20200706,11:46,152.40,155.80,152.40,154.90,2520,170560
20200706,11:47,155.10,155.10,152.00,152.40,3000,169220
20200706,11:48,152.65,153.45,150.10,150.10,2200,169220
20200706,11:49,150.60,150.70,141.40,143.20,15360,169220
20200706,11:50,143.05,147.45,142.60,147.30,6080,170740
20200706,11:51,147.45,147.90,145.10,147.60,4140,170740
20200706,11:52,147.80,150.20,147.80,150.20,4560,170740
20200706,11:53,149.70,152.95,149.25,150.80,7420,172360
20200706,11:54,151.20,152.00,149.00,149.00,4740,172360
20200706,11:55,148.90,149.00,145.95,146.55,2140,172360
20200706,11:56,145.85,146.60,143.20,144.50,4720,172060
20200706,11:57,145.15,147.30,143.95,147.30,2440,172060
20200706,11:58,147.15,149.05,147.15,148.25,2420,172060
20200706,11:59,148.20,150.50,146.55,147.85,2760,171280
20200706,12:00,148.70,150.65,148.50,149.55,3040,171280
20200706,12:01,149.60,150.40,147.05,147.75,3260,171280
20200706,12:02,147.30,148.00,143.15,144.05,5080,170700
20200706,12:03,143.65,144.70,139.95,142.60,7680,170700
20200706,12:04,142.60,144.15,141.40,143.25,4840,170700
20200706,12:05,143.00,146.50,142.15,145.80,5040,170140
20200706,12:06,146.25,146.25,143.55,144.40,4380,170140
20200706,12:07,143.85,148.15,143.50,147.70,8080,170140
20200706,12:08,147.30,147.30,144.00,144.65,2780,168240
20200706,12:09,145.25,146.50,144.40,146.25,3240,168240
20200706,12:10,147.00,149.25,146.35,147.10,3640,168240
20200706,12:11,147.40,150.35,147.40,149.40,5320,167100
20200706,12:12,149.40,149.40,148.00,148.00,820,167100
20200706,12:13,148.65,150.40,147.35,148.65,3260,167100
20200706,12:14,146.90,149.90,146.60,148.40,3200,167860
20200706,12:15,149.25,150.00,147.70,149.70,1280,167860
20200706,12:16,150.00,152.35,149.20,150.90,4720,167860
20200706,12:17,150.40,154.00,149.75,150.90,3520,166600
20200706,12:18,151.00,152.20,148.75,149.05,4820,166600
20200706,12:19,147.80,153.05,147.80,151.45,2340,166600
20200706,12:20,151.65,152.75,150.00,152.75,3480,169640
20200706,12:21,152.60,154.35,151.35,151.75,3500,169640
20200706,12:22,152.20,153.50,151.00,152.65,1520,169640
20200706,12:23,152.80,152.80,149.05,151.25,3700,168640
20200706,12:24,151.50,152.35,150.00,152.00,1940,168640
20200706,12:25,150.85,150.95,149.40,150.00,3900,168640
20200706,12:26,149.30,150.70,143.30,144.50,7960,166460
20200706,12:27,144.25,144.95,140.80,144.80,6200,166460
20200706,12:28,145.00,147.55,144.00,144.90,2740,166460
20200706,12:29,144.95,147.70,144.25,147.70,2220,165080
20200706,12:30,146.80,149.95,144.85,146.00,3960,165080
20200706,12:31,145.60,146.95,143.15,144.75,3380,165080
20200706,12:32,145.30,145.90,143.40,144.70,1120,165600
20200706,12:33,144.15,147.00,142.45,144.85,3760,165600
20200706,12:34,145.80,148.00,145.80,146.15,2920,165600
20200706,12:35,146.05,149.00,146.05,147.80,2640,166660
20200706,12:36,148.00,148.00,144.40,145.45,3060,166660
20200706,12:37,144.60,151.60,144.60,149.00,4620,166660
20200706,12:38,149.75,149.80,147.20,149.10,1780,168380
20200706,12:39,150.10,150.75,146.95,146.95,2540,168380
20200706,12:40,147.50,152.00,147.50,149.40,2820,168380
20200706,12:41,148.80,150.15,146.70,147.65,3140,169160
20200706,12:42,148.00,151.15,145.35,145.60,4920,169160
20200706,12:43,146.45,151.00,145.90,148.00,2060,169160
20200706,12:44,149.05,151.00,147.30,147.95,2120,168500
20200706,12:45,148.00,169.25,148.00,163.60,45160,168500
20200706,12:46,164.75,170.00,163.70,164.55,20940,168500
20200706,12:47,165.25,170.85,164.25,170.10,18220,164760
20200706,12:48,169.10,172.75,168.15,170.55,15780,164760
20200706,12:49,170.55,172.15,166.10,166.85,12020,164760
20200706,12:50,166.75,178.25,166.50,175.40,21240,164160
20200706,12:51,174.60,176.40,167.05,169.30,17560,164160
20200706,12:52,168.35,172.10,168.35,171.80,6420,164160
20200706,12:53,171.65,172.50,167.25,169.10,11580,161200
20200706,12:54,169.10,169.20,165.35,167.70,6320,161200
20200706,12:55,168.45,171.50,167.85,170.30,5480,161200
20200706,12:56,170.30,173.50,169.50,172.40,8060,161460
20200706,12:57,171.95,172.00,168.60,169.95,4700,161460
20200706,12:58,169.35,170.00,163.10,166.15,7960,161460
20200706,12:59,167.00,169.00,164.70,168.85,4140,162880
20200706,13:00,168.30,172.70,168.30,169.65,6380,162880
20200706,13:01,168.00,168.50,163.45,164.00,6760,162880
20200706,13:02,163.60,166.00,160.90,165.35,9520,162040
20200706,13:03,165.10,165.10,163.45,163.85,3240,162040
20200706,13:04,164.15,165.70,162.70,164.00,2940,162040
20200706,13:05,163.20,167.00,163.20,165.45,3480,161300
20200706,13:06,166.05,166.35,163.35,163.35,2140,161300
20200706,13:07,163.10,166.90,162.50,162.50,3140,161300
20200706,13:08,162.45,165.65,162.45,164.30,1620,161520
20200706,13:09,164.45,165.50,163.95,164.50,1560,161520
20200706,13:10,164.85,165.00,160.80,161.05,2740,161520
20200706,13:11,160.15,163.80,160.10,163.00,2680,162020
20200706,13:12,163.50,163.50,155.75,155.75,10260,162020
20200706,13:13,156.55,160.20,155.50,160.00,5320,162020
20200706,13:14,160.05,162.15,160.05,161.00,4680,161000
20200706,13:15,161.00,161.50,158.70,160.25,2220,161000
20200706,13:16,160.95,162.15,160.85,161.20,1540,161000
20200706,13:17,161.25,162.00,160.50,162.00,2300,162180
20200706,13:18,162.80,175.75,162.80,175.40,32380,162180
20200706,13:19,175.30,176.00,171.80,173.10,14920,162180
20200706,13:20,173.85,174.05,170.90,172.15,5920,160040
20200706,13:21,171.20,172.20,169.10,171.00,6060,160040
20200706,13:22,171.35,171.70,168.65,169.20,5240,160040
20200706,13:23,169.35,172.30,167.70,169.90,5100,160540
20200706,13:24,170.45,172.00,168.45,170.05,3780,160540
20200706,13:25,171.10,172.00,169.60,169.70,5820,160540
20200706,13:26,169.70,170.00,165.60,168.90,5040,161720
20200706,13:27,167.80,169.60,162.30,162.30,6400,161720
20200706,13:28,162.10,166.05,162.10,165.30,6760,161720
20200706,13:29,164.85,168.35,164.85,168.00,4280,161720
20200706,13:30,167.95,170.05,167.45,169.20,3420,160920
20200706,13:31,169.55,169.55,163.65,167.00,4000,160920
20200706,13:32,166.60,167.05,163.70,166.35,2000,160920
20200706,13:33,166.50,168.55,165.40,168.55,2060,162020
20200706,13:34,168.20,170.60,167.00,170.05,4100,162020
20200706,13:35,169.45,178.85,169.30,175.00,21140,162020
20200706,13:36,176.00,176.00,171.25,173.30,11000,159800
20200706,13:37,173.15,175.65,172.25,172.30,6820,159800
20200706,13:38,172.10,172.55,170.05,170.85,3580,159800
20200706,13:39,170.00,174.00,169.90,172.35,5400,162060
20200706,13:40,170.85,172.05,170.00,170.85,3420,162060
20200706,13:41,170.00,172.00,168.80,170.00,3560,162060
20200706,13:42,169.55,171.30,169.55,171.30,1860,163740
20200706,13:43,170.75,170.75,154.75,161.15,23580,163740
20200706,13:44,160.55,162.00,155.05,156.40,9940,163740
20200706,13:45,157.50,160.40,155.20,156.00,8600,161260
20200706,13:46,156.35,156.35,136.05,137.80,29280,161260
20200706,13:47,135.20,138.40,120.30,137.65,35180,161260
20200706,13:48,138.10,139.60,136.45,137.85,9020,155660
20200706,13:49,140.20,143.75,139.00,140.00,10120,155660
20200706,13:50,139.90,143.45,139.60,141.05,20180,155660
20200706,13:51,140.55,141.20,138.00,138.70,7700,161760
20200706,13:52,139.55,140.75,136.80,138.00,6560,161760
20200706,13:53,138.00,140.40,136.35,138.00,7680,161760
20200706,13:54,138.25,139.75,135.50,136.75,8400,165340
20200706,13:55,137.85,140.25,137.00,137.70,8860,165340
20200706,13:56,139.55,143.35,139.10,142.80,9080,165340
20200706,13:57,143.30,145.00,142.50,144.30,11560,164300
20200706,13:58,143.70,145.55,142.50,142.50,6640,164300
20200706,13:59,141.60,143.90,138.35,138.35,5900,164300
20200706,14:00,140.60,143.55,138.00,140.50,6780,163680
20200706,14:01,140.20,141.95,138.95,139.30,3140,163680
20200706,14:02,139.10,142.00,139.10,141.85,3280,163680
20200706,14:03,142.00,143.60,138.55,143.60,4720,164720
20200706,14:04,145.00,145.45,142.45,143.45,10400,164720
20200706,14:05,144.35,144.90,141.80,142.20,2640,164720
20200706,14:06,141.30,142.30,139.30,140.00,6160,163040
20200706,14:07,139.60,141.15,138.05,138.10,3880,163040
20200706,14:08,137.15,141.95,137.15,138.35,5580,163040
20200706,14:09,136.00,138.25,128.95,132.90,22320,163580
20200706,14:10,132.30,136.20,131.50,135.90,9700,163580
20200706,14:11,136.40,137.30,128.85,129.45,7280,163580
20200706,14:12,130.00,134.00,129.20,132.65,7500,160660
20200706,14:13,132.05,135.95,132.05,133.40,4640,160660
20200706,14:14,134.85,137.25,134.75,135.30,5840,160660
20200706,14:15,136.00,141.15,135.00,141.15,6600,161820
20200706,14:16,140.30,140.30,137.65,139.30,3380,161820
20200706,14:17,139.25,140.30,136.80,139.60,5500,161820
20200706,14:18,137.50,139.85,137.50,138.15,2880,163220
20200706,14:19,137.50,141.00,136.95,138.20,5140,163220
20200706,14:20,137.00,139.50,134.50,135.20,5660,163220
20200706,14:21,135.05,135.15,131.20,133.65,6080,164400
20200706,14:22,132.65,135.80,130.25,133.60,5160,164400
20200706,14:23,133.70,133.70,128.60,132.05,12840,164400
20200706,14:24,131.60,132.35,127.25,130.55,9200,168260
20200706,14:25,130.30,132.00,129.45,131.10,2600,168260
20200706,14:26,131.10,134.60,131.10,133.85,3820,168260
20200706,14:27,133.55,134.50,131.70,132.10,3160,167620
20200706,14:28,131.50,134.00,131.00,132.95,2920,167620
20200706,14:29,133.50,134.75,131.65,131.80,2900,167620
20200706,14:30,132.25,137.95,130.00,136.90,10580,169060
20200706,14:31,136.55,138.20,136.10,137.10,5000,169060
20200706,14:32,137.80,139.00,136.50,138.45,3980,169060
20200706,14:33,138.20,139.00,135.70,136.45,4660,169180
20200706,14:34,136.60,137.40,135.05,136.20,5740,169180
20200706,14:35,137.00,137.00,125.20,125.70,14460,169180
20200706,14:36,124.70,124.70,109.90,119.15,37020,168720
20200706,14:37,118.60,122.00,117.70,118.95,11380,168720
20200706,14:38,118.00,120.25,117.00,118.90,10400,168720
20200706,14:39,118.80,119.45,115.25,119.30,11980,172300
20200706,14:40,118.40,118.90,112.45,114.75,13380,172300
20200706,14:41,115.50,117.35,112.90,116.15,17060,172300
20200706,14:42,116.00,117.15,114.60,114.60,13260,178220
20200706,14:43,115.50,116.10,112.25,112.25,8380,178220
20200706,14:44,112.00,113.40,105.65,108.00,21080,178220
20200706,14:45,107.70,113.55,106.50,111.70,32460,181920
20200706,14:46,111.50,112.15,107.50,109.45,14940,181920
20200706,14:47,110.00,114.40,109.30,113.65,16360,181920
20200706,14:48,113.95,114.75,112.60,114.75,9060,193300
20200706,14:49,117.25,120.15,114.50,117.50,34280,193300
20200706,14:50,117.15,118.00,116.20,117.00,9120,193300
20200706,14:51,117.00,117.75,114.45,115.00,12500,196900
20200706,14:52,115.35,117.40,114.15,115.30,10100,196900
20200706,14:53,115.75,116.70,113.25,115.00,6900,196900
20200706,14:54,115.15,116.65,114.00,115.15,9280,198340
20200706,14:55,114.75,115.05,106.55,107.50,16480,198340
20200706,14:56,108.60,110.10,107.20,108.55,15340,198340
20200706,14:57,110.00,114.15,110.00,113.75,10140,203120
20200706,14:58,114.40,118.05,113.35,118.05,9340,203120
20200706,14:59,118.40,119.20,116.20,117.55,8220,203120
20200706,15:00,117.00,117.70,113.05,113.70,8980,200600
20200706,15:01,113.40,115.00,111.10,111.40,6480,200600
20200706,15:02,111.70,112.95,108.70,110.15,11920,200600
20200706,15:03,110.55,115.55,110.55,114.60,5540,198240
20200706,15:04,114.55,115.00,112.10,113.65,2860,198240
20200706,15:05,114.00,116.30,113.15,116.30,6420,198240
20200706,15:06,115.45,117.35,114.95,116.60,6020,195980
20200706,15:07,115.95,117.35,114.80,115.90,5620,195980
20200706,15:08,115.85,116.60,115.20,115.90,4680,195980
20200706,15:09,116.35,116.65,114.35,114.95,4600,194740
20200706,15:10,114.65,118.20,112.55,116.35,15020,194740
20200706,15:11,116.50,116.50,114.05,115.40,2740,194740
20200706,15:12,115.25,116.10,114.90,115.50,14560,190500
20200706,15:13,115.50,117.40,115.50,116.00,11000,190500
20200706,15:14,116.80,118.40,116.35,118.40,8060,190500
20200706,15:15,117.85,121.10,117.80,120.95,13320,180180
20200706,15:16,120.45,121.70,119.55,120.70,7780,180180
20200706,15:17,120.35,121.70,119.35,119.70,12740,180180
20200706,15:18,119.15,123.70,119.10,123.05,13200,179920
20200706,15:19,122.80,126.60,122.05,126.00,9200,179920
20200706,15:20,125.90,135.70,125.90,133.35,19960,179920
20200706,15:21,133.00,133.00,129.55,130.85,19500,170920
20200706,15:22,131.00,131.00,128.25,129.70,9340,170920
20200706,15:23,130.20,132.60,129.80,131.80,5780,170920
20200706,15:24,131.80,132.65,130.00,130.50,5880,173520
20200706,15:25,130.35,130.80,125.70,126.00,8320,173520
20200706,15:26,125.60,131.45,125.50,130.75,7140,173520
20200706,15:27,131.70,131.90,130.15,130.85,8700,168640
20200706,15:28,130.90,131.75,130.00,131.60,6860,168640
20200706,15:29,131.80,132.60,128.25,128.25,9480,168640
20200707,09:15,125.80,126.50,80.60,90.00,34122,160220
20200707,09:16,89.00,89.00,83.50,86.65,30700,160220
20200707,09:17,86.20,89.05,84.85,87.95,32380,174140
20200707,09:18,87.70,90.00,87.50,89.00,31560,174140
20200707,09:19,89.00,91.75,88.70,90.25,17760,174140
20200707,09:20,91.05,91.30,85.25,85.25,26020,194760
20200707,09:21,85.05,86.60,80.95,82.75,28000,194760
20200707,09:22,82.90,90.10,82.45,88.10,24580,194760
20200707,09:23,88.45,88.45,84.35,84.75,15360,207800
20200707,09:24,85.10,86.45,84.45,85.00,16160,207800
20200707,09:25,84.65,85.25,81.40,81.60,19600,207800
20200707,09:26,81.60,83.55,77.55,77.55,25320,218520
20200707,09:27,75.85,80.75,75.45,79.75,30700,218520
20200707,09:28,80.30,80.85,78.00,80.20,15780,218520
20200707,09:29,79.70,81.05,76.95,76.95,27420,220460
20200707,09:30,76.40,76.60,71.60,72.00,45540,220460
20200707,09:31,72.30,75.25,71.15,73.40,26760,220460
20200707,09:32,73.80,75.35,72.25,72.75,14520,239380
20200707,09:33,72.15,74.35,71.85,73.05,13500,239380
20200707,09:34,73.00,75.00,72.65,74.20,14780,239380
20200707,09:35,73.75,75.85,72.95,75.00,12900,242880
20200707,09:36,75.15,75.30,68.50,69.00,26820,242880
20200707,09:37,68.75,69.20,67.50,68.35,24080,242880
20200707,09:38,68.65,71.85,68.55,71.35,28480,249140
20200707,09:39,71.70,74.35,71.70,72.10,23000,249140
20200707,09:40,72.30,73.95,70.40,73.95,9320,249140
20200707,09:41,74.00,76.10,74.00,75.50,20820,262140
20200707,09:42,75.65,75.65,71.60,72.10,11600,262140
20200707,09:43,71.85,72.25,69.55,71.40,17440,262140
20200707,09:44,71.10,72.45,70.50,70.65,12100,268360
20200707,09:45,70.25,70.85,68.55,68.80,8640,268360
20200707,09:46,68.90,70.35,65.50,65.50,20180,268360
20200707,09:47,66.75,68.00,64.65,67.60,39220,276640
20200707,09:48,67.55,68.85,67.15,68.00,18140,276640
20200707,09:49,68.10,69.90,67.35,67.40,8980,276640
20200707,09:50,67.60,68.00,66.45,67.00,8920,277760
20200707,09:51,67.00,69.65,66.30,68.35,8180,277760
20200707,09:52,68.40,69.90,68.25,69.45,8260,277760
20200707,09:53,68.60,71.35,68.40,70.55,16940,280960
20200707,09:54,70.70,71.15,68.10,68.10,11180,280960
20200707,09:55,68.20,68.55,65.75,66.20,19620,280960
20200707,09:56,66.25,66.60,63.40,64.75,21620,284600
20200707,09:57,64.45,68.30,64.45,68.00,12980,284600
20200707,09:58,68.10,69.65,67.05,68.75,14040,284600
20200707,09:59,68.75,69.90,67.95,69.60,12980,291340
20200707,10:00,70.00,72.85,69.00,69.25,21380,291340
20200707,10:01,69.50,72.90,69.50,72.35,22300,291340
20200707,10:02,72.40,73.25,71.35,72.95,18560,286860
20200707,10:03,72.85,73.25,71.60,72.10,8600,286860
20200707,10:04,71.90,72.45,70.70,72.20,6180,286860
20200707,10:05,72.35,72.35,69.65,69.95,5920,286780
20200707,10:06,70.05,70.90,68.05,68.35,9620,286780
20200707,10:07,68.50,69.75,68.00,68.25,9360,286780
20200707,10:08,68.40,70.55,68.40,70.35,7040,286020
20200707,10:09,70.00,72.50,69.60,71.70,10280,286020
20200707,10:10,71.90,72.75,70.90,71.80,9320,286020
20200707,10:11,72.60,74.35,72.05,72.90,12500,281820
20200707,10:12,72.75,74.50,72.55,72.55,12420,281820
20200707,10:13,73.15,73.45,70.90,73.10,9420,281820
20200707,10:14,73.25,74.55,72.00,72.00,12120,284060
20200707,10:15,71.65,78.30,70.95,76.55,30160,284060
20200707,10:16,77.00,79.55,76.40,77.90,14420,284060
20200707,10:17,78.00,78.75,76.20,76.50,14100,281520
20200707,10:18,76.15,77.65,74.75,77.45,9940,281520
20200707,10:19,77.10,77.95,75.60,77.50,10280,281520
20200707,10:20,77.40,79.00,76.00,76.45,14420,284960
20200707,10:21,76.05,76.50,74.30,75.00,7880,284960
20200707,10:22,75.40,76.05,74.55,75.30,6040,284960
20200707,10:23,75.40,76.85,75.40,76.85,4280,286300
20200707,10:24,76.40,76.65,75.15,75.70,5880,286300
20200707,10:25,75.90,75.90,73.30,73.80,6520,286300
20200707,10:26,73.65,74.70,72.60,73.35,7360,287500
20200707,10:27,73.55,74.50,72.20,73.10,12000,287500
20200707,10:28,72.90,72.90,69.35,71.60,23380,287500
20200707,10:29,71.60,71.80,69.55,71.05,8900,285300
20200707,10:30,70.25,70.25,64.70,64.70,17220,285300
20200707,10:31,64.30,64.50,62.20,63.50,15760,285300
20200707,10:32,63.10,65.70,62.75,64.80,9700,283080
20200707,10:33,64.80,67.25,64.20,66.00,8800,283080
20200707,10:34,65.70,68.60,65.70,68.30,12860,283080
20200707,10:35,68.15,69.05,68.00,68.10,8760,281580
20200707,10:36,68.15,69.70,67.45,69.45,10520,281580
20200707,10:37,69.85,71.75,69.80,70.50,15740,281580
20200707,10:38,70.95,72.55,70.70,71.70,7240,280380
20200707,10:39,71.75,71.80,68.50,69.75,11160,280380
20200707,10:40,69.95,69.95,68.70,69.50,4600,280380
20200707,10:41,69.20,69.50,67.75,68.95,4880,278640
20200707,10:42,69.00,72.55,68.40,72.55,15060,278640
20200707,10:43,72.20,74.15,72.05,73.20,19280,278640
20200707,10:44,73.15,74.40,72.10,73.90,7780,287480
20200707,10:45,74.00,74.75,72.85,73.40,9840,287480
20200707,10:46,73.70,73.95,70.10,70.10,8940,287480
20200707,10:47,69.90,71.00,69.60,70.25,7580,285840
20200707,10:48,70.95,71.15,68.90,69.55,6040,285840
20200707,10:49,69.00,71.00,69.00,70.10,7640,285840
20200707,10:50,69.65,69.70,67.00,68.65,11720,285660
20200707,10:51,68.90,71.00,68.90,70.80,4240,285660
20200707,10:52,71.45,72.10,70.40,71.90,6780,285660
20200707,10:53,71.50,71.75,69.50,69.50,6000,285320
20200707,10:54,69.30,69.70,68.05,68.55,3680,285320
20200707,10:55,68.40,71.20,68.35,70.35,5020,285320
20200707,10:56,70.20,72.75,69.05,71.90,9780,290160
20200707,10:57,71.40,72.10,69.95,71.35,6820,290160
20200707,10:58,71.00,71.90,69.55,70.35,5260,290160
20200707,10:59,70.00,71.80,69.60,70.20,5660,289860
20200707,11:00,70.40,71.50,70.00,70.55,4380,289860
20200707,11:01,70.80,71.70,68.65,69.10,6460,289860
20200707,11:02,69.45,69.45,63.35,65.10,22320,289460
20200707,11:03,65.45,67.30,65.05,66.80,6040,289460
20200707,11:04,67.20,67.35,64.65,64.85,6000,289460
20200707,11:05,64.80,66.05,63.55,65.90,6980,290860
20200707,11:06,66.05,66.55,64.55,65.20,4940,290860
20200707,11:07,65.30,67.90,63.75,66.35,7000,290860
20200707,11:08,66.35,66.35,63.10,63.70,8920,290840
20200707,11:09,63.70,66.20,63.70,65.25,5080,290840
20200707,11:10,64.55,66.00,63.90,65.80,7680,290840
20200707,11:11,66.55,66.80,65.15,65.70,6360,290080
20200707,11:12,65.70,66.40,64.25,66.05,6740,290080
20200707,11:13,66.35,67.70,65.85,66.75,5020,290080
20200707,11:14,67.10,67.60,64.55,65.55,8400,294140
20200707,11:15,65.20,65.20,62.70,64.00,13760,294140
20200707,11:16,64.05,65.55,63.80,64.80,10500,294140
20200707,11:17,64.85,65.80,55.50,59.85,45900,292980
20200707,11:18,60.30,61.95,60.00,60.75,19780,292980
20200707,11:19,60.65,61.50,59.90,59.90,15560,292980
20200707,11:20,60.10,61.30,59.85,60.90,16080,283380
20200707,11:21,60.50,61.35,60.00,60.95,10460,283380
20200707,11:22,61.00,62.60,61.00,62.60,9840,283380
20200707,11:23,62.60,62.60,58.20,58.20,10020,283380
20200707,11:24,56.80,58.25,56.15,57.15,14760,283380
20200707,11:25,56.95,57.00,52.60,55.35,29400,283380
20200707,11:26,55.40,57.30,55.40,56.80,8280,278940
20200707,11:27,57.00,59.40,57.00,58.70,16240,278940
20200707,11:28,59.25,60.10,58.05,59.70,10280,278940
20200707,11:29,60.00,60.30,58.00,58.70,5660,275240
20200707,11:30,59.00,59.30,57.45,58.00,9780,275240
20200707,11:31,57.70,59.00,56.90,57.30,8320,275240
20200707,11:32,56.90,59.05,56.40,57.55,7960,277020
20200707,11:33,57.70,57.85,55.80,56.60,6800,277020
20200707,11:34,56.35,57.95,55.75,57.65,12320,277020
20200707,11:35,57.55,58.90,57.25,58.90,4300,273520
20200707,11:36,58.90,58.90,55.80,56.65,6500,273520
20200707,11:37,56.75,56.75,55.50,55.90,4820,273520
20200707,11:38,56.00,56.80,55.75,56.45,8460,272280
20200707,11:39,56.60,57.80,56.50,57.80,6540,272280
20200707,11:40,57.20,57.20,54.40,55.00,16860,272280
20200707,11:41,55.00,57.50,55.00,57.00,11340,274100
20200707,11:42,56.90,59.70,56.30,58.55,8720,274100
20200707,11:43,58.40,59.00,57.95,57.95,7060,274100
20200707,11:44,57.85,59.30,57.85,58.60,6960,274260
20200707,11:45,59.25,61.00,58.30,60.20,10740,274260
20200707,11:46,60.60,62.50,60.60,61.65,11900,274260
20200707,11:47,61.95,61.95,59.55,61.05,6000,270620
20200707,11:48,60.50,62.50,60.00,60.20,3840,270620
20200707,11:49,60.55,61.10,59.80,60.25,5100,270620
20200707,11:50,61.15,62.00,60.40,60.55,4260,270780
20200707,11:51,60.40,62.15,60.25,62.00,4280,270780
20200707,11:52,61.90,62.30,60.80,61.20,5520,270780
20200707,11:53,61.20,63.05,60.70,62.60,5000,270760
20200707,11:54,62.40,64.65,62.40,62.90,12180,270760
20200707,11:55,62.90,63.00,61.35,62.15,5280,270760
20200707,11:56,62.25,64.45,62.00,63.85,5500,271560
20200707,11:57,64.35,64.35,61.35,61.35,4960,271560
20200707,11:58,61.00,61.70,60.10,60.95,4060,271560
20200707,11:59,60.45,61.00,59.60,60.15,5060,273200
20200707,12:00,60.00,60.20,57.50,58.00,4040,273200
20200707,12:01,58.00,58.60,56.90,58.20,4400,273200
20200707,12:02,58.20,59.75,57.90,59.75,7120,272500
20200707,12:03,59.55,60.80,59.20,60.60,3320,272500
20200707,12:04,60.95,62.15,59.95,60.45,7840,272500
20200707,12:05,61.10,63.35,60.50,62.20,2880,271660
20200707,12:06,62.15,63.30,61.15,62.00,6700,271660
20200707,12:07,62.15,63.55,61.50,62.75,6740,271660
20200707,12:08,63.25,64.55,62.00,62.00,10160,270320
20200707,12:09,62.15,63.00,61.50,62.85,4120,270320
20200707,12:10,62.45,62.45,59.00,60.15,11540,270320
20200707,12:11,60.20,61.00,59.60,60.55,5520,269260
20200707,12:12,60.50,63.35,60.50,63.35,4240,269260
20200707,12:13,63.30,65.15,63.20,64.10,13100,269260
20200707,12:14,64.15,66.60,64.15,65.50,16820,269380
20200707,12:15,65.75,65.85,62.85,63.30,7900,269380
20200707,12:16,63.35,64.65,62.55,62.95,6660,269380
20200707,12:17,63.40,78.55,63.40,76.35,54020,271160
20200707,12:18,74.85,78.90,73.40,78.75,52160,271160
20200707,12:19,78.80,80.75,76.20,77.35,34700,271160
20200707,12:20,77.95,117.10,77.95,115.60,124160,246100
20200707,12:21,114.90,144.85,114.50,117.65,140580,246100
20200707,12:22,117.55,117.55,112.80,115.25,42020,246100
20200707,12:23,115.35,123.35,114.40,119.10,53760,228320
20200707,12:24,119.35,120.70,107.40,109.60,40620,228320
20200707,12:25,111.15,114.70,107.60,108.65,47500,228320
20200707,12:26,108.20,108.45,98.35,102.00,47860,243040
20200707,12:27,101.95,107.15,101.75,105.40,49760,243040
20200707,12:28,105.75,115.05,105.75,115.00,29200,243040
20200707,12:29,115.10,128.80,112.75,124.25,60360,252220
20200707,12:30,126.40,143.00,126.40,135.55,95720,252220
20200707,12:31,135.05,135.05,125.05,125.05,57900,252220
20200707,12:32,126.50,127.10,117.40,120.00,39980,252160
20200707,12:33,120.60,122.70,116.85,118.00,27200,252160
20200707,12:34,117.65,117.65,109.35,114.65,39080,252160
20200707,12:35,114.90,114.90,108.10,108.80,26960,265520
20200707,12:36,110.00,114.90,110.00,110.15,18040,265520
20200707,12:37,109.75,118.55,109.65,118.40,19980,265520
20200707,12:38,118.40,119.45,113.30,115.00,27160,272780
20200707,12:39,114.55,117.20,113.40,116.40,12940,272780
20200707,12:40,117.00,119.00,111.95,111.95,17720,272780
20200707,12:41,112.15,112.60,105.40,106.55,28980,274480
20200707,12:42,106.00,107.10,103.45,106.85,24280,274480
20200707,12:43,106.65,111.00,106.05,111.00,21740,274480
20200707,12:44,110.70,110.75,108.30,109.55,12120,274120
20200707,12:45,108.80,109.00,101.05,104.20,24020,274120
20200707,12:46,104.00,106.55,102.80,104.95,10240,274120
20200707,12:47,104.00,108.00,102.10,108.00,18000,279120
20200707,12:48,108.00,112.70,105.55,112.30,19420,279120
20200707,12:49,112.55,119.90,112.55,119.90,32140,279120
20200707,12:50,120.15,126.15,118.70,125.90,44660,279720
20200707,12:51,125.80,131.55,125.50,130.85,61680,279720
20200707,12:52,132.40,133.50,122.00,122.15,39880,279720
20200707,12:53,122.95,123.00,117.10,117.35,14040,264760
20200707,12:54,117.75,121.00,116.10,120.90,11960,264760
20200707,12:55,120.55,120.55,113.35,115.55,17200,264760
20200707,12:56,117.20,120.50,115.45,120.50,7400,264380
20200707,12:57,120.20,120.25,114.70,115.55,16300,264380
20200707,12:58,115.35,122.05,112.65,121.40,16040,264380
20200707,12:59,120.90,127.75,120.55,126.80,24080,264600
20200707,13:00,127.00,128.00,122.40,125.15,11020,264600
20200707,13:01,124.70,125.90,113.65,118.60,22940,264600
20200707,13:02,118.05,118.05,108.90,112.25,16700,267560
20200707,13:03,112.15,120.30,112.10,118.05,19780,267560
20200707,13:04,117.65,124.40,117.00,124.40,18860,267560
20200707,13:05,122.60,125.00,121.80,125.00,10620,261200
20200707,13:06,125.05,131.10,124.70,127.45,28140,261200
20200707,13:07,127.45,127.45,121.70,123.00,16740,261200
20200707,13:08,123.85,123.85,117.20,119.60,10660,259340
20200707,13:09,119.45,128.15,117.20,128.15,18280,259340
20200707,13:10,128.50,129.75,125.20,127.60,15220,259340
20200707,13:11,125.55,129.95,124.85,125.55,18900,252700
20200707,13:12,126.30,127.80,124.55,126.30,7540,252700
20200707,13:13,127.10,137.70,127.00,137.70,39400,252700
20200707,13:14,137.15,150.50,136.00,142.60,56820,247420
20200707,13:15,141.15,174.00,141.15,161.25,92920,247420
20200707,13:16,163.25,171.90,162.10,162.85,53520,247420
20200707,13:17,162.00,163.00,151.20,155.05,27520,236680
20200707,13:18,155.75,162.45,153.85,162.30,21400,236680
20200707,13:19,162.55,168.55,161.55,164.30,28560,236680
20200707,13:20,163.15,167.75,163.00,165.80,23000,236680
20200707,13:21,165.05,165.05,152.55,153.15,29360,241360
20200707,13:22,153.45,173.85,152.45,172.00,35600,241360
20200707,13:23,174.00,181.00,167.50,173.90,53620,241360
20200707,13:24,175.75,187.85,175.00,177.35,59580,240660
20200707,13:25,177.85,189.65,176.20,185.90,46820,240660
20200707,13:26,185.05,208.20,185.05,198.95,91640,240660
20200707,13:27,197.95,201.10,186.80,191.60,54180,235520
20200707,13:28,192.55,199.40,191.00,191.90,24580,235520
20200707,13:29,192.10,199.55,189.00,197.45,30060,235520
20200707,13:30,196.70,214.65,196.70,210.35,51920,234680
20200707,13:31,211.15,211.40,199.00,210.85,36620,234680
20200707,13:32,209.55,209.55,196.80,196.80,31180,234680
20200707,13:33,196.75,196.75,183.50,191.05,37780,233900
20200707,13:34,192.25,192.25,176.20,177.75,38460,233900
20200707,13:35,179.05,179.05,167.10,174.30,53400,233900
20200707,13:36,173.25,174.55,164.30,168.20,46440,242580
20200707,13:37,167.55,171.00,160.35,171.00,51740,242580
20200707,13:38,171.70,184.20,171.00,184.05,35360,242580
20200707,13:39,183.75,186.40,178.10,179.80,25300,242580
20200707,13:40,180.30,185.00,178.10,178.10,21040,242580
20200707,13:41,177.10,177.10,167.80,172.50,25200,242580
20200707,13:42,171.75,180.85,171.75,178.70,19580,240380
20200707,13:43,179.80,184.35,179.05,181.80,23540,240380
20200707,13:44,182.70,188.60,180.00,180.65,26980,240380
20200707,13:45,179.75,180.90,172.10,174.80,19300,237840
20200707,13:46,174.35,174.75,166.70,174.55,15700,237840
20200707,13:47,174.60,175.25,170.00,174.70,15660,237840
20200707,13:48,173.85,174.20,167.65,173.25,15060,248960
20200707,13:49,172.45,174.55,168.90,171.70,15900,248960
20200707,13:50,172.10,174.90,168.00,168.75,32320,248960
20200707,13:51,170.00,170.10,144.95,151.05,45920,244980
20200707,13:52,151.40,153.15,142.75,148.00,34140,244980
20200707,13:53,147.75,156.10,147.75,154.95,15520,244980
20200707,13:54,155.60,162.95,154.60,162.80,13660,243400
20200707,13:55,161.60,161.65,156.20,156.20,18880,243400
20200707,13:56,156.90,160.90,155.40,155.40,17240,243400
20200707,13:57,154.60,155.20,149.10,151.20,16160,244620
20200707,13:58,151.20,151.65,129.30,134.35,41140,244620
20200707,13:59,132.90,134.65,119.70,122.00,45540,244620
20200707,14:00,122.60,129.90,122.60,128.15,37980,241040
20200707,14:01,127.15,133.50,126.00,131.70,37860,241040
20200707,14:02,131.75,137.70,129.80,133.65,27620,241040
20200707,14:03,132.55,134.40,130.35,134.40,9380,266100
20200707,14:04,132.60,140.60,131.90,140.60,15940,266100
20200707,14:05,141.05,142.80,135.50,138.05,16760,266100
20200707,14:06,138.85,148.20,138.65,146.80,19880,265820
20200707,14:07,147.00,148.10,142.05,148.10,12220,265820
20200707,14:08,147.60,166.90,147.60,161.00,44560,265820
20200707,14:09,161.70,168.25,157.55,157.55,28920,259860
20200707,14:10,158.35,158.65,148.80,155.90,21400,259860
20200707,14:11,156.00,162.70,154.10,157.50,19220,259860
20200707,14:12,157.05,159.00,151.35,155.25,8120,261900
20200707,14:13,155.90,164.85,155.60,160.85,15680,261900
20200707,14:14,161.90,162.65,156.45,160.35,11540,261900
20200707,14:15,160.25,163.20,155.50,157.85,17600,260560
20200707,14:16,158.40,178.20,157.95,176.00,37080,260560
20200707,14:17,176.35,187.15,174.90,181.00,35240,260560
20200707,14:18,181.55,200.05,180.70,195.20,55620,257240
20200707,14:19,193.50,195.25,178.45,180.45,71860,257240
20200707,14:20,181.20,191.60,181.20,191.60,29820,257240
20200707,14:21,194.85,216.20,194.85,215.85,76720,238900
20200707,14:22,216.25,225.90,203.00,204.60,71460,238900
20200707,14:23,202.30,215.35,200.35,208.10,38380,238900
20200707,14:24,210.20,213.70,202.50,210.65,31840,234880
20200707,14:25,211.05,214.15,197.20,197.20,35140,234880
20200707,14:26,193.80,207.50,193.80,201.50,35440,234880
20200707,14:27,200.20,208.00,197.15,207.25,24660,235600
20200707,14:28,206.20,218.80,205.85,216.15,36580,235600
20200707,14:29,216.95,221.55,215.05,218.60,36640,235600
20200707,14:30,219.05,241.15,218.60,228.55,69320,237800
20200707,14:31,228.00,231.80,217.45,218.30,43000,237800
20200707,14:32,216.60,219.15,200.65,204.10,35540,237800
20200707,14:33,203.75,219.55,203.75,215.65,26200,223400
20200707,14:34,215.50,221.45,204.95,205.10,32260,223400
20200707,14:35,204.90,216.15,204.90,211.50,25740,223400
20200707,14:36,213.00,222.90,211.75,218.70,26860,228280
20200707,14:37,217.80,223.20,216.60,220.50,17140,228280
20200707,14:38,219.95,220.25,213.15,215.40,19060,228280
20200707,14:39,215.65,219.05,206.30,207.55,26340,232380
20200707,14:40,208.25,210.75,198.50,200.75,45600,232380
20200707,14:41,201.10,201.10,172.60,185.85,61800,232380
20200707,14:42,185.10,186.05,172.90,181.85,33760,240940
20200707,14:43,181.80,183.45,170.30,180.25,40060,240940
20200707,14:44,179.00,192.55,179.00,190.55,25660,240940
20200707,14:45,188.30,191.95,185.30,187.65,17520,240880
20200707,14:46,188.15,192.50,176.35,180.90,25680,240880
20200707,14:47,181.45,188.30,181.45,187.65,12340,240880
20200707,14:48,188.15,200.65,187.40,199.80,21540,251240
20200707,14:49,197.20,205.00,195.60,196.00,33620,251240
20200707,14:50,196.20,196.40,185.55,193.35,22800,251240
20200707,14:51,192.10,202.05,191.80,201.20,15020,244320
20200707,14:52,200.95,201.25,189.80,193.95,18980,244320
20200707,14:53,194.20,194.90,185.90,189.25,19100,244320
20200707,14:54,189.35,193.80,188.35,189.85,11240,249620
20200707,14:55,189.80,191.90,180.40,190.95,16040,249620
20200707,14:56,191.20,195.20,189.05,194.45,16720,249620
20200707,14:57,195.00,195.50,184.15,187.60,12600,244440
20200707,14:58,188.35,200.00,184.90,198.10,26380,244440
20200707,14:59,198.45,207.75,198.45,203.70,34820,244440
20200707,15:00,205.70,224.95,203.95,220.30,51260,239120
20200707,15:01,221.00,223.60,212.30,217.00,31360,239120
20200707,15:02,217.35,223.75,214.75,223.40,32040,239120
20200707,15:03,224.70,232.25,218.15,222.30,63180,231040
20200707,15:04,221.90,226.65,221.05,224.85,37900,231040
20200707,15:05,225.05,228.75,204.85,212.65,46040,231040
20200707,15:06,211.65,214.40,197.80,205.35,28380,228300
20200707,15:07,204.80,212.05,200.20,204.65,16220,228300
20200707,15:08,204.70,211.60,203.90,208.25,19240,228300
20200707,15:09,210.00,212.05,204.70,206.85,11240,228960
20200707,15:10,206.55,224.65,203.05,216.00,42580,228960
20200707,15:11,216.65,227.35,216.15,217.45,35300,228960
20200707,15:12,214.50,219.00,210.05,216.40,19960,216940
20200707,15:13,216.80,217.80,211.05,213.00,11260,216940
20200707,15:14,212.40,213.50,205.00,207.90,20480,216940
20200707,15:15,205.80,214.30,204.80,214.30,20160,213980
20200707,15:16,212.85,220.65,212.50,218.10,33220,213980
20200707,15:17,217.55,221.70,216.55,216.55,19320,213980
20200707,15:18,216.55,218.50,213.65,216.05,10940,200560
20200707,15:19,216.70,217.95,213.95,213.95,16600,200560
20200707,15:20,213.75,219.05,212.50,215.05,21880,200560
20200707,15:21,214.00,217.75,207.00,207.00,30520,195360
20200707,15:22,207.60,207.60,198.05,198.75,21900,195360
20200707,15:23,199.00,199.15,185.40,186.55,17740,195360
20200707,15:24,186.35,188.25,178.00,187.80,27080,182320
20200707,15:25,187.70,192.00,187.20,189.65,23760,182320
20200707,15:26,190.00,190.00,187.00,187.60,9480,182320
20200707,15:27,187.10,188.90,186.80,188.05,13080,183960
20200707,15:28,187.80,188.15,184.25,185.25,11580,183960
20200707,15:29,184.20,187.00,183.85,184.00,14400,183960
20200708,09:15,281.70,281.70,190.35,218.60,66502,174580
20200708,09:16,217.65,218.20,203.05,213.40,53680,174580
20200708,09:17,214.85,232.05,211.95,230.70,62720,199220
20200708,09:18,232.30,244.95,232.30,239.75,68700,199220
20200708,09:19,237.75,240.50,230.00,234.15,46020,199220
20200708,09:20,236.00,245.20,233.65,240.80,56860,213920
20200708,09:21,237.75,247.80,237.75,240.75,61760,213920
20200708,09:22,240.85,245.75,234.40,245.60,42060,213920
20200708,09:23,245.00,250.00,239.50,249.90,54480,231800
20200708,09:24,249.20,251.75,242.20,248.20,32340,231800
20200708,09:25,251.00,253.05,243.75,251.50,62560,231800
20200708,09:26,248.50,249.05,242.50,243.00,31200,233120
20200708,09:27,244.45,258.25,244.45,254.15,76620,233120
20200708,09:28,254.15,261.75,248.10,258.10,46720,233120
20200708,09:29,257.20,262.90,253.35,256.20,41280,244580
20200708,09:30,256.00,263.45,254.00,260.05,44180,244580
20200708,09:31,258.90,262.70,253.05,257.40,36360,244580
20200708,09:32,257.60,261.55,254.00,258.90,24580,263380
20200708,09:33,258.90,261.00,252.55,252.55,36060,263380
20200708,09:34,251.35,258.35,248.80,255.25,27500,263380
20200708,09:35,254.70,268.00,254.70,262.45,49540,267360
20200708,09:36,263.80,269.05,261.45,267.50,28680,267360
20200708,09:37,267.65,272.75,265.00,265.05,43540,267360
20200708,09:38,265.80,265.80,251.30,254.75,33140,279600
20200708,09:39,255.40,255.95,245.00,249.15,48580,279600
20200708,09:40,249.35,255.00,245.00,251.05,32380,279600
20200708,09:41,250.35,250.35,241.20,248.65,25860,293860
20200708,09:42,249.90,250.95,236.65,244.50,43440,293860
20200708,09:43,243.00,253.30,243.00,252.10,28220,293860
20200708,09:44,253.00,253.00,247.25,248.30,19420,301900
20200708,09:45,247.45,247.45,235.30,238.95,36660,301900
20200708,09:46,238.60,240.55,235.05,238.00,44280,301900
20200708,09:47,238.90,241.85,231.35,241.35,35720,303760
20200708,09:48,241.90,249.95,239.05,246.00,41240,303760
20200708,09:49,245.80,246.05,242.50,243.60,26000,303760
20200708,09:50,241.95,242.35,230.00,233.35,35920,329420
20200708,09:51,231.80,237.00,230.50,234.10,18360,329420
20200708,09:52,234.60,247.80,234.60,245.65,30380,329420
20200708,09:53,245.60,253.50,244.05,251.45,38720,333980
20200708,09:54,251.30,253.80,248.50,248.50,38220,333980
20200708,09:55,248.95,261.40,248.95,258.15,61240,333980
20200708,09:56,259.45,272.00,259.00,268.50,81300,339420
20200708,09:57,268.30,271.00,261.50,263.65,46380,339420
20200708,09:58,262.00,267.40,260.00,261.20,31560,339420
20200708,09:59,262.30,264.60,256.20,256.60,26940,347840
20200708,10:00,258.20,261.70,254.90,257.60,33820,347840
20200708,10:01,259.65,259.75,251.85,253.40,36880,347840
20200708,10:02,253.90,253.90,248.10,249.00,24540,356160
20200708,10:03,249.40,250.80,241.45,246.95,31040,356160
20200708,10:04,245.80,250.95,242.00,245.30,21860,356160
20200708,10:05,245.05,248.50,240.00,245.10,29000,357180
20200708,10:06,244.65,255.95,244.65,255.95,25820,357180
20200708,10:07,256.00,260.00,253.05,254.05,25520,357180
20200708,10:08,252.60,254.55,248.60,252.80,22860,366060
20200708,10:09,253.00,254.10,242.20,248.95,30020,366060
20200708,10:10,248.85,249.90,239.95,242.90,31440,366060
20200708,10:11,241.65,247.90,236.05,247.85,32520,377040
20200708,10:12,246.90,248.75,241.05,245.70,20060,377040
20200708,10:13,244.55,246.30,241.30,246.00,11160,377040
20200708,10:14,245.80,249.95,244.05,247.85,16340,387860
20200708,10:15,247.60,258.35,245.55,256.60,32020,387860
20200708,10:16,255.90,259.50,252.75,257.35,22920,387860
20200708,10:17,257.35,260.90,252.60,252.60,27140,388020
20200708,10:18,252.25,256.85,247.20,251.90,18800,388020
20200708,10:19,250.40,266.30,250.00,265.35,42220,388020
20200708,10:20,265.65,267.55,256.20,260.20,31360,390680
20200708,10:21,261.40,266.75,257.50,262.85,22000,390680
20200708,10:22,262.10,265.00,254.70,256.45,16100,390680
20200708,10:23,257.45,258.10,252.50,255.65,14480,392460
20200708,10:24,256.00,258.90,254.50,256.40,16940,392460
20200708,10:25,257.25,257.25,246.50,250.20,30840,392460
20200708,10:26,249.45,253.25,248.10,251.20,13480,388600
20200708,10:27,250.35,252.95,248.05,248.10,9380,388600
20200708,10:28,248.10,251.00,246.30,251.00,13080,388600
20200708,10:29,253.30,261.45,250.65,259.55,34660,392980
20200708,10:30,259.00,259.90,250.70,256.00,18420,392980
20200708,10:31,255.10,257.55,250.00,253.90,10360,392980
20200708,10:32,253.70,262.00,251.15,258.75,21920,397400
20200708,10:33,259.15,298.00,259.15,289.90,130220,397400
20200708,10:34,288.00,300.00,286.15,299.00,79660,397400
20200708,10:35,299.00,311.00,295.00,298.15,91940,359580
20200708,10:36,296.70,301.80,295.75,299.20,39200,359580
20200708,10:37,299.95,305.00,296.05,302.00,39260,359580
20200708,10:38,302.40,307.00,293.50,293.50,38520,363000
20200708,10:39,292.85,310.00,292.85,305.10,43880,363000
20200708,10:40,305.00,318.95,301.10,302.15,68000,363000
20200708,10:41,302.25,303.30,297.35,300.00,28820,364100
20200708,10:42,300.55,300.65,293.60,296.90,25300,364100
20200708,10:43,297.70,306.75,296.35,306.00,35580,364100
20200708,10:44,305.80,315.65,305.80,312.55,37720,362300
20200708,10:45,313.15,314.10,301.15,301.15,25760,362300
20200708,10:46,302.85,312.65,301.30,305.00,19320,362300
20200708,10:47,306.30,314.90,303.65,307.00,20680,365900
20200708,10:48,306.50,310.00,302.30,309.00,23140,365900
20200708,10:49,308.00,309.60,302.40,303.15,20120,365900
20200708,10:50,302.35,304.50,297.95,302.20,31420,377360
20200708,10:51,301.00,301.85,295.00,298.20,24100,377360
20200708,10:52,298.25,301.00,285.00,287.15,40180,377360
20200708,10:53,287.65,288.35,275.75,277.95,35060,379360
20200708,10:54,276.30,284.85,271.45,284.80,39600,379360
20200708,10:55,284.65,285.85,276.65,282.00,15600,379360
20200708,10:56,282.15,289.60,282.00,288.00,19940,375920
20200708,10:57,287.75,296.95,287.75,296.95,20540,375920
20200708,10:58,295.90,297.95,288.30,292.30,17560,375920
20200708,10:59,293.45,294.95,290.50,292.65,13620,378560
20200708,11:00,293.80,293.80,284.75,291.40,22240,378560
20200708,11:01,292.55,296.60,289.90,296.10,18880,378560
20200708,11:02,296.25,296.25,285.50,289.15,16840,386180
20200708,11:03,289.90,301.15,289.00,301.15,22520,386180
20200708,11:04,300.25,304.00,298.40,300.85,24240,386180
20200708,11:05,302.30,302.65,295.00,295.20,11400,388300
20200708,11:06,296.70,297.80,290.85,292.65,9580,388300
20200708,11:07,294.80,304.20,294.05,301.00,19960,388300
20200708,11:08,301.50,301.50,291.30,297.65,23640,396220
20200708,11:09,299.05,300.95,291.00,292.40,8140,396220
20200708,11:10,293.55,293.75,285.45,285.45,19140,396220
20200708,11:11,283.60,285.30,279.65,282.05,26780,407900
20200708,11:12,283.40,290.00,282.35,288.65,11120,407900
20200708,11:13,288.00,294.00,288.00,291.40,8980,407900
20200708,11:14,292.05,293.15,285.40,291.95,8880,409520
20200708,11:15,292.65,294.65,288.15,288.15,12860,409520
20200708,11:16,289.00,291.45,285.00,285.00,12640,409520
20200708,11:17,285.00,299.30,285.00,298.25,20740,409320
20200708,11:18,298.00,302.30,296.70,302.00,21760,409320
20200708,11:19,303.00,313.55,301.30,310.95,61560,409320
20200708,11:20,310.90,312.35,305.45,310.20,29060,401640
20200708,11:21,311.70,313.00,307.90,309.90,18080,401640
20200708,11:22,309.30,310.70,299.15,300.60,28620,401640
20200708,11:23,299.95,310.50,296.55,309.85,18880,403640
20200708,11:24,310.95,311.30,301.55,302.55,15640,403640
20200708,11:25,301.60,305.90,298.50,303.05,17240,403640
20200708,11:26,301.95,307.40,298.75,300.30,14280,402240
20200708,11:27,300.90,302.65,297.30,299.20,7180,402240
20200708,11:28,298.80,303.65,298.60,302.35,5880,402240
20200708,11:29,300.95,306.00,298.85,304.20,10500,405480
20200708,11:30,306.00,306.00,280.15,282.30,40200,405480
20200708,11:31,282.10,287.60,256.65,258.80,60100,405480
20200708,11:32,258.30,258.30,240.30,252.30,64680,395100
20200708,11:33,253.40,260.50,245.85,257.90,56080,395100
20200708,11:34,256.50,257.40,245.80,247.60,33560,395100
20200708,11:35,246.35,246.35,227.60,235.00,70180,409680
20200708,11:36,234.85,245.35,234.50,245.30,56960,409680
20200708,11:37,247.80,251.75,240.30,244.90,30960,409680
20200708,11:38,245.45,246.40,238.70,243.15,29680,413480
20200708,11:39,242.85,245.80,238.00,239.10,25440,413480
20200708,11:40,239.10,252.70,236.90,245.65,26960,413480
20200708,11:41,244.45,248.40,242.50,245.00,18420,417560
20200708,11:42,244.90,245.75,238.15,245.00,21020,417560
20200708,11:43,244.00,244.00,236.95,243.80,30980,417560
20200708,11:44,243.60,249.45,235.65,235.65,32500,421380
20200708,11:45,234.05,234.75,212.60,226.25,89000,421380
20200708,11:46,226.00,235.00,226.00,232.10,32200,421380
20200708,11:47,234.35,243.95,233.65,241.30,31260,420700
20200708,11:48,242.45,246.30,238.70,243.00,26580,420700
20200708,11:49,243.10,249.00,238.35,245.45,30360,420700
20200708,11:50,244.45,247.60,241.00,241.85,18120,423520
20200708,11:51,242.80,248.65,240.00,248.65,15000,423520
20200708,11:52,248.25,257.00,246.75,250.90,39140,423520
20200708,11:53,252.00,255.00,249.45,251.15,14960,421420
20200708,11:54,251.95,252.00,245.20,250.80,21060,421420
20200708,11:55,251.35,255.00,245.55,255.00,16620,421420
20200708,11:56,255.40,257.10,248.00,250.75,17220,424080
20200708,11:57,250.10,254.50,246.40,247.70,17860,424080
20200708,11:58,246.70,246.70,242.15,243.90,18640,424080
20200708,11:59,242.00,250.10,241.95,242.95,22760,422780
20200708,12:00,243.20,244.60,237.40,237.40,21280,422780
20200708,12:01,237.20,243.80,235.75,240.20,20600,422780
20200708,12:02,240.25,242.05,235.40,240.45,15160,423720
20200708,12:03,240.85,247.75,239.30,244.30,22460,423720
20200708,12:04,244.90,246.00,239.45,239.45,14860,423720
20200708,12:05,238.00,251.30,238.00,247.20,21080,433420
20200708,12:06,247.75,253.35,247.00,252.00,21900,433420
20200708,12:07,252.00,276.35,252.00,269.60,75780,433420
20200708,12:08,269.20,277.00,267.95,272.10,33880,424680
20200708,12:09,272.85,277.45,271.00,276.40,26120,424680
20200708,12:10,276.65,282.20,275.05,280.00,36640,424680
20200708,12:11,284.60,293.25,284.20,284.90,67800,426640
20200708,12:12,284.90,287.65,275.30,278.60,34540,426640
20200708,12:13,278.15,281.15,276.05,278.30,12040,426640
20200708,12:14,276.95,286.75,276.95,286.20,19480,431680
20200708,12:15,284.75,288.50,277.00,279.40,20680,431680
20200708,12:16,278.30,281.40,275.05,275.60,14640,431680
20200708,12:17,276.35,278.35,272.05,273.65,17920,437680
20200708,12:18,274.65,284.15,274.40,277.70,11700,437680
20200708,12:19,278.45,285.00,276.35,280.90,20880,437680
20200708,12:20,279.05,287.95,278.90,285.70,17660,441040
20200708,12:21,284.00,288.50,279.00,280.45,19820,441040
20200708,12:22,281.40,289.70,279.10,287.95,22120,441040
20200708,12:23,285.00,288.15,275.55,275.55,20340,445040
20200708,12:24,276.20,280.90,274.30,279.85,8260,445040
20200708,12:25,279.20,284.90,260.95,261.20,28940,445040
20200708,12:26,258.90,266.80,254.00,266.40,28700,437360
20200708,12:27,265.90,273.35,263.50,271.85,16160,437360
20200708,12:28,270.50,276.30,268.75,272.80,11420,437360
20200708,12:29,273.00,282.40,272.80,281.10,14300,438460
20200708,12:30,281.30,287.90,275.90,287.30,20700,438460
20200708,12:31,286.40,286.90,277.55,277.70,18280,438460
20200708,12:32,277.45,287.70,277.45,283.30,17380,436300
20200708,12:33,285.45,298.70,283.55,294.85,62900,436300
20200708,12:34,292.75,310.00,292.75,307.15,84060,436300
20200708,12:35,308.85,313.10,296.90,297.20,58080,412860
20200708,12:36,295.00,309.30,294.30,306.80,26800,412860
20200708,12:37,305.65,306.00,295.75,298.35,27420,412860
20200708,12:38,295.40,299.80,291.40,294.15,16980,419160
20200708,12:39,295.45,300.40,294.75,299.20,12380,419160
20200708,12:40,298.80,308.75,294.35,308.40,30700,419160
20200708,12:41,308.30,324.00,308.30,317.40,76720,392860
20200708,12:42,316.55,319.90,312.95,315.45,38200,392860
20200708,12:43,314.40,316.10,309.30,314.65,29940,392860
20200708,12:44,313.70,322.35,313.70,320.55,29580,383900
20200708,12:45,322.25,345.00,321.20,333.80,62500,383900
20200708,12:46,334.45,343.05,331.85,336.85,37180,383900
20200708,12:47,335.10,336.00,325.00,325.10,32060,366000
20200708,12:48,325.95,332.35,325.45,331.05,15280,366000
20200708,12:49,331.30,338.40,327.65,336.50,27080,366000
20200708,12:50,335.00,337.45,313.40,319.00,32020,357840
20200708,12:51,317.05,329.85,317.05,323.10,17880,357840
20200708,12:52,325.95,330.00,319.60,319.60,14100,357840
20200708,12:53,319.00,319.00,311.70,313.85,22940,359980
20200708,12:54,312.60,322.00,302.45,322.00,24540,359980
20200708,12:55,321.70,331.80,320.95,322.40,23140,359980
20200708,12:56,321.00,326.35,318.40,323.00,11720,359980
20200708,12:57,321.80,323.00,310.50,313.25,15320,359980
20200708,12:58,314.40,329.45,313.25,329.45,13240,359980
20200708,12:59,328.25,333.00,326.00,327.90,30800,350760
20200708,13:00,331.90,333.90,325.30,328.00,12120,350760
20200708,13:01,327.95,330.95,319.80,320.30,12560,350760
20200708,13:02,320.00,326.80,319.00,324.20,11740,355220
20200708,13:03,323.65,325.75,316.35,320.00,7080,355220
20200708,13:04,319.65,319.65,298.70,317.35,34960,355220
20200708,13:05,316.85,319.15,305.20,309.30,8540,341420
20200708,13:06,308.00,322.35,305.00,316.25,12260,341420
20200708,13:07,317.50,321.00,315.50,315.70,6920,341420
20200708,13:08,315.00,322.85,313.25,321.00,7180,339460
20200708,13:09,321.00,329.85,321.00,323.55,12400,339460
20200708,13:10,324.80,325.50,316.20,316.20,10440,339460
20200708,13:11,316.05,322.80,312.70,320.00,3660,337700
20200708,13:12,318.15,322.50,310.10,315.10,5140,337700
20200708,13:13,314.95,320.45,311.10,320.00,10800,337700
20200708,13:14,319.95,338.20,316.95,338.20,23020,334760
20200708,13:15,337.85,339.90,317.25,319.15,24280,334760
20200708,13:16,318.75,319.00,310.20,310.20,10220,334760
20200708,13:17,309.95,309.95,286.40,298.95,37920,328480
20200708,13:18,298.00,309.80,298.00,309.40,9960,328480
20200708,13:19,308.50,317.90,305.75,317.90,9020,328480
20200708,13:20,314.60,314.60,302.50,302.50,7260,329260
20200708,13:21,301.60,309.55,298.50,307.00,8160,329260
20200708,13:22,308.30,315.00,302.30,304.00,7360,329260
20200708,13:23,304.25,312.00,300.55,301.85,7060,330960
20200708,13:24,302.35,305.65,292.45,301.15,13300,330960
20200708,13:25,300.50,306.10,294.75,298.25,9920,330960
20200708,13:26,298.70,300.00,289.35,289.35,10260,335480
20200708,13:27,289.95,310.00,289.95,305.95,16480,335480
20200708,13:28,305.45,308.25,296.25,308.00,7700,335480
20200708,13:29,309.40,322.30,308.00,321.30,52540,335480
20200708,13:30,322.05,331.25,320.00,329.45,38180,350060
20200708,13:31,329.15,332.30,319.35,329.95,30380,350060
20200708,13:32,326.45,326.75,313.60,313.60,12320,350060
20200708,13:33,315.00,319.75,309.10,316.05,13880,372460
20200708,13:34,317.60,325.20,315.00,321.35,8460,372460
20200708,13:35,322.70,325.05,313.00,313.15,11540,372460
20200708,13:36,312.00,321.70,311.35,312.55,9100,371740
20200708,13:37,313.35,317.45,307.85,313.00,8520,371740
20200708,13:38,311.75,316.80,309.95,315.05,4200,371740
20200708,13:39,317.85,317.85,304.30,315.60,11660,370420
20200708,13:40,313.25,316.00,308.90,316.00,7000,370420
20200708,13:41,316.00,323.25,315.60,320.00,15200,370420
20200708,13:42,318.90,325.25,315.05,322.30,19240,366400
20200708,13:43,324.15,400.00,324.15,400.00,173400,366400
20200708,13:44,405.00,405.00,380.45,397.00,68780,366400
20200708,13:45,397.45,433.00,397.45,411.30,51500,288320
20200708,13:46,411.50,418.55,399.05,413.80,27460,288320
20200708,13:47,416.45,421.45,388.00,388.00,32760,288320
20200708,13:48,386.40,398.35,386.40,395.65,19960,268380
20200708,13:49,396.55,396.55,381.65,391.10,10660,268380
20200708,13:50,391.10,410.40,381.60,406.00,21120,268380
20200708,13:51,408.70,414.10,400.00,406.85,14980,257920
20200708,13:52,406.30,413.35,396.90,411.95,9040,257920
20200708,13:53,411.50,420.00,406.15,408.40,21840,257920
20200708,13:54,407.65,407.65,398.60,402.65,16000,255700
20200708,13:55,401.95,407.10,392.40,394.60,16420,255700
20200708,13:56,393.70,409.65,391.85,409.45,14040,255700
20200708,13:57,409.40,412.00,397.85,398.90,9280,249620
20200708,13:58,401.85,410.50,398.25,403.95,9800,249620
20200708,13:59,404.90,406.15,390.00,394.45,21760,249620
20200708,14:00,396.25,401.90,391.30,400.20,9880,244140
20200708,14:01,398.85,406.50,397.20,404.30,11360,244140
20200708,14:02,403.05,403.90,375.00,375.70,26580,244140
20200708,14:03,369.45,382.95,369.45,371.80,13720,246600
20200708,14:04,371.95,373.70,344.60,357.30,26740,246600
20200708,14:05,357.65,389.00,357.65,389.00,20460,246600
20200708,14:06,388.40,400.90,387.30,396.00,25260,241720
20200708,14:07,397.35,397.95,390.00,393.60,8280,241720
20200708,14:08,394.30,396.50,383.00,396.50,10280,241720
20200708,14:09,395.40,396.70,389.65,394.30,6240,239020
20200708,14:10,394.40,402.95,390.60,400.00,11120,239020
20200708,14:11,401.55,417.30,400.70,412.95,44780,239020
20200708,14:12,411.00,412.40,398.00,400.95,19220,242100
20200708,14:13,399.20,402.00,392.35,394.05,8600,242100
20200708,14:14,394.00,395.30,373.20,390.70,21460,242100
20200708,14:15,390.60,407.20,388.30,407.20,9640,237800
20200708,14:16,405.10,405.10,388.15,388.50,9240,237800
20200708,14:17,388.85,395.15,383.75,391.00,10360,237800
20200708,14:18,392.00,400.95,391.05,394.00,11160,241220
20200708,14:19,397.00,397.00,377.70,382.95,22740,241220
20200708,14:20,387.90,388.75,368.50,380.00,15300,241220
20200708,14:21,378.25,389.95,377.55,380.00,11680,229020
20200708,14:22,382.30,392.00,380.00,389.35,8940,229020
20200708,14:23,390.30,398.00,378.65,380.00,14780,229020
20200708,14:24,381.15,387.85,376.25,383.25,6720,230240
20200708,14:25,382.60,385.00,363.40,367.00,16220,230240
20200708,14:26,368.50,370.00,356.50,366.00,14540,230240
20200708,14:27,368.00,379.10,360.15,360.15,10520,229540
20200708,14:28,359.60,367.95,350.00,364.55,30140,229540
20200708,14:29,364.15,374.75,362.05,369.65,7560,229540
20200708,14:30,367.75,385.00,367.75,383.00,9840,226200
20200708,14:31,384.90,385.00,314.10,325.20,33240,226200
20200708,14:32,317.45,332.90,300.90,307.75,40020,226200
20200708,14:33,309.20,336.00,308.20,329.40,18920,222460
20200708,14:34,326.00,327.80,282.90,285.75,26620,222460
20200708,14:35,285.80,291.90,266.05,277.40,41400,222460
20200708,14:36,275.65,279.00,258.65,277.05,38240,223340
20200708,14:37,277.40,285.95,270.60,285.40,27140,223340
20200708,14:38,282.30,294.85,279.75,292.35,25820,223340
20200708,14:39,294.00,294.65,260.55,264.90,29600,234560
20200708,14:40,263.60,279.55,261.40,269.50,23300,234560
20200708,14:41,267.85,268.90,232.00,244.10,55100,234560
20200708,14:42,243.95,245.85,227.70,234.40,44900,239540
20200708,14:43,233.70,233.70,206.00,207.05,79960,239540
20200708,14:44,208.05,208.20,180.00,180.00,108060,239540
20200708,14:45,180.00,194.95,160.75,191.60,189700,258860
20200708,14:46,192.90,201.70,187.90,197.75,83120,258860
20200708,14:47,196.40,196.45,162.30,172.00,83040,258860
20200708,14:48,168.75,183.10,168.70,181.75,56140,265360
20200708,14:49,181.70,182.30,156.00,166.40,70820,265360
20200708,14:50,166.40,176.45,158.35,162.05,74380,265360
20200708,14:51,158.00,175.25,150.50,166.75,77700,288540
20200708,14:52,165.60,183.85,162.55,181.70,51780,288540
20200708,14:53,184.75,187.00,174.10,184.20,56000,288540
20200708,14:54,181.35,195.90,181.35,189.50,67780,306520
20200708,14:55,190.20,190.20,162.90,172.75,64720,306520
20200708,14:56,172.00,180.40,169.00,169.70,44540,306520
20200708,14:57,166.90,176.75,164.45,171.55,49120,305700
20200708,14:58,173.25,175.30,158.45,165.00,52860,305700
20200708,14:59,166.00,166.35,157.50,162.05,37680,305700
20200708,15:00,160.85,160.85,135.25,149.95,98080,315800
20200708,15:01,149.75,154.75,144.70,149.55,60220,315800
20200708,15:02,149.90,162.35,149.90,156.40,56780,315800
20200708,15:03,155.30,164.35,152.90,158.20,56580,331000
20200708,15:04,159.90,165.00,159.00,164.10,42400,331000
20200708,15:05,165.20,165.20,152.00,156.75,32840,331000
20200708,15:06,156.65,169.00,156.65,159.50,46340,327320
20200708,15:07,158.75,160.85,154.80,156.10,35300,327320
20200708,15:08,157.40,160.95,155.10,158.90,28300,327320
20200708,15:09,156.90,158.40,150.40,150.40,53220,337400
20200708,15:10,152.50,154.25,137.00,139.60,58120,337400
20200708,15:11,139.50,141.75,119.35,122.70,110440,337400
20200708,15:12,122.65,127.30,113.25,115.30,85200,339540
20200708,15:13,115.95,121.25,109.10,116.10,114440,339540
20200708,15:14,114.90,124.40,114.30,120.40,119580,339540
20200708,15:15,120.25,120.25,106.55,106.55,95260,336640
20200708,15:16,106.55,109.20,104.00,107.75,83520,336640
20200708,15:17,106.65,108.45,102.10,106.90,62260,336640
20200708,15:18,107.55,110.20,99.95,102.00,69920,329080
20200708,15:19,101.75,103.85,98.95,101.90,42280,329080
20200708,15:20,102.05,103.80,91.30,94.45,72880,329080
20200708,15:21,94.10,97.30,85.40,87.85,87120,317780
20200708,15:22,87.65,89.45,87.05,87.35,35820,317780
20200708,15:23,88.00,93.95,87.85,93.95,52040,317780
20200708,15:24,94.00,94.00,88.80,91.20,48880,312300
20200708,15:25,91.35,93.05,88.20,92.40,35620,312300
20200708,15:26,92.55,96.95,92.55,96.95,50600,312300
20200708,15:27,96.60,97.40,94.30,94.30,28860,326960
20200708,15:28,94.00,94.00,90.10,90.15,20460,326960
20200708,15:29,90.10,91.00,88.00,91.00,32400,326960
20200708,15:30,89.70,89.70,89.70,89.70,20,326960
20200709,09:15,121.10,150.00,110.30,128.00,83841,308580
20200709,09:16,127.40,129.10,116.70,128.10,201180,308580
20200709,09:17,127.60,134.65,125.35,134.65,171680,356280
20200709,09:18,134.75,135.80,128.35,129.80,137820,356280
20200709,09:19,128.35,133.00,123.10,129.35,126380,356280
20200709,09:20,129.75,132.30,123.20,132.30,122440,408520
20200709,09:21,134.00,135.75,129.30,129.30,132680,408520
20200709,09:22,126.55,128.75,122.35,125.60,129680,408520
20200709,09:23,125.45,130.25,125.45,127.00,93300,473920
20200709,09:24,126.35,132.00,126.35,130.65,70460,473920
20200709,09:25,130.35,131.70,113.95,119.50,177340,473920
20200709,09:26,118.50,127.40,114.80,127.40,134120,534840
20200709,09:27,125.85,127.45,118.50,118.90,101800,534840
20200709,09:28,118.15,126.20,116.20,116.20,95360,534840
20200709,09:29,117.80,125.20,113.15,123.95,134100,563100
20200709,09:30,123.60,126.00,121.10,125.35,72600,563100
20200709,09:31,125.50,125.50,93.70,109.20,219000,563100
20200709,09:32,108.05,114.50,106.30,111.65,108080,556380
20200709,09:33,110.60,115.00,107.05,114.80,73180,556380
20200709,09:34,115.90,118.50,112.30,113.95,56240,556380
20200709,09:35,114.10,115.00,109.75,114.05,50860,564820
20200709,09:36,113.15,114.70,108.20,109.60,37920,564820
20200709,09:37,109.50,113.00,107.95,108.00,42120,564820
20200709,09:38,107.80,109.95,103.25,107.05,73140,574180
20200709,09:39,106.50,114.65,106.20,113.50,62200,574180
20200709,09:40,113.80,124.45,113.80,120.80,98780,574180
20200709,09:41,120.70,121.65,116.65,121.10,58600,582680
20200709,09:42,120.50,124.00,118.50,122.15,64660,582680
20200709,09:43,121.15,139.25,121.15,137.65,203400,582680
20200709,09:44,140.00,161.45,140.00,149.05,238900,539340
20200709,09:45,154.00,163.45,150.15,151.35,189260,539340
20200709,09:46,150.50,151.75,143.25,143.25,96580,539340
20200709,09:47,143.00,145.55,136.00,142.55,102720,539020
20200709,09:48,143.00,144.70,134.45,137.65,57120,539020
20200709,09:49,139.45,147.80,138.25,144.65,81680,539020
20200709,09:50,146.60,153.35,145.10,146.85,100140,560360
20200709,09:51,146.20,152.45,145.80,147.90,72900,560360
20200709,09:52,147.30,147.30,140.40,146.80,63380,560360
20200709,09:53,145.75,149.40,141.60,142.20,45060,590640
20200709,09:54,141.85,157.95,141.85,154.50,149540,590640
20200709,09:55,155.00,155.95,146.85,149.15,78700,590640
20200709,09:56,148.65,153.25,143.30,145.10,54220,603460
20200709,09:57,144.65,148.55,141.55,146.20,47660,603460
20200709,09:58,146.50,152.00,142.40,147.90,43760,603460
20200709,09:59,148.30,154.95,148.30,149.15,75300,621700
20200709,10:00,149.00,152.90,145.65,145.90,55880,621700
20200709,10:01,144.70,147.20,141.20,142.10,60240,621700
20200709,10:02,142.60,146.40,140.90,145.05,54460,638260
20200709,10:03,145.10,146.00,140.05,141.15,72360,638260
20200709,10:04,139.00,144.25,135.00,143.35,71860,638260
20200709,10:05,143.65,143.75,126.05,128.85,98340,657660
20200709,10:06,129.70,142.25,129.70,140.75,75900,657660
20200709,10:07,140.85,151.45,140.65,148.60,82480,657660
20200709,10:08,148.10,148.10,141.85,145.50,55880,663120
20200709,10:09,146.05,153.65,144.00,149.50,70920,663120
20200709,10:10,151.30,153.10,145.70,146.15,50920,663120
20200709,10:11,146.65,149.00,137.65,137.65,52960,656860
20200709,10:12,136.95,145.80,134.25,143.65,62420,656860
20200709,10:13,144.60,147.10,140.10,144.00,54420,656860
20200709,10:14,143.40,145.00,139.65,143.15,40660,667240
20200709,10:15,142.60,151.85,140.90,148.80,83400,667240
20200709,10:16,148.95,157.00,145.90,153.85,117000,667240
20200709,10:17,152.75,155.70,147.80,150.00,67880,660240
20200709,10:18,149.85,149.95,143.30,146.45,46620,660240
20200709,10:19,146.00,149.85,143.35,143.75,38120,660240
20200709,10:20,143.20,150.00,142.75,147.55,35620,656240
20200709,10:21,148.00,148.00,142.25,143.40,37320,656240
20200709,10:22,143.00,149.65,142.00,145.95,48160,656240
20200709,10:23,145.90,148.95,142.25,142.25,38960,666160
20200709,10:24,142.05,143.00,136.50,139.55,64880,666160
20200709,10:25,139.55,139.95,133.40,136.30,52300,666160
20200709,10:26,135.75,142.60,135.75,139.40,40020,671800
20200709,10:27,139.45,142.00,135.50,141.15,36320,671800
20200709,10:28,141.00,144.65,138.75,138.95,33840,671800
20200709,10:29,139.45,143.85,138.75,143.85,20840,676820
20200709,10:30,143.30,145.00,141.55,143.10,31680,676820
20200709,10:31,143.70,143.70,137.00,139.30,36140,676820
20200709,10:32,137.60,137.60,128.15,132.65,96100,695960
20200709,10:33,131.80,135.25,112.55,112.65,134840,695960
20200709,10:34,110.00,111.90,99.45,111.90,182420,695960
20200709,10:35,111.15,111.20,105.00,110.75,87360,710860
20200709,10:36,110.80,115.05,110.00,112.05,91900,710860
20200709,10:37,112.60,113.15,106.45,109.25,70120,710860
20200709,10:38,110.30,111.50,105.30,110.65,69040,740280
20200709,10:39,111.50,112.95,107.15,110.60,59200,740280
20200709,10:40,110.25,111.35,101.70,105.05,93560,740280
20200709,10:41,105.25,107.60,98.00,107.25,109380,755560
20200709,10:42,106.40,108.45,103.85,108.45,42640,755560
20200709,10:43,107.95,109.95,107.35,107.40,52400,755560
20200709,10:44,107.45,111.95,107.10,110.15,49060,754520
20200709,10:45,110.45,111.30,104.25,107.40,48720,754520
20200709,10:46,107.90,107.90,105.00,107.55,27920,754520
20200709,10:47,107.25,110.90,91.65,94.20,132240,765480
20200709,10:48,93.55,95.40,87.60,91.85,145580,765480
20200709,10:49,91.90,97.05,90.75,95.20,94880,765480
20200709,10:50,95.80,95.80,76.75,82.15,197440,766540
20200709,10:51,82.00,89.50,81.05,89.40,101420,766540
20200709,10:52,90.00,95.40,89.45,93.30,98900,766540
20200709,10:53,92.70,95.05,90.55,94.55,68100,765200
20200709,10:54,94.35,94.35,86.55,86.55,69300,765200
20200709,10:55,87.35,91.65,87.35,90.00,58700,765200
20200709,10:56,89.95,92.95,88.25,92.95,43440,796200
20200709,10:57,93.05,99.15,92.50,99.15,71920,796200
20200709,10:58,99.20,99.85,92.50,97.80,60800,796200
20200709,10:59,97.50,98.95,93.35,97.40,40960,789300
20200709,11:00,96.90,105.50,93.95,103.70,91000,789300
20200709,11:01,104.75,110.75,103.35,106.35,114540,789300
20200709,11:02,106.90,109.30,102.15,103.25,75080,802960
20200709,11:03,103.35,111.85,103.35,111.70,54040,802960
20200709,11:04,111.90,115.85,109.60,109.80,92980,802960
20200709,11:05,110.30,118.00,109.35,115.65,102820,803200
20200709,11:06,115.00,118.75,113.25,114.05,74480,803200
20200709,11:07,114.20,116.70,109.15,113.00,53880,803200
20200709,11:08,113.05,117.90,113.05,116.00,62960,804600
20200709,11:09,116.10,136.90,114.45,136.90,193560,804600
20200709,11:10,136.90,149.10,135.25,137.80,221600,804600
20200709,11:11,138.70,142.10,137.80,137.85,91400,736980
20200709,11:12,138.45,138.95,128.65,129.85,94240,736980
20200709,11:13,131.00,134.20,128.35,133.40,65120,736980
20200709,11:14,133.05,139.40,133.05,136.00,65060,739620
20200709,11:15,136.95,138.65,121.20,129.60,102560,739620
20200709,11:16,128.65,130.95,122.60,130.45,58780,739620
20200709,11:17,130.55,130.95,124.65,124.65,47800,753420
20200709,11:18,123.65,133.00,123.45,130.65,54480,753420
20200709,11:19,130.85,135.05,128.80,134.85,43860,753420
20200709,11:20,135.40,135.65,125.10,126.80,55600,748140
20200709,11:21,125.85,131.25,117.00,117.00,57340,748140
20200709,11:22,117.45,122.50,116.55,121.40,54140,748140
20200709,11:23,123.40,128.70,122.80,127.45,43600,745680
20200709,11:24,127.00,130.70,125.05,126.50,44560,745680
20200709,11:25,126.15,128.35,122.70,124.35,36260,745680
20200709,11:26,123.85,128.00,120.10,127.35,45620,754920
20200709,11:27,127.00,137.35,127.00,135.10,81140,754920
20200709,11:28,134.70,138.40,130.05,137.40,61240,754920
20200709,11:29,137.40,144.75,135.35,140.45,110280,743240
20200709,11:30,140.45,150.55,138.20,143.75,165820,743240
20200709,11:31,143.15,149.00,140.00,140.25,72420,743240
20200709,11:32,138.25,141.40,132.75,136.10,71640,703160
20200709,11:33,135.80,138.50,133.45,135.30,36740,703160
20200709,11:34,136.80,140.15,135.25,140.15,27380,703160
20200709,11:35,140.55,142.10,135.60,141.60,32840,702940
20200709,11:36,140.55,145.15,132.00,132.00,71140,702940
20200709,11:37,132.00,134.90,127.70,134.25,70240,702940
20200709,11:38,133.30,137.85,127.55,130.80,65540,721960
20200709,11:39,132.00,132.15,124.20,124.45,84180,721960
20200709,11:40,125.90,128.15,123.00,125.45,59440,721960
20200709,11:41,124.45,124.45,110.60,114.80,118780,728960
20200709,11:42,113.45,114.35,103.75,113.70,109440,728960
20200709,11:43,114.05,116.00,108.05,112.85,66600,728960
20200709,11:44,112.80,114.05,108.40,108.40,54300,743980
20200709,11:45,106.10,109.55,103.25,109.55,76720,743980
20200709,11:46,109.10,119.50,108.05,117.95,90820,743980
20200709,11:47,117.45,117.45,102.15,102.15,89240,758760
20200709,11:48,102.90,106.20,97.05,104.00,123520,758760
20200709,11:49,103.20,113.40,103.20,112.90,56840,758760
20200709,11:50,112.85,118.70,110.80,118.20,71520,767680
20200709,11:51,117.65,119.30,113.25,118.10,56140,767680
20200709,11:52,117.05,120.00,114.85,115.65,47340,767680
20200709,11:53,115.55,120.45,114.85,117.55,51900,765660
20200709,11:54,116.35,120.30,115.30,119.90,31460,765660
20200709,11:55,127.55,129.85,124.10,129.10,115840,765660
20200709,11:56,129.40,134.00,125.45,130.10,74760,758060
20200709,11:57,127.95,130.00,125.85,128.75,47240,758060
20200709,11:58,128.30,128.90,121.85,122.00,36800,758060
20200709,11:59,121.35,123.75,118.35,123.75,44080,765540
20200709,12:00,123.20,129.00,123.20,126.10,40720,765540
20200709,12:01,126.00,130.00,124.70,129.90,51040,765540
20200709,12:02,128.85,130.65,125.20,125.30,54900,751240
20200709,12:03,124.50,126.60,116.40,118.80,44360,751240
20200709,12:04,119.40,122.55,118.00,118.30,30680,751240
20200709,12:05,118.00,118.00,105.65,106.40,87560,752040
20200709,12:06,106.25,115.00,106.25,114.90,58320,752040
20200709,12:07,114.65,116.80,111.00,114.95,45540,752040
20200709,12:08,115.85,119.00,113.05,113.55,26820,756380
20200709,12:09,113.30,116.40,108.40,110.05,42780,756380
20200709,12:10,109.00,114.60,106.70,113.10,46180,756380
20200709,12:11,112.35,117.35,112.30,114.65,40380,772740
20200709,12:12,115.20,126.60,114.05,121.50,74440,772740
20200709,12:13,120.75,124.15,119.85,121.80,39680,772740
20200709,12:14,122.55,127.95,118.75,120.15,62880,776040
20200709,12:15,120.45,126.45,118.90,119.00,55360,776040
20200709,12:16,119.55,120.00,112.60,119.00,44120,776040
20200709,12:17,119.15,119.60,110.00,113.95,49980,793140
20200709,12:18,115.30,116.95,110.75,112.35,29920,793140
20200709,12:19,112.30,117.15,111.40,115.00,15820,793140
20200709,12:20,113.85,115.00,99.25,103.40,101420,796720
20200709,12:21,104.10,104.95,87.65,90.05,162300,796720
20200709,12:22,90.90,97.00,88.00,95.70,131160,796720
20200709,12:23,96.95,99.90,96.35,97.65,70440,812160
20200709,12:24,97.60,105.00,97.60,105.00,81460,812160
20200709,12:25,103.85,103.85,98.40,100.25,50260,812160
20200709,12:26,100.25,104.40,99.00,104.30,49760,816500
20200709,12:27,104.75,128.35,102.40,128.15,195540,816500
20200709,12:28,132.55,140.00,126.40,126.40,235460,816500
20200709,12:29,127.20,131.85,123.85,126.20,73520,769360
20200709,12:30,125.35,155.30,124.55,147.65,202600,769360
20200709,12:31,148.50,149.40,138.00,138.00,169680,769360
20200709,12:32,138.80,145.00,134.50,143.25,109580,709220
20200709,12:33,142.55,143.75,128.75,134.80,112040,709220
20200709,12:34,134.85,134.85,129.50,132.55,46400,709220
20200709,12:35,131.40,131.85,124.25,130.85,74660,709500
20200709,12:36,132.00,132.00,118.20,121.45,61100,709500
20200709,12:37,121.95,127.20,120.50,125.80,56640,709500
20200709,12:38,125.80,129.90,124.55,124.95,34660,718560
20200709,12:39,125.80,128.05,123.25,128.05,35960,718560
20200709,12:40,128.35,129.50,121.00,126.00,38040,718560
20200709,12:41,125.80,128.00,115.25,124.95,76620,725700
20200709,12:42,124.65,127.70,118.35,118.35,42800,725700
20200709,12:43,118.00,122.60,115.00,115.65,53660,725700
20200709,12:44,116.40,117.00,108.35,116.85,80120,735900
20200709,12:45,118.15,123.85,117.40,121.30,56440,735900
20200709,12:46,119.45,121.30,113.85,119.80,38940,735900
20200709,12:47,119.95,127.10,118.55,123.45,73440,726960
20200709,12:48,122.55,123.20,118.30,118.35,43880,726960
20200709,12:49,118.55,120.45,115.90,120.45,35820,726960
20200709,12:50,120.00,120.00,96.35,101.95,137320,729240
20200709,12:51,102.05,104.60,98.85,103.15,134240,729240
20200709,12:52,103.65,109.50,100.00,100.00,85460,729240
20200709,12:53,100.00,105.30,95.90,104.65,77240,765200
20200709,12:54,104.05,113.60,103.75,111.55,81720,765200
20200709,12:55,112.15,116.85,110.35,111.85,70760,765200
20200709,12:56,111.60,111.60,104.25,104.30,36840,751520
20200709,12:57,105.45,113.70,104.10,111.00,49620,751520
20200709,12:58,108.45,114.75,102.95,112.50,59160,751520
20200709,12:59,112.15,129.60,112.15,125.45,154460,722480
20200709,13:00,125.30,128.60,115.55,117.55,91780,722480
20200709,13:01,116.80,119.00,96.75,96.75,96420,722480
20200709,13:02,96.45,96.45,41.10,66.00,538300,713700
20200709,13:03,64.10,65.70,58.25,60.75,278660,713700
20200709,13:04,60.05,61.60,47.85,53.95,384780,713700
20200709,13:05,52.95,61.10,51.50,57.95,247000,713700
20200709,13:06,57.65,62.50,54.05,56.30,189220,832760
20200709,13:07,56.15,59.00,51.90,58.15,221840,832760
20200709,13:08,58.40,63.25,57.70,62.05,155980,832760
20200709,13:09,61.75,66.90,59.65,64.25,169420,866460
20200709,13:10,64.20,64.20,55.40,58.40,154500,866460
20200709,13:11,58.20,62.55,57.05,61.55,96020,866460
20200709,13:12,62.20,65.45,61.70,63.85,139520,871620
20200709,13:13,63.15,63.90,60.05,61.70,87800,871620
20200709,13:14,62.15,63.90,57.85,58.60,121080,871620
20200709,13:15,58.50,61.65,57.40,60.05,88980,902840
20200709,13:16,59.75,69.40,59.50,68.30,155120,902840
20200709,13:17,67.25,67.25,60.55,63.90,117220,902840
20200709,13:18,62.95,67.40,61.70,62.70,124380,892680
20200709,13:19,62.30,64.40,56.25,57.90,119420,892680
20200709,13:20,58.75,64.85,58.75,63.05,94460,892680
20200709,13:21,62.40,64.05,60.00,60.80,83780,922300
20200709,13:22,59.60,70.05,59.35,69.75,172080,922300
20200709,13:23,68.20,83.65,65.15,83.00,293580,922300
20200709,13:24,82.05,84.75,76.00,76.85,182520,868360
20200709,13:25,77.00,78.40,69.65,71.35,139520,868360
20200709,13:26,70.60,81.60,68.20,81.10,123040,868360
20200709,13:27,80.35,102.85,79.45,95.15,299220,847160
20200709,13:28,92.85,98.75,85.95,92.85,174220,847160
20200709,13:29,93.40,100.00,89.85,94.35,154620,847160
20200709,13:30,94.15,99.20,88.40,95.55,162160,800740
20200709,13:31,95.45,98.30,86.80,88.25,119740,800740
20200709,13:32,88.00,93.95,83.95,91.80,113320,800740
20200709,13:33,92.65,96.55,82.20,88.40,134440,816740
20200709,13:34,88.55,91.45,85.00,89.20,88040,816740
20200709,13:35,89.00,110.70,89.00,101.45,282540,816740
20200709,13:36,100.90,102.10,92.55,98.40,119460,783840
20200709,13:37,98.70,101.85,91.10,101.85,104440,783840
20200709,13:38,104.00,111.40,100.05,101.15,203980,783840
20200709,13:39,99.55,114.60,98.45,112.90,138580,767460
20200709,13:40,114.95,118.95,101.55,105.50,194440,767460
20200709,13:41,103.95,103.95,90.40,92.90,135560,767460
20200709,13:42,93.60,97.00,88.25,93.45,124060,768580
20200709,13:43,92.50,93.45,82.20,87.90,109240,768580
20200709,13:44,85.65,95.40,84.25,88.95,113400,768580
20200709,13:45,90.40,99.75,90.40,94.80,73220,781800
20200709,13:46,94.75,103.60,92.20,96.90,111640,781800
20200709,13:47,95.55,95.60,83.45,88.85,98600,781800
20200709,13:48,88.10,100.65,87.35,93.10,120420,790820
20200709,13:49,93.05,94.25,86.15,90.10,89180,790820
20200709,13:50,88.95,94.00,86.35,88.90,86420,790820
20200709,13:51,88.75,88.75,52.65,53.75,484560,818080
20200709,13:52,52.90,64.25,50.30,58.60,254920,818080
20200709,13:53,58.10,68.00,57.95,68.00,190380,818080
20200709,13:54,67.50,71.90,66.60,69.25,186920,850880
20200709,13:55,68.55,80.00,67.60,80.00,134780,850880
20200709,13:56,78.20,78.20,66.85,69.55,115220,850880
20200709,13:57,69.95,73.40,65.95,71.20,97620,882440
20200709,13:58,70.80,72.30,60.70,63.00,114420,882440
20200709,13:59,63.65,73.10,61.60,73.10,123100,882440
20200709,14:00,72.70,72.70,68.30,68.65,89920,884280
20200709,14:01,69.15,69.15,59.00,62.40,148480,884280
20200709,14:02,61.45,65.35,55.90,64.95,171340,884280
20200709,14:03,65.50,66.90,61.00,63.45,97000,895400
20200709,14:04,64.25,68.50,61.50,64.35,93320,895400
20200709,14:05,64.90,64.90,51.60,53.35,202340,895400
20200709,14:06,52.55,55.15,40.65,54.30,407180,905000
20200709,14:07,54.60,65.65,54.00,64.00,212420,905000
20200709,14:08,63.55,76.70,63.50,76.60,259460,905000
20200709,14:09,76.20,76.20,69.25,69.25,164640,927120
20200709,14:10,70.00,70.45,61.60,68.45,131700,927120
20200709,14:11,68.80,72.50,63.55,64.05,152780,927120
20200709,14:12,64.35,70.95,59.90,70.00,141100,926720
20200709,14:13,69.70,78.45,69.25,75.85,162720,926720
20200709,14:14,74.05,74.75,66.00,67.25,127640,926720
20200709,14:15,69.30,74.10,66.70,72.80,106960,920480
20200709,14:16,73.50,75.35,68.55,70.15,139120,920480
20200709,14:17,70.20,101.30,70.20,94.00,353340,920480
20200709,14:18,93.20,93.20,76.15,79.05,138660,847360
20200709,14:19,79.95,82.55,67.00,75.25,159100,847360
20200709,14:20,75.25,79.15,68.05,68.70,93720,847360
20200709,14:21,68.65,68.65,51.45,59.35,277800,881720
20200709,14:22,58.70,65.70,57.10,60.10,138560,881720
20200709,14:23,60.00,66.55,57.85,63.40,138500,881720
20200709,14:24,63.20,67.00,58.90,63.20,101840,905320
20200709,14:25,63.75,72.50,61.65,65.80,143320,905320
20200709,14:26,65.00,65.65,40.60,43.20,313360,905320
20200709,14:27,44.00,50.95,36.20,49.65,425860,970200
20200709,14:28,50.40,51.65,46.10,51.65,188220,970200
20200709,14:29,51.90,58.50,48.65,48.65,213800,970200
20200709,14:30,48.10,53.05,40.70,50.85,252520,985680
20200709,14:31,51.25,51.50,44.20,47.90,184440,985680
20200709,14:32,46.60,55.15,46.40,51.40,240120,985680
20200709,14:33,51.30,57.55,48.90,57.55,188440,1003660
20200709,14:34,57.75,61.15,52.70,60.15,182940,1003660
20200709,14:35,59.15,65.00,55.50,57.25,222380,1003660
20200709,14:36,57.05,58.30,40.75,41.10,256580,974460
20200709,14:37,42.20,51.20,41.80,50.20,183580,974460
20200709,14:38,52.70,53.75,46.05,52.35,187420,974460
20200709,14:39,52.95,54.30,45.85,49.00,184060,991800
20200709,14:40,49.40,59.95,48.50,52.05,238080,991800
20200709,14:41,52.00,64.45,52.00,60.45,289200,991800
20200709,14:42,61.05,69.60,61.05,62.10,285640,940760
20200709,14:43,63.55,76.15,61.20,64.50,329960,940760
20200709,14:44,67.60,78.20,57.25,57.25,309560,940760
20200709,14:45,57.75,78.35,57.55,78.35,349760,876940
20200709,14:46,75.15,97.70,74.60,79.10,399900,876940
20200709,14:47,77.75,80.00,64.25,70.40,236060,876940
20200709,14:48,68.65,91.25,67.05,91.25,273320,854400
20200709,14:49,93.05,110.00,93.05,109.95,85960,854400
20200709,14:50,114.60,141.10,111.05,114.35,523620,854400
20200709,14:51,112.55,137.00,109.95,126.60,278000,640600
20200709,14:52,125.55,126.85,109.10,113.85,186200,640600
20200709,14:53,115.55,118.85,101.25,107.80,168240,640600
20200709,14:54,107.10,119.25,105.25,111.55,120720,590920
20200709,14:55,113.10,129.95,112.70,114.10,175780,590920
20200709,14:56,113.30,114.25,96.40,104.30,149660,590920
20200709,14:57,103.50,111.95,95.55,99.45,117520,559500
20200709,14:58,98.65,103.55,95.00,101.45,102500,559500
20200709,14:59,99.85,99.90,69.30,81.85,288460,559500
20200709,15:00,81.05,87.85,61.45,66.75,269180,591280
20200709,15:01,64.95,65.15,46.30,46.30,118840,591280
20200709,15:02,52.95,66.95,50.50,58.85,392500,591280
20200709,15:03,59.60,69.85,52.30,56.50,295000,656920
20200709,15:04,56.30,62.55,56.05,59.30,170600,656920
20200709,15:05,59.95,67.45,52.00,53.90,221960,656920
20200709,15:06,53.20,57.30,50.00,55.50,252000,624320
20200709,15:07,54.50,61.90,53.05,60.70,164860,624320
20200709,15:08,62.90,71.65,62.90,70.30,229240,624320
20200709,15:09,70.45,70.45,63.75,66.45,176120,563280
20200709,15:10,67.95,84.80,67.95,77.50,311440,563280
20200709,15:11,79.50,84.20,76.10,81.60,173780,563280
20200709,15:12,78.25,91.35,78.25,87.90,197400,447640
20200709,15:13,87.85,88.30,75.25,77.90,133380,447640
20200709,15:14,77.35,82.55,74.95,80.25,122880,447640
20200709,15:15,78.00,82.85,75.80,80.70,123240,422400
20200709,15:16,79.50,91.35,79.00,91.30,154580,422400
20200709,15:17,91.80,101.35,89.20,99.20,210400,422400
20200709,15:18,99.35,110.45,96.05,107.00,176380,380560
20200709,15:19,106.30,107.95,104.05,105.75,171540,380560
20200709,15:20,106.00,113.45,105.10,110.30,173820,380560
20200709,15:21,110.40,130.55,110.40,117.70,258280,300140
20200709,15:22,117.75,118.70,112.10,114.40,102720,300140
20200709,15:23,114.65,117.30,110.50,113.95,72260,300140
20200709,15:24,114.25,114.25,105.75,107.60,72600,243040
20200709,15:25,107.00,110.50,106.15,108.45,52620,243040
20200709,15:26,108.55,110.10,108.25,109.05,32460,243040
20200709,15:27,109.15,109.20,107.45,108.20,21420,211280
20200709,15:28,108.70,108.70,106.80,107.65,26880,211280
20200709,15:29,107.35,108.00,107.00,107.50,28620,211280
20200709,15:30,107.15,107.15,107.15,107.15,20,211280
