20201023,09:25,332.80,333.55,332.80,333.55,77,75
20201023,09:27,342.45,342.45,342.45,342.45,25,75
20201023,09:28,342.45,342.45,342.45,342.45,25,75
20201023,09:30,340.95,340.95,340.95,340.95,25,100
20201023,09:31,334.10,334.10,334.10,334.10,25,100
20201023,09:35,330.60,330.60,326.45,326.45,50,150
20201023,09:41,326.45,326.45,326.45,326.45,25,200
20201023,09:42,329.45,329.45,327.30,327.30,50,200
20201023,09:43,327.40,327.40,317.75,317.75,250,200
20201023,09:44,320.05,320.85,320.05,320.85,125,550
20201023,09:45,323.60,323.60,323.60,323.60,50,550
20201023,09:46,317.70,318.25,317.70,318.25,200,550
20201023,09:47,319.35,321.10,318.55,318.55,200,925
20201023,09:49,310.50,310.50,310.50,310.50,50,925
20201023,09:50,306.55,312.10,306.55,312.10,225,1150
20201023,09:51,312.50,312.50,312.50,312.50,25,1150
20201023,09:53,318.25,318.25,318.25,318.25,25,1150
20201023,09:54,318.25,318.25,318.25,318.25,25,1225
20201023,09:59,316.05,316.05,316.05,316.05,25,1250
20201023,10:01,321.75,321.75,321.75,321.75,25,1250
20201023,10:22,311.95,311.95,311.95,311.95,25,1250
20201023,10:29,301.90,301.90,301.45,301.45,50,1275
20201023,10:30,301.45,305.05,301.45,305.05,50,1275
20201023,10:31,307.30,307.30,307.30,307.30,25,1275
20201023,10:34,294.15,294.15,294.15,294.15,75,1300
20201023,10:35,286.30,286.30,286.30,286.30,25,1300
20201023,10:38,286.30,286.30,286.30,286.30,75,1325
20201023,10:54,289.10,289.10,289.10,289.10,25,1375
20201023,10:55,285.55,285.55,273.15,273.15,100,1375
20201023,10:57,273.15,273.15,273.15,273.15,25,1475
20201023,10:59,292.50,292.50,285.85,285.85,75,1525
20201023,11:02,288.00,288.00,288.00,288.00,25,1525
20201023,11:03,288.00,288.00,288.00,288.00,25,1525
20201023,11:07,292.40,292.40,292.40,292.40,25,1500
20201023,11:09,288.35,288.35,286.95,286.95,75,1500
20201023,11:13,292.55,292.55,292.55,292.55,75,1425
20201023,11:16,298.45,298.45,298.45,298.45,25,1350
20201023,11:17,298.70,298.70,298.25,298.25,100,1325
20201023,11:19,298.50,298.50,298.50,298.50,50,1325
20201023,11:20,299.10,299.10,299.10,299.10,50,1325
20201023,11:21,300.30,300.30,300.30,300.30,50,1125
20201023,11:22,303.15,303.15,297.30,297.30,125,1125
20201023,11:23,296.05,296.05,292.55,292.55,100,1000
20201023,11:26,290.75,290.75,290.75,290.75,50,1000
20201023,11:44,287.40,287.40,287.40,287.40,75,1025
20201023,11:45,288.25,288.25,288.25,288.25,50,1025
20201023,11:46,282.05,282.05,282.05,282.05,25,1025
20201023,11:48,282.05,282.05,282.05,282.05,25,925
20201023,11:52,283.00,283.00,283.00,283.00,25,925
20201023,12:05,278.35,278.35,278.35,278.35,25,950
20201023,12:06,276.75,276.75,276.75,276.75,25,950
20201023,12:10,279.55,279.55,279.55,279.55,25,950
20201023,12:12,279.55,279.55,279.55,279.55,25,950
20201023,12:13,278.65,278.65,278.65,278.65,25,950
20201023,12:26,287.15,287.15,287.15,287.15,25,925
20201023,12:30,305.00,305.00,305.00,305.00,50,925
20201023,12:32,292.25,292.25,292.25,292.25,25,925
20201023,12:36,300.75,300.75,300.75,300.75,25,875
20201023,12:42,295.55,295.55,291.95,291.95,50,900
20201023,12:46,291.55,291.55,291.55,291.55,25,875
20201023,12:50,297.65,297.65,297.65,297.65,100,875
20201023,12:51,291.00,291.00,291.00,291.00,75,875
20201023,12:52,296.95,296.95,296.50,296.50,50,875
20201023,13:00,299.90,299.90,299.90,299.90,75,775
20201023,13:01,305.00,305.00,305.00,305.00,25,775
20201023,13:02,305.00,305.00,305.00,305.00,25,775
20201023,13:04,306.40,306.40,306.40,306.40,75,800
20201023,13:07,300.00,300.00,300.00,300.00,25,800
20201023,13:14,299.75,299.75,299.75,299.75,25,700
20201023,13:18,296.30,296.30,296.30,296.30,25,700
20201023,13:19,296.25,296.25,296.25,296.25,25,700
20201023,13:20,294.15,294.15,294.15,294.15,25,700
20201023,13:34,280.00,280.00,280.00,280.00,25,725
20201023,13:36,285.65,285.65,285.65,285.65,25,725
20201023,13:39,283.25,283.25,283.25,283.25,25,725
20201023,13:41,290.30,290.30,290.00,290.00,50,725
20201023,13:45,284.60,284.60,284.60,284.60,25,725
20201023,13:47,289.10,289.10,289.10,289.10,25,725
20201023,13:50,287.45,287.45,287.45,287.45,25,725
20201023,13:52,294.95,294.95,294.95,294.95,75,725
20201023,13:53,300.75,300.75,298.20,298.20,75,725
20201023,13:56,296.15,296.15,296.15,296.15,50,675
20201023,13:57,298.15,298.15,298.15,298.15,25,650
20201023,14:00,297.60,297.60,297.60,297.60,25,650
20201023,14:01,289.05,289.05,289.05,289.05,25,650
20201023,14:14,286.85,286.85,286.85,286.85,25,650
20201023,14:22,288.65,288.65,288.65,288.65,25,650
20201023,14:23,286.00,286.00,286.00,286.00,25,650
20201023,14:36,284.60,286.15,284.60,286.15,50,625
20201023,14:40,289.15,289.15,289.15,289.15,25,625
20201023,14:43,295.00,295.00,295.00,295.00,25,600
20201023,14:44,299.45,302.25,299.45,302.25,50,600
20201023,14:46,303.95,303.95,303.00,303.00,50,600
20201023,14:48,302.70,302.70,302.70,302.70,25,600
20201023,14:49,307.15,308.00,307.15,307.30,75,625
20201023,14:50,308.55,308.55,302.05,302.05,100,625
20201023,14:51,303.50,303.50,303.50,303.50,50,625
20201023,14:52,302.00,302.00,302.00,302.00,50,700
20201023,14:53,301.00,301.00,301.00,301.00,50,700
20201023,14:54,303.25,303.25,303.25,303.25,25,700
20201023,14:55,304.55,304.55,304.55,304.55,25,575
20201023,14:56,305.15,305.15,305.15,305.15,25,575
20201023,14:58,288.55,288.55,288.55,288.55,75,575
20201023,14:59,291.55,297.00,291.55,297.00,50,575
20201023,15:00,292.70,292.70,292.65,292.65,100,625
20201023,15:02,295.15,295.15,295.15,295.15,25,625
20201023,15:05,301.45,301.45,301.45,301.45,75,675
20201023,15:09,292.25,292.25,292.25,292.25,25,500
20201023,15:12,271.10,271.10,271.10,271.10,75,500
20201023,15:18,271.10,274.00,271.10,274.00,250,575
20201023,15:19,275.20,275.20,275.20,275.20,25,575
20201023,15:21,276.15,276.15,276.15,276.15,25,575
20201023,15:23,276.20,276.20,276.20,276.20,75,550
20201023,15:26,275.90,275.90,275.90,275.90,25,525
20201023,15:28,275.15,275.15,274.80,274.80,75,525
20201026,09:15,280.35,280.35,280.35,280.35,26,550
20201026,09:16,280.35,280.35,280.35,280.35,25,550
20201026,09:18,250.35,250.35,247.15,247.15,75,600
20201026,09:20,247.15,247.15,247.15,247.15,25,600
20201026,09:23,255.85,255.85,255.85,255.85,25,575
20201026,09:24,262.15,262.15,262.15,262.15,25,575
20201026,09:26,257.95,257.95,257.95,257.95,25,575
20201026,09:27,252.95,252.95,252.95,252.95,25,625
20201026,09:28,243.40,243.40,243.40,243.40,25,625
20201026,09:29,240.75,240.75,240.75,240.75,25,650
20201026,09:30,240.75,240.75,238.90,238.90,50,650
20201026,09:32,238.90,246.00,238.90,242.40,75,750
20201026,09:33,244.45,244.45,244.45,244.45,25,750
20201026,09:34,263.95,263.95,256.70,256.70,75,750
20201026,09:35,262.05,262.05,262.05,262.05,25,800
20201026,09:36,256.90,256.90,256.90,256.90,25,800
20201026,09:37,252.65,252.65,252.65,252.65,25,800
20201026,09:43,246.50,246.50,246.50,246.50,25,800
20201026,09:46,251.90,254.60,251.90,254.60,125,700
20201026,09:49,255.35,255.35,255.35,255.35,25,700
20201026,09:50,252.65,252.65,252.60,252.60,50,600
20201026,09:51,252.65,252.65,252.65,252.65,25,600
20201026,09:56,251.05,251.05,251.05,251.05,25,575
20201026,09:58,251.05,251.05,251.05,251.05,25,600
20201026,09:59,252.95,252.95,252.95,252.95,25,575
20201026,10:00,254.05,254.05,254.05,254.05,25,575
20201026,10:03,257.50,257.50,257.50,257.50,25,575
20201026,10:05,254.10,254.10,253.25,253.25,75,575
20201026,10:07,257.80,257.80,257.80,257.80,25,575
20201026,10:08,260.00,260.00,260.00,260.00,25,575
20201026,10:22,255.00,255.00,255.00,255.00,350,575
20201026,10:23,255.05,255.05,255.05,255.05,25,800
20201026,10:35,256.80,256.80,256.80,256.80,25,700
20201026,10:36,255.35,255.35,255.35,255.35,25,725
20201026,10:42,254.85,256.30,254.85,255.35,100,725
20201026,10:46,253.05,253.05,253.05,253.05,25,725
20201026,10:48,250.00,250.00,250.00,250.00,25,725
20201026,11:01,255.55,255.55,255.55,255.55,25,725
20201026,11:09,250.00,250.00,250.00,250.00,125,725
20201026,11:10,250.00,250.00,250.00,250.00,200,725
20201026,11:20,222.05,222.05,222.05,222.05,50,600
20201026,11:21,229.95,229.95,229.95,229.95,100,575
20201026,11:24,227.75,227.75,225.00,225.00,100,575
20201026,11:25,226.15,226.15,226.15,226.15,50,575
20201026,11:27,225.55,225.55,225.55,225.55,25,550
20201026,11:35,214.10,214.10,214.10,214.10,50,550
20201026,11:39,207.20,207.20,207.20,207.20,100,575
20201026,11:41,197.20,197.20,197.20,197.20,25,575
20201026,11:50,197.20,197.20,197.20,197.20,25,550
20201026,11:51,202.10,202.10,202.10,202.10,50,550
20201026,11:53,204.80,204.80,204.80,204.80,25,550
20201026,11:59,202.25,202.25,202.25,202.25,25,625
20201026,12:00,205.35,205.35,205.35,205.35,25,650
20201026,12:01,205.30,205.30,205.30,205.30,25,650
20201026,12:05,199.25,199.25,199.25,199.25,25,625
20201026,12:07,200.05,200.05,200.05,200.05,25,625
20201026,12:09,198.00,198.00,198.00,198.00,50,650
20201026,12:10,187.85,187.85,187.85,187.85,25,650
20201026,12:12,187.85,193.15,187.85,193.15,100,700
20201026,12:13,191.50,191.50,190.00,190.00,100,700
20201026,12:14,189.00,189.00,189.00,189.00,50,700
20201026,12:15,189.00,189.00,189.00,189.00,50,725
20201026,12:16,183.65,183.65,183.65,183.65,50,725
20201026,12:17,175.40,175.40,175.40,175.40,25,725
20201026,12:19,175.40,175.40,175.40,175.40,25,675
20201026,12:20,184.20,186.60,184.20,186.60,50,675
20201026,12:21,182.00,182.00,182.00,182.00,50,725
20201026,12:23,185.90,185.90,185.90,185.90,50,725
20201026,12:24,188.95,188.95,185.35,185.35,50,725
20201026,12:25,183.75,187.80,183.75,184.35,150,725
20201026,12:26,189.30,189.30,189.30,189.30,25,725
20201026,12:28,193.95,193.95,192.15,193.85,100,825
20201026,12:29,191.00,191.00,191.00,191.00,25,825
20201026,12:32,180.70,180.70,180.70,180.70,25,900
20201026,12:33,183.90,184.20,183.90,184.20,50,900
20201026,12:34,184.20,184.20,184.20,184.20,25,900
20201026,12:35,181.00,181.00,181.00,181.00,25,900
20201026,12:36,176.05,176.85,176.05,176.85,50,900
20201026,12:37,175.00,175.00,172.80,172.80,50,900
20201026,12:39,172.50,172.50,167.30,167.30,125,925
20201026,12:42,167.30,167.30,167.30,167.30,25,925
20201026,12:43,176.65,176.65,176.65,176.65,25,925
20201026,12:44,178.50,178.50,174.55,174.55,75,900
20201026,12:46,171.20,171.20,171.20,171.20,25,900
20201026,12:50,167.60,167.60,167.60,167.60,50,950
20201026,12:52,163.40,163.40,163.40,163.40,75,925
20201026,12:54,167.30,167.30,167.30,167.30,25,925
20201026,12:59,156.70,156.70,156.70,156.70,25,950
20201026,13:01,150.00,150.00,147.65,147.65,75,950
20201026,13:02,147.65,147.65,147.65,147.65,25,950
20201026,13:03,146.45,146.45,146.45,146.45,325,975
20201026,13:04,148.00,151.80,148.00,150.65,200,975
20201026,13:06,151.65,151.65,151.65,151.65,50,1100
20201026,13:08,156.70,156.70,156.70,156.70,25,1100
20201026,13:09,153.00,153.00,153.00,153.00,125,1125
20201026,13:14,159.95,159.95,159.95,159.95,50,1225
20201026,13:15,158.45,158.45,158.45,158.45,25,1250
20201026,13:17,156.90,160.00,156.90,160.00,125,1250
20201026,13:18,163.85,164.05,163.85,164.05,50,1250
20201026,13:24,165.00,165.00,165.00,165.00,25,1150
20201026,13:25,164.05,164.05,163.45,163.45,75,1150
20201026,13:26,163.95,163.95,163.95,163.95,25,1150
20201026,13:28,162.55,162.55,162.55,162.55,50,1175
20201026,13:30,159.10,159.10,159.10,159.10,25,1175
20201026,13:35,167.90,167.90,167.90,167.90,25,1175
20201026,13:36,160.30,160.30,160.30,160.30,50,1150
20201026,13:38,160.00,160.00,160.00,160.00,150,1150
20201026,13:40,162.45,162.45,162.10,162.10,75,1150
20201026,13:56,162.10,162.10,162.10,162.10,50,1175
20201026,14:09,151.35,151.35,149.70,149.70,75,1175
20201026,14:10,149.80,149.80,148.45,148.45,75,1175
20201026,14:11,154.55,154.55,154.55,154.55,50,1175
20201026,14:12,151.65,151.65,151.65,151.65,25,1200
20201026,14:13,151.80,151.80,151.80,151.80,25,1200
20201026,14:15,153.50,153.50,153.50,153.50,25,1225
20201026,14:19,164.25,164.25,164.25,164.25,25,1225
20201026,14:25,164.00,164.00,164.00,164.00,25,1250
20201026,14:28,166.15,166.15,166.15,166.15,100,1275
20201026,14:31,166.90,166.90,166.90,166.90,25,1225
20201026,14:33,162.90,162.90,162.90,162.90,25,1225
20201026,14:39,164.50,164.50,164.50,164.50,25,1250
20201026,14:45,179.90,179.90,176.40,176.40,75,1225
20201026,14:48,176.40,176.40,176.40,176.40,25,1250
20201026,14:51,176.35,176.35,176.35,176.35,25,1275
20201026,14:55,167.05,167.05,167.05,167.05,25,1275
20201026,14:57,173.55,173.55,173.55,173.55,25,1300
20201026,14:59,172.95,172.95,172.95,172.95,25,1300
20201026,15:03,175.00,175.00,175.00,175.00,125,1300
20201026,15:09,172.50,172.50,172.50,172.50,25,1425
20201026,15:10,174.00,174.00,174.00,174.00,25,1425
20201026,15:11,170.80,170.80,170.80,170.80,25,1425
20201026,15:16,175.50,175.50,175.50,175.50,25,1400
20201026,15:18,175.50,175.50,175.50,175.50,25,1425
20201026,15:20,180.50,180.50,174.45,174.45,50,1425
20201026,15:25,175.75,175.75,175.75,175.75,50,1400
20201026,15:27,177.05,190.00,176.70,190.00,100,1425
20201027,09:15,176.40,185.60,176.40,185.60,101,1425
20201027,09:16,185.60,185.60,170.70,170.70,150,1425
20201027,09:17,168.90,168.90,131.05,131.05,100,1675
20201027,09:18,135.25,135.25,135.25,135.25,25,1675
20201027,09:22,161.40,161.40,161.40,161.40,175,1650
20201027,09:25,154.80,155.00,154.80,155.00,100,1825
20201027,09:26,155.25,155.25,153.10,153.10,175,1875
20201027,09:27,153.80,153.80,153.45,153.45,250,1875
20201027,09:28,155.15,155.15,153.80,153.80,600,1875
20201027,09:29,154.45,154.45,152.65,152.65,250,2850
20201027,09:33,151.35,151.35,151.35,151.35,25,3000
20201027,09:34,151.75,151.75,149.35,149.35,75,3000
20201027,09:35,149.80,149.80,149.00,149.00,125,2975
20201027,09:36,150.75,150.75,144.80,147.10,225,2975
20201027,09:39,153.15,156.00,152.35,156.00,250,2975
20201027,09:40,155.85,190.60,155.85,190.60,250,2975
20201027,09:41,158.80,162.75,158.80,161.75,150,3050
20201027,09:42,164.50,164.50,164.50,164.50,75,3050
20201027,09:43,173.00,173.00,173.00,173.00,25,3050
20201027,09:44,171.55,171.55,171.55,171.55,100,3050
20201027,09:45,188.65,198.60,186.95,198.60,275,3050
20201027,09:46,195.25,195.25,195.25,195.25,150,3050
20201027,09:47,196.15,196.15,196.15,196.15,25,3050
20201027,09:48,193.60,193.60,188.80,188.80,75,3050
20201027,09:49,184.10,184.10,184.10,184.10,50,3050
20201027,09:50,179.00,181.90,179.00,181.90,75,3025
20201027,09:52,188.90,188.90,188.90,188.90,25,3025
20201027,09:53,187.05,187.05,185.85,185.85,75,3025
20201027,09:54,185.00,185.00,185.00,185.00,25,3025
20201027,09:55,183.45,183.45,183.45,183.45,25,3025
20201027,09:56,180.50,182.60,180.50,181.90,675,2775
20201027,09:57,177.75,181.00,177.75,181.00,75,2775
20201027,09:58,180.55,181.00,180.55,181.00,125,2775
20201027,09:59,181.45,181.45,181.45,181.45,25,2300
20201027,10:00,180.65,180.75,180.65,180.75,50,2300
20201027,10:01,184.60,184.60,184.60,184.60,25,2300
20201027,10:02,183.70,183.70,183.70,183.70,75,2300
20201027,10:03,184.05,184.05,184.05,184.05,25,2300
20201027,10:04,183.20,183.20,183.20,183.20,25,2300
20201027,10:06,183.20,183.20,183.20,183.20,25,2325
20201027,10:09,185.80,185.80,185.80,185.80,50,2300
20201027,10:10,189.85,189.85,189.85,189.85,25,2300
20201027,10:12,186.55,186.55,186.55,186.55,50,2275
20201027,10:15,179.60,179.60,179.60,179.60,225,2275
20201027,10:16,179.35,179.35,179.35,179.35,75,2275
20201027,10:18,177.35,180.75,177.35,180.75,50,2375
20201027,10:19,182.75,182.75,182.75,182.75,50,2375
20201027,10:20,186.00,186.00,186.00,186.00,225,2225
20201027,10:21,184.85,184.85,184.85,184.85,50,2225
20201027,10:22,182.85,182.85,182.85,182.85,25,2225
20201027,10:23,185.45,185.45,185.45,185.45,25,2200
20201027,10:24,187.65,189.15,187.65,189.15,125,2200
20201027,10:25,187.70,187.70,187.70,187.70,50,2200
20201027,10:26,187.80,187.80,187.80,187.80,25,2075
20201027,10:28,192.30,192.30,192.30,192.30,25,2075
20201027,10:29,200.00,200.05,198.75,198.75,275,2050
20201027,10:31,200.20,200.20,200.20,200.20,25,2050
20201027,10:32,200.20,200.20,200.20,200.20,25,2050
20201027,10:33,195.75,195.75,195.75,195.75,25,2075
20201027,10:34,195.70,195.70,195.70,195.70,50,2075
20201027,10:36,197.25,197.25,197.25,197.25,25,2100
20201027,10:37,197.90,197.90,197.90,197.90,25,2100
20201027,10:40,206.10,206.10,206.10,206.10,25,2125
20201027,10:41,206.10,206.10,206.10,206.10,25,2125
20201027,10:45,208.85,208.85,208.85,208.85,25,2175
20201027,10:46,208.85,208.85,208.85,208.85,25,2175
20201027,10:47,207.20,207.20,207.20,207.20,25,2200
20201027,10:48,213.10,213.10,213.10,213.10,175,2200
20201027,10:49,215.20,215.20,215.20,215.20,25,2200
20201027,10:50,215.20,215.20,211.00,211.00,175,2175
20201027,10:52,210.35,210.35,210.35,210.35,25,2175
20201027,10:53,210.30,211.95,210.30,210.40,175,2200
20201027,10:54,210.35,210.35,208.40,208.40,50,2200
20201027,10:55,211.80,211.90,211.80,211.90,100,2200
20201027,10:56,210.30,210.30,210.30,210.30,50,2425
20201027,10:57,207.70,207.70,207.70,207.70,100,2425
20201027,10:58,204.85,204.85,204.25,204.25,50,2425
20201027,11:00,201.60,201.60,201.60,201.60,75,2575
20201027,11:02,203.90,203.90,203.90,203.90,25,2575
20201027,11:03,199.70,199.70,192.40,192.40,225,2625
20201027,11:05,198.95,198.95,198.95,198.95,25,2625
20201027,11:06,193.75,193.75,193.75,193.75,25,2850
20201027,11:09,196.60,196.60,196.60,196.60,25,2875
20201027,11:13,198.10,198.10,196.10,196.10,50,2850
20201027,11:16,195.00,195.00,190.15,190.15,100,2750
20201027,11:17,194.20,194.90,194.20,194.90,50,2750
20201027,11:18,195.60,195.60,195.60,195.60,25,2825
20201027,11:27,190.50,190.50,190.50,190.50,25,2850
20201027,11:30,181.65,181.65,181.65,181.65,25,2825
20201027,11:31,182.95,182.95,182.95,182.95,25,2825
20201027,11:32,184.35,184.35,184.35,184.35,25,2825
20201027,11:39,188.50,188.50,188.50,188.50,25,2825
20201027,11:41,203.35,203.35,203.35,203.35,25,2825
20201027,11:43,211.30,211.30,211.30,211.30,25,2825
20201027,11:44,212.20,212.20,207.80,207.80,100,2825
20201027,11:45,217.35,217.35,212.05,212.05,200,2850
20201027,11:47,217.00,217.00,217.00,217.00,25,2850
20201027,11:49,216.15,216.15,216.15,216.15,25,2875
20201027,11:51,212.65,212.65,212.65,212.65,50,2800
20201027,11:53,220.95,220.95,220.95,220.95,175,2775
20201027,11:54,222.70,222.70,222.70,222.70,25,2775
20201027,11:55,222.70,222.70,222.70,222.70,50,2775
20201027,11:56,218.95,218.95,217.90,217.90,100,2775
20201027,11:57,216.35,221.85,216.35,221.85,250,2775
20201027,11:58,222.65,222.65,222.65,222.65,50,2775
20201027,11:59,222.95,222.95,222.95,222.95,75,2775
20201027,12:00,217.00,217.00,215.30,215.30,250,2600
20201027,12:06,218.50,223.00,218.50,223.00,125,2625
20201027,12:07,223.00,223.00,223.00,223.00,25,2625
20201027,12:08,222.00,228.00,222.00,228.00,100,2500
20201027,12:09,228.00,228.00,228.00,228.00,25,2500
20201027,12:11,222.40,222.40,222.40,222.40,50,2500
20201027,12:12,222.00,223.15,222.00,223.15,75,2425
20201027,12:16,221.45,221.45,221.45,221.45,25,2425
20201027,12:17,223.15,223.15,223.15,223.15,125,2425
20201027,12:18,221.00,221.00,221.00,221.00,50,2325
20201027,12:19,220.50,220.50,220.50,220.50,25,2325
20201027,12:20,219.20,219.20,219.20,219.20,25,2325
20201027,12:21,220.35,220.35,220.35,220.35,75,2325
20201027,12:25,220.60,220.60,220.60,220.60,25,2350
20201027,12:27,224.40,224.40,224.40,224.40,50,2325
20201027,12:28,221.25,221.25,221.25,221.25,25,2325
20201027,12:32,212.50,212.50,212.50,212.50,25,2300
20201027,12:33,220.00,220.00,220.00,220.00,50,2275
20201027,12:36,217.10,217.10,217.10,217.10,50,2275
20201027,12:39,215.05,215.05,215.05,215.05,25,2275
20201027,12:40,215.05,215.05,215.05,215.05,125,2275
20201027,12:44,215.15,215.15,215.15,215.15,75,2350
20201027,12:53,215.40,215.40,215.40,215.40,50,2400
20201027,12:56,220.00,220.00,220.00,220.00,75,2350
20201027,12:58,212.60,212.60,212.60,212.60,50,2275
20201027,12:59,215.30,215.30,215.30,215.30,25,2275
20201027,13:01,207.20,207.20,203.05,203.05,100,2275
20201027,13:06,206.90,212.00,206.90,212.00,100,2300
20201027,13:09,233.30,233.30,227.85,227.85,250,2375
20201027,13:10,226.50,249.70,226.50,249.70,200,2375
20201027,13:11,233.45,233.45,233.45,233.45,25,2375
20201027,13:13,240.75,240.75,240.75,240.75,25,2650
20201027,13:15,243.60,250.00,243.60,250.00,100,2625
20201027,13:17,252.55,252.55,252.55,252.55,50,2625
20201027,13:18,252.55,252.55,249.35,249.35,50,2750
20201027,13:19,244.75,244.75,244.45,244.45,100,2750
20201027,13:20,244.25,244.25,244.25,244.25,50,2750
20201027,13:21,241.20,241.20,241.20,241.20,25,2850
20201027,13:22,246.55,246.55,246.55,246.55,25,2850
20201027,13:24,247.05,247.05,247.05,247.05,25,2850
20201027,13:30,254.50,254.50,254.50,254.50,50,2825
20201027,13:32,254.50,254.50,254.50,254.50,25,2825
20201027,13:33,244.70,244.70,244.70,244.70,25,2825
20201027,13:36,248.60,248.60,248.60,248.60,50,2800
20201027,13:37,246.30,246.30,246.30,246.30,50,2800
20201027,13:38,254.50,254.50,254.50,254.50,25,2800
20201027,13:40,244.00,244.00,244.00,244.00,25,2800
20201027,13:41,240.25,240.25,240.25,240.25,25,2800
20201027,13:43,240.00,240.00,240.00,240.00,25,2800
20201027,13:44,240.85,240.85,240.85,240.85,25,2800
20201027,13:49,247.15,247.15,247.15,247.15,25,2825
20201027,13:51,244.95,244.95,244.95,244.95,25,2850
20201027,13:57,235.00,235.00,235.00,235.00,25,2875
20201027,13:58,227.60,230.30,227.60,230.30,75,2875
20201027,13:59,231.30,231.30,231.30,231.30,25,2875
20201027,14:00,240.00,240.00,240.00,240.00,50,2975
20201027,14:02,250.75,250.75,249.30,249.30,75,2975
20201027,14:03,252.20,252.20,252.20,252.20,25,3075
20201027,14:04,252.20,252.20,252.20,252.20,75,3075
20201027,14:05,250.05,250.05,250.05,250.05,50,3075
20201027,14:11,250.05,250.05,250.05,250.05,150,3100
20201027,14:14,251.00,251.00,251.00,251.00,25,3125
20201027,14:15,248.50,248.50,248.50,248.50,25,3150
20201027,14:16,249.35,249.35,249.35,249.35,25,3150
20201027,14:17,252.55,252.55,252.55,252.55,50,3150
20201027,14:18,253.40,253.40,253.40,253.40,25,3200
20201027,14:21,256.15,256.15,256.15,256.15,25,3200
20201027,14:22,270.00,270.00,270.00,270.00,50,3250
20201027,14:25,270.00,270.00,270.00,270.00,25,3250
20201027,14:26,260.00,260.00,256.75,256.75,50,3250
20201027,14:27,259.95,259.95,259.95,259.95,25,3250
20201027,14:29,255.00,255.00,255.00,255.00,50,3250
20201027,14:32,280.00,280.00,280.00,280.00,75,3225
20201027,14:33,281.20,281.25,280.55,281.25,325,3200
20201027,14:35,281.25,281.25,281.25,281.25,25,3200
20201027,14:38,279.90,279.90,276.15,276.15,50,3250
20201027,14:41,279.35,280.75,279.35,280.75,50,3250
20201027,14:42,282.10,282.10,277.80,277.80,100,3300
20201027,14:43,278.35,278.35,269.85,269.85,50,3300
20201027,14:46,269.85,269.85,269.85,269.85,25,3350
20201027,14:47,266.75,266.75,266.75,266.75,50,3350
20201027,14:48,270.50,270.50,270.50,270.50,25,3350
20201027,14:49,277.80,277.80,277.80,277.80,50,3350
20201027,14:50,277.60,277.60,274.35,274.35,125,3350
20201027,14:51,268.00,270.50,268.00,270.50,100,3500
20201027,14:53,268.35,269.00,268.35,269.00,75,3500
20201027,14:56,278.45,283.60,278.45,281.95,400,3550
20201027,14:57,287.00,287.00,287.00,287.00,75,3725
20201027,14:59,281.10,281.10,281.10,281.10,25,3725
20201027,15:00,280.55,281.00,280.55,281.00,100,3625
20201027,15:01,279.75,279.75,279.75,279.75,25,3625
20201027,15:02,278.10,281.30,278.10,281.30,50,3625
20201027,15:03,280.30,280.30,280.30,280.30,25,3600
20201027,15:04,293.90,293.90,293.90,293.90,75,3600
20201027,15:05,271.35,272.00,271.10,271.10,125,3600
20201027,15:07,274.60,274.60,274.60,274.60,50,3575
20201027,15:08,271.10,271.10,270.75,270.75,75,3575
20201027,15:11,276.95,279.95,276.95,279.95,150,3550
20201027,15:12,280.85,280.85,279.45,279.50,250,3325
20201027,15:13,279.60,280.25,278.40,278.40,125,3325
20201027,15:14,278.85,278.85,278.85,278.85,50,3325
20201027,15:15,279.15,279.15,279.15,279.15,75,3200
20201027,15:16,279.40,279.40,272.80,272.80,100,3200
20201027,15:17,270.00,273.70,270.00,273.70,100,3200
20201027,15:18,272.70,272.70,272.45,272.45,75,3125
20201027,15:19,272.00,272.00,272.00,272.00,25,3125
20201027,15:20,271.20,275.85,271.20,275.30,350,3125
20201027,15:21,277.70,284.95,277.70,284.95,575,2725
20201027,15:22,281.95,281.95,281.95,281.95,25,2725
20201027,15:23,282.20,282.20,281.30,281.30,550,2725
20201027,15:24,280.80,280.80,280.00,280.00,50,1975
20201027,15:25,280.45,281.55,280.45,281.55,75,1975
20201027,15:27,278.05,278.95,278.05,278.95,250,1975
20201027,15:29,278.95,278.95,278.95,278.95,75,1925
20201028,09:15,240.00,240.00,240.00,240.00,26,2150
20201028,09:18,247.80,247.80,247.80,247.80,25,2150
20201028,09:20,247.80,254.95,247.80,254.95,50,2150
20201028,09:21,254.95,254.95,224.75,238.80,1700,2150
20201028,09:22,249.55,252.60,249.55,252.00,150,2150
20201028,09:23,250.40,250.40,244.45,244.45,200,2925
20201028,09:24,249.55,249.55,249.55,249.55,75,2925
20201028,09:25,254.45,292.15,254.45,279.05,250,2925
20201028,09:27,272.00,272.00,272.00,272.00,25,3050
20201028,09:28,272.00,284.95,272.00,284.95,125,3050
20201028,09:29,287.35,287.35,287.35,287.35,25,3075
20201028,09:30,279.50,279.50,275.30,275.30,50,3075
20201028,09:31,283.15,283.15,275.00,278.95,250,3075
20201028,09:32,285.00,285.00,284.15,284.15,75,2950
20201028,09:33,285.55,285.55,285.55,285.55,25,2950
20201028,09:34,285.15,285.15,274.60,274.60,100,2950
20201028,09:35,274.10,274.10,267.00,267.00,100,3050
20201028,09:36,265.45,265.45,265.45,265.45,25,3050
20201028,09:37,265.85,265.85,265.85,265.85,25,3050
20201028,09:40,255.25,255.25,255.25,255.25,25,3000
20201028,09:41,264.80,264.80,264.80,264.80,25,3000
20201028,09:43,255.55,262.95,242.90,248.05,125,3000
20201028,09:44,246.05,246.05,246.05,246.05,25,3050
20201028,09:47,254.45,254.45,254.45,254.45,50,3050
20201028,09:48,253.00,253.00,250.00,250.00,125,3050
20201028,09:50,252.50,252.50,250.00,250.00,50,3050
20201028,09:51,256.40,256.40,255.25,255.25,275,3025
20201028,09:55,245.55,245.55,245.55,245.55,50,2875
20201028,09:56,243.20,243.20,235.25,235.25,175,2875
20201028,09:57,237.35,237.35,230.40,230.40,150,2875
20201028,09:58,229.25,229.25,229.00,229.00,50,2875
20201028,09:59,228.20,232.05,228.20,232.05,50,2850
20201028,10:00,225.55,225.55,225.10,225.10,125,2850
20201028,10:01,218.35,218.35,218.35,218.35,25,2850
20201028,10:02,214.25,218.60,214.25,218.60,75,2950
20201028,10:03,216.35,216.35,213.65,213.65,50,2950
20201028,10:04,209.65,209.65,209.65,209.65,50,2950
20201028,10:07,221.45,228.00,221.45,228.00,125,2975
20201028,10:11,227.70,227.70,227.70,227.70,25,3050
20201028,10:12,230.00,233.40,230.00,233.40,125,3050
20201028,10:13,234.40,234.40,234.40,234.40,25,3050
20201028,10:15,239.85,239.85,239.45,239.45,50,3050
20201028,10:16,238.45,238.45,238.45,238.45,25,3050
20201028,10:17,241.05,241.05,241.05,241.05,75,3050
20201028,10:18,237.80,237.80,235.45,235.45,50,3050
20201028,10:19,233.55,233.55,233.55,233.55,25,3050
20201028,10:20,228.30,228.30,228.30,228.30,25,3125
20201028,10:22,222.75,222.75,222.75,222.75,25,3125
20201028,10:23,223.25,223.25,223.25,223.25,25,3125
20201028,10:24,223.05,223.05,223.05,223.05,25,3125
20201028,10:26,223.90,223.90,223.90,223.90,25,3125
20201028,10:27,229.35,229.35,223.15,223.15,200,3125
20201028,10:28,222.15,222.95,221.30,221.30,450,3125
20201028,10:29,227.00,227.00,227.00,227.00,25,3125
20201028,10:31,227.00,227.00,227.00,227.00,75,3100
20201028,10:34,227.10,227.10,227.10,227.10,25,3100
20201028,10:35,226.50,226.50,225.80,225.80,50,3100
20201028,10:36,215.90,218.05,210.00,214.20,325,3100
20201028,10:37,214.00,217.80,214.00,215.40,75,3100
20201028,10:38,212.00,213.70,212.00,213.70,75,3100
20201028,10:39,217.55,220.80,217.55,220.80,50,3075
20201028,10:41,217.30,220.85,217.30,220.85,75,3100
20201028,10:43,219.00,219.00,219.00,219.00,25,3100
20201028,10:44,221.80,221.80,215.35,215.35,75,3075
20201028,10:45,217.35,217.35,191.70,191.70,200,3075
20201028,10:46,206.50,206.50,206.50,206.50,25,3075
20201028,10:47,205.15,205.15,205.15,205.15,50,3075
20201028,10:48,212.25,212.25,212.25,212.25,25,3200
20201028,10:49,213.75,213.75,213.75,213.75,25,3200
20201028,10:50,211.80,211.80,210.00,210.00,100,3200
20201028,10:52,210.00,210.00,210.00,210.00,50,3200
20201028,10:53,214.80,215.30,214.80,215.30,75,3200
20201028,10:55,215.90,220.60,215.90,220.60,75,3300
20201028,10:57,220.00,220.00,220.00,220.00,75,3350
20201028,10:59,215.00,215.00,215.00,215.00,25,3350
20201028,11:04,222.05,222.05,220.00,220.00,100,3350
20201028,11:05,215.85,215.85,215.85,215.85,25,3350
20201028,11:06,219.10,219.10,219.10,219.10,25,3375
20201028,11:08,216.75,216.75,216.75,216.75,25,3425
20201028,11:14,218.60,218.60,218.60,218.60,25,3425
20201028,11:17,220.85,220.85,220.15,220.55,100,3450
20201028,11:18,220.90,220.90,220.90,220.90,175,3450
20201028,11:19,220.35,220.35,220.35,220.35,25,3450
20201028,11:21,220.95,220.95,220.95,220.95,25,3175
20201028,11:24,226.65,226.65,219.80,219.80,175,3200
20201028,11:25,220.50,220.50,220.50,220.50,25,3200
20201028,11:26,218.40,218.40,218.40,218.40,25,3200
20201028,11:27,218.70,218.70,218.70,218.70,25,3275
20201028,11:28,217.45,217.45,217.45,217.45,125,3275
20201028,11:30,226.00,231.25,226.00,231.25,50,3200
20201028,11:31,230.55,230.55,225.65,225.65,550,3200
20201028,11:32,225.50,226.45,225.50,226.45,50,3200
20201028,11:33,226.25,226.25,226.25,226.25,25,3275
20201028,11:34,226.15,226.15,226.15,226.15,225,3275
20201028,11:35,224.05,224.95,223.70,224.95,75,3275
20201028,11:37,226.85,226.85,226.85,226.85,25,3175
20201028,11:38,224.35,224.35,224.35,224.35,25,3175
20201028,11:39,223.90,226.10,223.10,223.10,100,3175
20201028,11:41,222.55,222.55,222.55,222.55,25,3175
20201028,11:42,217.95,220.05,217.45,220.05,100,3150
20201028,11:43,220.40,220.40,217.75,217.75,150,3150
20201028,11:44,215.05,215.05,215.05,215.05,50,3150
20201028,11:45,212.90,215.10,212.90,215.10,75,3075
20201028,11:46,216.85,216.85,216.85,216.85,25,3075
20201028,11:47,218.00,218.00,218.00,218.00,50,3075
20201028,11:48,221.30,221.30,221.30,221.30,25,3100
20201028,11:49,220.65,222.10,220.65,222.00,75,3100
20201028,11:50,223.90,223.90,223.90,223.90,25,3100
20201028,11:52,222.20,222.20,222.20,222.20,25,3150
20201028,11:54,220.25,220.25,219.65,219.65,50,3125
20201028,11:55,219.55,219.55,219.55,219.55,25,3125
20201028,11:56,217.40,220.40,217.40,220.40,50,3050
20201028,11:59,224.20,225.75,224.20,225.75,75,3050
20201028,12:00,229.70,235.00,229.70,235.00,50,3025
20201028,12:01,229.70,229.85,229.70,229.85,75,3025
20201028,12:03,226.35,226.35,226.35,226.35,25,3000
20201028,12:04,224.15,224.15,224.15,224.15,50,3000
20201028,12:07,223.30,223.30,223.30,223.30,25,3050
20201028,12:11,226.95,226.95,226.95,226.95,25,3000
20201028,12:13,225.00,225.00,223.75,223.75,75,3025
20201028,12:15,221.50,221.50,221.50,221.50,25,3025
20201028,12:17,227.00,227.00,227.00,227.00,50,3025
20201028,12:18,229.80,236.35,229.80,236.35,100,2975
20201028,12:19,230.30,230.30,230.30,230.30,250,2975
20201028,12:21,236.65,236.65,236.65,236.65,25,2725
20201028,12:22,228.60,228.60,228.60,228.60,50,2725
20201028,12:23,225.85,225.85,217.00,217.00,150,2600
20201028,12:25,221.05,221.05,218.55,218.55,75,2600
20201028,12:26,215.05,216.20,200.00,202.40,300,2600
20201028,12:27,206.00,206.00,194.40,194.40,250,2700
20201028,12:28,193.35,193.35,190.00,190.00,75,2700
20201028,12:29,189.45,192.00,189.45,192.00,150,2700
20201028,12:30,181.55,182.25,175.20,180.35,400,2875
20201028,12:31,181.00,183.45,178.85,178.85,225,2875
20201028,12:32,178.95,178.95,178.95,178.95,25,2875
20201028,12:33,184.85,184.85,183.95,183.95,75,2775
20201028,12:35,153.50,179.15,153.50,179.15,250,2775
20201028,12:36,181.55,181.55,180.45,180.45,50,2850
20201028,12:37,175.70,175.70,170.00,170.00,50,2850
20201028,12:38,170.45,170.45,166.80,166.80,100,2850
20201028,12:39,163.35,163.35,163.35,163.35,50,2850
20201028,12:40,167.50,167.50,167.50,167.50,75,2850
20201028,12:41,169.85,169.85,166.85,166.85,225,2850
20201028,12:42,169.30,169.30,169.30,169.30,50,2750
20201028,12:43,173.05,173.05,170.00,170.00,75,2750
20201028,12:44,170.00,170.00,170.00,170.00,25,2750
20201028,12:45,164.00,165.90,164.00,165.90,175,2750
20201028,12:46,168.85,169.65,168.85,169.05,150,2750
20201028,12:47,169.40,169.40,169.40,169.40,25,2750
20201028,12:48,164.65,164.65,164.65,164.65,25,2750
20201028,12:49,166.00,166.00,161.20,163.50,125,2750
20201028,12:50,163.55,163.55,155.95,155.95,475,2750
20201028,12:51,157.00,157.00,152.15,152.15,150,2775
20201028,12:52,152.15,156.40,152.15,156.40,100,2775
20201028,12:53,156.00,158.45,156.00,158.45,50,2775
20201028,12:54,158.45,158.45,158.45,158.45,150,2800
20201028,12:55,170.75,170.75,164.65,164.65,75,2800
20201028,12:56,162.95,168.55,162.95,168.55,100,2800
20201028,12:57,167.10,167.95,164.10,164.10,75,2650
20201028,12:58,166.80,169.15,166.80,169.15,125,2650
20201028,12:59,165.60,168.55,165.60,168.55,125,2650
20201028,13:00,167.60,167.60,166.20,167.45,125,2650
20201028,13:01,169.45,169.45,169.45,169.45,25,2650
20201028,13:03,169.45,171.25,169.45,171.25,75,2625
20201028,13:04,171.00,171.00,170.55,170.55,75,2625
20201028,13:05,169.30,169.30,168.20,168.20,75,2625
20201028,13:07,170.00,170.00,165.90,165.90,100,2650
20201028,13:08,162.85,165.85,162.85,165.85,100,2650
20201028,13:09,163.55,163.55,163.00,163.00,75,2700
20201028,13:12,167.40,167.40,167.40,167.40,25,2725
20201028,13:13,169.20,169.35,167.25,167.30,200,2725
20201028,13:14,168.15,168.15,168.15,168.15,25,2725
20201028,13:15,171.40,171.40,171.40,171.40,25,2775
20201028,13:16,170.00,172.00,170.00,171.95,175,2775
20201028,13:17,171.95,173.90,171.95,173.90,250,2775
20201028,13:18,172.75,172.75,172.75,172.75,75,2875
20201028,13:20,176.60,176.60,176.60,176.60,25,2875
20201028,13:21,174.75,174.75,174.75,174.75,50,2900
20201028,13:22,176.60,176.60,176.60,176.60,25,2900
20201028,13:23,179.60,189.70,178.30,178.30,225,2900
20201028,13:24,172.55,172.55,172.55,172.55,25,2775
20201028,13:25,173.60,174.25,173.60,174.25,50,2775
20201028,13:26,173.80,173.80,167.00,167.00,75,2775
20201028,13:27,164.65,164.65,162.40,162.80,225,2875
20201028,13:28,161.45,163.50,161.45,163.50,100,2875
20201028,13:30,170.00,172.30,170.00,172.30,225,2950
20201028,13:31,172.10,172.10,172.10,172.10,25,2950
20201028,13:32,170.90,170.90,170.90,170.90,125,2950
20201028,13:36,178.45,178.45,171.35,171.35,100,3050
20201028,13:39,163.85,163.85,163.85,163.85,25,3050
20201028,13:40,165.25,165.25,165.25,165.25,25,2875
20201028,13:42,158.05,158.05,158.05,158.05,50,2900
20201028,13:43,153.45,153.45,153.45,153.45,100,2900
20201028,13:44,153.50,156.25,153.50,156.25,50,2900
20201028,13:46,158.20,159.90,157.55,157.85,100,2950
20201028,13:47,157.60,159.35,157.60,159.35,50,2950
20201028,13:48,159.60,160.60,159.60,160.60,50,2950
20201028,13:49,164.50,164.50,160.75,160.75,100,2950
20201028,13:50,160.75,160.75,160.75,160.75,50,2950
20201028,13:51,160.10,160.10,160.10,160.10,50,2950
20201028,13:52,159.25,159.25,159.25,159.25,50,3100
20201028,13:53,160.70,160.70,157.00,157.00,50,3100
20201028,13:54,156.25,159.20,156.25,157.85,125,3125
20201028,13:56,156.45,156.45,153.10,153.10,75,3125
20201028,13:57,154.80,154.80,154.80,154.80,75,3150
20201028,13:58,155.00,155.00,154.60,154.60,125,3150
20201028,13:59,152.75,152.75,152.75,152.75,25,3150
20201028,14:01,150.00,152.25,150.00,150.80,350,3125
20201028,14:02,149.30,149.30,148.95,148.95,75,3125
20201028,14:03,147.00,148.60,147.00,148.60,75,3175
20201028,14:05,144.05,150.95,144.05,150.95,175,3175
20201028,14:06,148.90,148.95,148.90,148.95,100,3175
20201028,14:07,150.65,150.65,150.65,150.65,25,3175
20201028,14:08,150.90,150.90,150.90,150.90,50,3175
20201028,14:09,153.90,153.90,153.90,153.90,25,3200
20201028,14:10,152.45,152.45,150.50,150.50,50,3200
20201028,14:11,154.30,156.60,154.30,156.60,475,3200
20201028,14:12,155.75,155.75,152.70,153.20,325,3475
20201028,14:13,153.95,161.35,153.95,161.35,125,3475
20201028,14:14,161.35,165.00,158.35,158.35,125,3475
20201028,14:15,158.80,158.80,158.80,158.80,25,3650
20201028,14:16,158.70,158.70,158.50,158.50,50,3650
20201028,14:17,159.05,159.05,157.90,157.90,50,3650
20201028,14:20,166.70,166.70,164.95,164.95,50,3550
20201028,14:22,160.90,160.90,160.90,160.90,25,3550
20201028,14:23,160.60,160.60,160.60,160.60,25,3550
20201028,14:24,164.60,164.60,164.60,164.60,100,3550
20201028,14:25,158.70,158.70,158.70,158.70,100,3575
20201028,14:26,164.40,164.40,164.40,164.40,25,3575
20201028,14:27,166.40,166.40,166.40,166.40,25,3575
20201028,14:28,168.50,168.85,168.50,168.85,50,3550
20201028,14:29,170.75,171.75,170.75,171.75,50,3550
20201028,14:30,169.55,169.55,169.55,169.55,25,3550
20201028,14:32,166.05,166.05,166.05,166.05,25,3575
20201028,14:33,158.25,158.25,155.00,155.00,75,3525
20201028,14:36,156.70,156.70,156.70,156.70,25,3525
20201028,14:38,159.35,160.25,159.35,160.25,50,3525
20201028,14:39,163.10,163.10,160.00,160.00,100,3550
20201028,14:40,162.30,162.30,162.30,162.30,25,3550
20201028,14:41,164.00,165.00,164.00,165.00,75,3550
20201028,14:43,169.55,169.55,169.55,169.55,25,3625
20201028,14:44,168.85,168.85,167.00,167.40,75,3625
20201028,14:45,166.90,166.90,166.90,166.90,25,3650
20201028,14:46,165.20,165.20,165.20,165.20,25,3650
20201028,14:47,163.30,165.05,163.30,165.05,50,3650
20201028,14:48,168.15,182.05,168.15,182.05,100,3650
20201028,14:50,163.40,163.40,163.40,163.40,25,3650
20201028,14:52,164.95,164.95,163.20,163.20,50,3650
20201028,14:53,162.35,162.35,162.35,162.35,25,3650
20201028,14:54,160.00,160.70,155.00,160.70,375,3925
20201028,14:55,162.50,162.50,162.50,162.50,25,3925
20201028,14:57,163.15,163.15,163.15,163.15,25,3950
20201028,15:00,163.15,163.15,163.15,163.15,25,3950
20201028,15:01,160.60,160.60,160.60,160.60,50,3950
20201028,15:02,158.15,158.15,158.15,158.15,25,3950
20201028,15:03,156.45,156.45,156.45,156.45,25,3950
20201028,15:05,162.25,162.25,162.25,162.25,25,4000
20201028,15:06,160.75,161.05,160.00,161.05,75,4000
20201028,15:07,163.50,164.15,163.50,164.15,50,4000
20201028,15:08,163.00,163.00,163.00,163.00,50,4000
20201028,15:09,161.90,161.90,161.70,161.70,75,4100
20201028,15:11,162.15,162.15,160.00,160.00,75,4100
20201028,15:12,162.00,162.00,162.00,162.00,25,4150
20201028,15:13,162.10,162.10,160.00,160.00,50,4150
20201028,15:15,159.80,159.80,159.80,159.80,25,4200
20201028,15:16,158.20,158.20,158.15,158.15,100,4200
20201028,15:17,158.75,158.90,158.75,158.90,50,4200
20201028,15:18,160.00,160.00,159.00,159.00,100,4200
20201028,15:19,159.10,159.10,159.10,159.10,75,4275
20201028,15:20,160.35,160.35,160.35,160.35,50,4275
20201028,15:21,158.05,158.05,158.05,158.05,25,4275
20201028,15:23,159.30,159.30,159.30,159.30,25,4150
20201028,15:24,160.55,160.55,159.35,159.35,50,4125
20201028,15:25,160.20,160.20,158.35,158.35,50,4125
20201028,15:26,160.30,160.30,160.30,160.30,25,4125
20201028,15:27,160.25,160.25,160.25,160.25,50,4150
20201028,15:28,160.10,162.60,159.30,159.30,175,4150
20201029,09:15,150.00,150.00,97.00,130.25,126,4075
20201029,09:16,127.15,127.15,127.15,127.15,100,4075
20201029,09:17,117.10,117.10,116.20,116.20,100,4175
20201029,09:18,112.20,112.20,109.80,109.80,100,4175
20201029,09:19,110.75,110.75,110.55,110.60,250,4175
20201029,09:20,109.75,110.00,109.75,110.00,50,4175
20201029,09:21,114.70,152.55,114.70,118.60,500,4175
20201029,09:22,118.50,118.50,113.55,116.90,300,4175
20201029,09:23,114.60,119.35,114.60,119.35,250,4400
20201029,09:24,117.90,121.35,117.90,121.35,125,4400
20201029,09:25,121.55,128.30,121.55,123.40,375,4400
20201029,09:26,122.00,122.00,120.00,120.55,250,4475
20201029,09:27,116.00,119.15,116.00,119.15,50,4475
20201029,09:28,120.05,120.05,113.95,113.95,725,4475
20201029,09:29,113.80,113.80,113.80,113.80,25,4475
20201029,09:30,112.60,112.60,112.60,112.60,100,4300
20201029,09:31,111.00,111.00,111.00,111.00,25,4300
20201029,09:32,112.70,112.70,112.65,112.65,75,4300
20201029,09:33,114.40,114.40,114.40,114.40,50,4425
20201029,09:34,113.65,118.25,113.65,118.25,600,4425
20201029,09:35,118.30,118.30,118.30,118.30,425,4550
20201029,09:36,120.85,124.30,120.85,124.30,150,4550
20201029,09:37,121.20,123.45,121.20,121.95,625,4550
20201029,09:38,126.35,126.55,121.90,126.55,425,5100
20201029,09:39,128.00,128.00,128.00,128.00,25,5100
20201029,09:40,127.35,127.35,127.35,127.35,75,5100
20201029,09:41,129.60,134.10,129.60,134.10,475,5225
20201029,09:42,132.55,132.55,126.00,126.00,75,5225
20201029,09:43,127.60,128.70,127.15,128.70,200,5225
20201029,09:44,125.40,130.00,125.40,129.80,350,5550
20201029,09:45,129.85,129.85,129.85,129.85,25,5550
20201029,09:46,127.95,127.95,125.40,125.40,50,5550
20201029,09:47,127.75,131.80,127.75,131.80,75,5675
20201029,09:48,133.20,133.20,133.20,133.20,50,5675
20201029,09:49,135.70,135.70,131.65,131.65,275,5675
20201029,09:50,132.00,132.65,132.00,132.65,125,5675
20201029,09:51,133.65,133.65,133.65,133.65,25,5750
20201029,09:52,131.90,131.95,131.90,131.95,550,5750
20201029,09:53,133.90,135.35,133.70,133.70,75,6175
20201029,09:54,133.95,137.25,133.95,137.25,75,6175
20201029,09:55,132.95,132.95,128.25,128.95,200,6175
20201029,09:56,128.20,128.20,124.15,124.15,125,6200
20201029,09:57,128.15,128.15,128.15,128.15,50,6200
20201029,09:58,129.55,129.55,129.55,129.55,25,6200
20201029,09:59,130.15,134.40,130.15,134.35,125,6175
20201029,10:00,138.00,138.00,135.40,135.40,125,6175
20201029,10:01,133.60,133.60,133.60,133.60,25,6175
20201029,10:02,129.05,129.05,129.05,129.05,25,6175
20201029,10:03,125.45,127.00,125.00,127.00,175,6175
20201029,10:04,130.80,130.80,125.65,129.00,175,6175
20201029,10:05,126.70,128.00,126.70,128.00,50,6150
20201029,10:06,128.00,130.60,128.00,130.60,50,6150
20201029,10:07,130.35,130.35,130.35,130.35,50,6150
20201029,10:09,131.00,131.00,130.70,130.70,50,6075
20201029,10:10,132.75,132.75,132.75,132.75,25,6075
20201029,10:11,133.00,135.95,131.20,135.95,1200,6425
20201029,10:13,134.85,134.85,134.85,134.85,50,6425
20201029,10:16,134.00,134.00,134.00,134.00,25,7225
20201029,10:18,131.65,131.65,128.85,128.85,75,7200
20201029,10:19,123.85,123.85,123.85,123.85,25,7200
20201029,10:20,119.00,124.00,118.00,118.00,225,7200
20201029,10:21,115.00,120.55,115.00,117.60,175,7200
20201029,10:22,118.05,118.05,116.20,116.20,125,7200
20201029,10:23,117.55,121.00,117.55,121.00,75,7050
20201029,10:24,121.25,122.15,120.85,122.15,75,7050
20201029,10:25,121.35,121.35,121.35,121.35,100,7050
20201029,10:28,118.05,118.05,118.05,118.05,25,7175
20201029,10:30,119.45,119.45,116.30,116.30,75,7175
20201029,10:32,119.50,119.50,119.50,119.50,50,7175
20201029,10:33,116.05,116.05,116.05,116.05,25,7175
20201029,10:34,117.45,117.45,116.00,116.00,350,7175
20201029,10:35,110.00,110.00,94.40,94.40,275,7200
20201029,10:36,94.40,94.40,94.40,94.40,75,7200
20201029,10:37,109.45,112.65,109.45,112.65,50,7200
20201029,10:38,116.40,116.40,116.40,116.40,25,7275
20201029,10:39,115.10,116.10,114.00,116.10,125,7275
20201029,10:41,115.50,115.50,115.50,115.50,25,7275
20201029,10:45,116.15,116.15,116.15,116.15,25,7325
20201029,10:48,116.00,116.00,116.00,116.00,25,7325
20201029,10:49,116.20,116.80,116.20,116.80,75,7325
20201029,10:50,116.15,116.15,114.95,114.95,125,7300
20201029,10:51,112.45,112.45,112.45,112.45,50,7300
20201029,10:52,113.55,113.55,113.55,113.55,50,7300
20201029,10:53,112.45,112.45,109.35,109.35,175,6850
20201029,10:54,110.75,111.30,110.75,111.30,75,6850
20201029,10:55,108.70,109.25,107.55,109.25,150,6850
20201029,10:56,111.45,111.45,108.90,108.90,125,6850
20201029,10:57,110.35,110.35,110.35,110.35,200,6725
20201029,10:58,112.25,112.25,111.45,111.80,275,6725
20201029,10:59,114.50,114.50,111.20,111.20,525,6975
20201029,11:00,111.85,111.85,111.85,111.85,25,6975
20201029,11:02,111.60,112.20,111.60,112.00,800,7000
20201029,11:03,111.20,112.80,111.20,112.80,50,7000
20201029,11:04,115.00,115.60,113.00,113.00,100,7000
20201029,11:05,114.85,114.85,114.85,114.85,75,7000
20201029,11:06,117.05,117.05,113.60,114.70,150,6875
20201029,11:07,113.95,113.95,113.95,113.95,25,6875
20201029,11:08,113.85,113.85,113.85,113.85,25,6825
20201029,11:10,113.20,113.95,111.80,111.80,225,6825
20201029,11:11,111.00,111.00,111.00,111.00,300,6825
20201029,11:13,110.50,112.95,110.50,112.50,450,7000
20201029,11:14,112.40,112.40,112.40,112.40,25,6800
20201029,11:15,111.65,111.65,111.65,111.65,25,6800
20201029,11:16,111.15,111.15,111.15,111.15,25,6800
20201029,11:17,110.20,110.25,110.20,110.25,50,6800
20201029,11:18,109.20,111.05,109.20,111.05,50,6800
20201029,11:20,109.80,110.30,109.80,110.30,50,6850
20201029,11:21,110.55,111.40,110.55,111.40,75,6850
20201029,11:22,111.20,111.20,111.20,111.20,75,6850
20201029,11:23,110.00,110.00,110.00,110.00,150,6850
20201029,11:25,110.00,111.75,110.00,111.75,125,6850
20201029,11:26,110.10,110.10,110.10,110.10,25,6950
20201029,11:27,111.85,111.85,111.85,111.85,25,6950
20201029,11:28,109.15,109.15,109.15,109.15,125,6950
20201029,11:29,109.75,110.35,109.70,110.35,100,6950
20201029,11:30,112.60,112.60,110.00,110.00,75,6975
20201029,11:32,109.55,109.55,109.55,109.55,25,6975
20201029,11:33,106.45,106.45,106.45,106.45,75,6950
20201029,11:34,107.15,108.00,106.75,108.00,750,6950
20201029,11:35,105.95,107.25,105.00,107.25,525,6950
20201029,11:36,106.10,106.10,106.10,106.10,125,7600
20201029,11:37,106.90,106.90,106.90,106.90,25,7600
20201029,11:39,108.10,108.10,108.10,108.10,25,7575
20201029,11:40,108.00,108.00,108.00,108.00,250,7575
20201029,11:41,110.20,110.20,108.75,108.75,100,7575
20201029,11:45,109.95,109.95,108.90,109.50,150,7825
20201029,11:46,107.30,108.85,106.95,108.85,125,7825
20201029,11:47,108.55,108.55,107.50,107.50,125,7900
20201029,11:48,108.45,108.45,108.45,108.45,25,7900
20201029,11:49,112.65,115.10,112.65,115.10,150,7900
20201029,11:50,126.00,126.00,117.90,118.75,350,7375
20201029,11:51,114.10,117.45,114.10,117.45,50,7375
20201029,11:52,118.75,118.85,118.00,118.00,225,7375
20201029,11:53,118.60,122.70,118.60,122.70,50,7375
20201029,11:54,122.05,125.35,121.60,125.35,125,7300
20201029,11:55,130.00,131.95,124.10,124.10,100,7300
20201029,11:56,124.25,126.20,124.25,126.20,100,7300
20201029,11:57,126.50,126.50,126.50,126.50,25,7300
20201029,11:58,126.10,126.10,126.10,126.10,50,7300
20201029,11:59,125.10,125.10,125.10,125.10,25,7300
20201029,12:00,127.20,137.00,127.20,137.00,125,7000
20201029,12:01,131.20,142.45,131.20,138.60,300,7000
20201029,12:02,138.85,141.45,138.85,139.30,250,7000
20201029,12:03,142.55,143.75,139.40,139.40,225,7200
20201029,12:04,136.45,136.50,136.45,136.50,125,7200
20201029,12:05,137.05,140.10,136.90,137.85,125,7200
20201029,12:06,138.35,138.90,138.00,138.00,125,7300
20201029,12:07,139.10,139.10,138.40,138.40,50,7300
20201029,12:08,140.25,140.60,140.25,140.60,100,7300
20201029,12:09,138.30,138.30,133.00,135.40,175,7425
20201029,12:10,138.20,141.00,138.20,141.00,50,7425
20201029,12:11,141.00,141.00,140.00,140.00,75,7425
20201029,12:12,140.75,140.75,140.75,140.75,25,7475
20201029,12:13,139.45,140.00,136.90,140.00,100,7475
20201029,12:14,136.20,136.20,135.65,135.65,75,7475
20201029,12:15,136.50,137.10,133.30,133.30,325,7575
20201029,12:16,135.25,135.25,132.00,132.00,125,7575
20201029,12:17,130.70,132.05,130.30,132.05,200,7650
20201029,12:18,132.00,134.80,131.10,134.80,100,7650
20201029,12:19,132.40,132.40,132.40,132.40,25,7650
20201029,12:22,132.00,132.00,132.00,132.00,50,7650
20201029,12:24,133.05,133.05,133.05,133.05,25,7650
20201029,12:25,130.85,133.95,130.85,133.00,125,7650
20201029,12:27,133.05,133.05,131.70,131.70,75,7675
20201029,12:28,129.90,129.90,129.00,129.00,75,7675
20201029,12:30,127.35,127.35,126.00,126.00,50,7675
20201029,12:31,124.20,124.20,119.60,119.60,50,7675
20201029,12:32,121.60,121.60,120.50,120.50,100,7675
20201029,12:33,119.65,119.65,115.00,115.00,150,7650
20201029,12:34,113.60,115.00,113.60,115.00,625,7650
20201029,12:35,113.50,114.00,112.05,113.55,225,7975
20201029,12:36,115.45,118.00,115.45,117.00,975,7975
20201029,12:37,118.00,118.00,117.00,117.00,150,7975
20201029,12:38,118.00,118.00,118.00,118.00,200,7975
20201029,12:39,109.80,112.60,109.80,112.60,150,7700
20201029,12:43,111.20,112.00,110.80,112.00,75,7675
20201029,12:44,111.15,111.15,108.50,109.95,250,7675
20201029,12:45,109.10,109.30,107.55,109.25,225,7875
20201029,12:46,114.35,114.35,112.40,112.40,75,7875
20201029,12:47,112.90,113.45,112.90,112.90,75,7875
20201029,12:48,112.15,112.15,112.15,112.15,25,7850
20201029,12:50,107.75,109.55,107.75,109.55,125,7850
20201029,12:51,109.60,110.00,109.60,110.00,50,7825
20201029,12:52,113.05,113.05,111.60,112.65,100,7825
20201029,12:53,108.90,108.90,108.90,108.90,25,7825
20201029,12:55,109.00,109.00,108.30,108.30,50,7550
20201029,12:56,105.55,105.55,97.10,97.10,850,7550
20201029,12:57,102.70,104.15,102.70,104.15,75,7700
20201029,12:58,101.35,101.35,101.35,101.35,25,7700
20201029,12:59,100.50,103.65,98.75,103.65,250,7700
20201029,13:00,100.80,100.80,99.55,100.80,475,7650
20201029,13:01,101.25,103.65,100.00,100.00,375,7650
20201029,13:02,100.00,100.00,96.60,97.40,275,7650
20201029,13:03,95.40,96.65,92.20,92.25,450,8075
20201029,13:04,85.00,91.10,85.00,87.90,200,8075
20201029,13:05,85.55,87.70,82.30,87.60,400,8075
20201029,13:06,87.90,87.90,84.60,86.50,400,7950
20201029,13:07,86.50,88.00,85.85,88.00,475,7950
20201029,13:08,87.10,88.40,87.10,88.40,100,7950
20201029,13:09,86.85,87.35,86.85,87.30,125,7800
20201029,13:11,87.30,88.25,87.30,88.25,200,7800
20201029,13:12,87.00,87.00,85.00,85.00,125,7700
20201029,13:13,84.00,84.00,83.00,83.95,1150,7700
20201029,13:14,82.30,82.30,80.00,80.00,300,7700
20201029,13:15,80.00,83.50,79.95,79.95,300,6700
20201029,13:16,78.25,78.25,78.25,78.25,25,6700
20201029,13:17,78.25,80.85,78.25,79.55,75,6700
20201029,13:18,79.00,80.40,79.00,80.40,125,6700
20201029,13:19,80.80,81.00,79.40,80.15,275,6700
20201029,13:20,80.05,80.05,79.60,79.60,75,6700
20201029,13:21,79.60,81.75,79.60,81.00,175,6750
20201029,13:22,81.65,81.65,80.70,80.70,125,6750
20201029,13:23,81.00,81.00,81.00,81.00,50,6750
20201029,13:24,82.60,86.50,80.55,86.50,450,6825
20201029,13:25,83.90,83.90,82.55,82.55,125,6825
20201029,13:26,81.40,81.40,79.85,81.40,300,6825
20201029,13:27,81.60,82.25,80.35,80.35,225,7125
20201029,13:28,82.20,82.20,81.60,81.85,275,7125
20201029,13:29,80.90,81.95,80.90,81.30,525,7125
20201029,13:30,81.95,81.95,81.00,81.00,150,7525
20201029,13:31,83.65,85.25,82.00,85.25,200,7525
20201029,13:32,86.60,86.60,83.55,83.55,125,7525
20201029,13:33,86.85,86.85,85.85,86.55,125,7550
20201029,13:34,89.60,89.60,87.15,89.00,100,7550
20201029,13:35,89.60,89.95,84.25,84.25,250,7550
20201029,13:36,87.30,87.30,87.30,87.30,25,7525
20201029,13:37,83.70,83.70,83.70,83.70,50,7525
20201029,13:38,82.25,83.15,80.00,83.15,275,7525
20201029,13:39,83.50,83.50,82.00,82.00,250,7725
20201029,13:40,81.85,81.85,81.10,81.10,150,7725
20201029,13:41,80.55,82.55,80.00,80.00,225,7725
20201029,13:42,81.35,82.15,80.60,81.80,250,7750
20201029,13:43,80.20,81.55,80.20,80.45,200,7750
20201029,13:44,78.90,78.90,77.85,77.85,100,7750
20201029,13:45,77.15,77.15,76.25,76.25,100,7925
20201029,13:46,78.35,78.35,77.50,77.50,125,7925
20201029,13:47,74.80,74.80,70.25,72.60,450,7925
20201029,13:48,73.65,75.60,71.95,73.05,275,8250
20201029,13:49,71.40,75.00,71.40,72.15,225,8250
20201029,13:50,73.35,73.70,72.45,73.70,350,8250
20201029,13:51,75.60,77.95,75.60,77.95,1150,8150
20201029,13:52,80.00,82.25,80.00,82.25,500,8150
20201029,13:53,85.00,85.00,83.35,83.35,100,8150
20201029,13:54,83.90,83.90,83.60,83.60,100,7925
20201029,13:55,81.85,83.30,81.85,83.30,50,7925
20201029,13:56,82.80,82.80,81.75,81.75,50,7925
20201029,13:57,84.50,86.25,84.50,85.25,125,7925
20201029,13:58,83.20,87.90,83.10,87.90,100,7925
20201029,13:59,86.85,86.85,84.70,85.00,675,7925
20201029,14:00,83.25,85.45,83.25,85.45,100,8225
20201029,14:01,85.00,85.00,83.95,83.95,575,8225
20201029,14:02,83.50,86.60,83.50,86.60,300,8225
20201029,14:03,87.15,87.15,86.00,86.00,400,7775
20201029,14:04,87.95,87.95,86.60,86.60,50,7775
20201029,14:05,84.95,84.95,83.90,83.90,50,7775
20201029,14:06,83.70,83.70,83.70,83.70,25,7775
20201029,14:07,87.20,87.20,87.20,87.20,25,7600
20201029,14:09,90.00,90.00,88.65,88.65,50,7450
20201029,14:10,87.15,87.15,86.25,86.25,50,7450
20201029,14:11,85.70,85.75,85.45,85.60,100,7450
20201029,14:12,85.50,85.50,85.50,85.50,25,7450
20201029,14:14,93.00,93.40,86.75,87.20,1025,7375
20201029,14:15,84.95,84.95,83.65,84.60,375,7300
20201029,14:16,83.40,84.25,83.40,84.25,950,7300
20201029,14:17,85.50,85.65,85.05,85.65,325,7300
20201029,14:18,85.65,85.80,84.60,84.60,125,7475
20201029,14:19,84.40,84.40,84.15,84.15,50,7475
20201029,14:20,83.60,83.60,81.00,81.65,300,7475
20201029,14:21,81.20,82.15,78.65,82.15,350,7550
20201029,14:22,79.25,80.00,79.25,80.00,150,7550
20201029,14:24,78.95,79.45,78.35,78.90,250,7400
20201029,14:25,79.70,79.70,75.95,76.00,250,7400
20201029,14:26,76.40,76.40,75.40,76.15,225,7400
20201029,14:27,75.85,75.85,75.40,75.40,50,7425
20201029,14:28,76.50,78.80,76.05,76.35,2975,7425
20201029,14:29,76.50,76.60,76.35,76.60,100,7425
20201029,14:30,75.90,78.90,75.65,78.35,450,9825
20201029,14:31,78.30,79.45,77.85,77.85,1200,9825
20201029,14:32,77.45,78.00,75.60,75.60,375,9825
20201029,14:33,75.90,75.90,75.90,75.90,200,10275
20201029,14:34,75.90,75.90,75.10,75.10,575,10275
20201029,14:35,73.60,74.90,71.95,71.95,250,10275
20201029,14:36,71.55,71.55,71.55,71.55,125,10075
20201029,14:37,70.15,73.05,70.15,73.05,425,10075
20201029,14:38,71.55,74.50,71.00,73.05,1225,10075
20201029,14:39,74.00,75.00,73.50,75.00,150,10050
20201029,14:40,77.70,77.70,75.85,75.85,225,10050
20201029,14:41,77.35,77.50,74.90,74.90,200,10050
20201029,14:42,75.10,75.10,73.55,74.05,425,10075
20201029,14:43,76.25,76.25,76.25,76.25,150,10075
20201029,14:44,76.15,77.35,76.05,76.20,150,10075
20201029,14:45,76.65,76.65,76.20,76.20,775,10200
20201029,14:46,79.70,79.70,78.50,78.50,225,10200
20201029,14:47,79.70,81.75,79.70,81.75,275,10200
20201029,14:48,78.80,78.80,76.15,77.25,350,10525
20201029,14:49,76.10,76.10,75.40,75.40,250,10525
20201029,14:50,75.40,75.60,73.60,75.00,450,10525
20201029,14:51,74.55,76.10,74.40,75.80,350,10600
20201029,14:52,75.45,75.45,75.45,75.45,25,10600
20201029,14:53,74.50,74.50,73.50,73.50,625,10600
20201029,14:54,72.90,72.90,72.00,72.00,1300,9350
20201029,14:55,73.90,73.90,72.20,73.30,175,9350
20201029,14:56,73.05,74.30,73.05,73.90,775,9350
20201029,14:57,73.90,74.80,73.65,74.65,625,11000
20201029,14:58,76.75,76.75,74.95,75.90,1675,11000
20201029,14:59,75.60,77.05,75.15,77.05,100,11000
20201029,15:00,78.55,79.60,76.25,76.25,525,11925
20201029,15:01,76.15,76.20,76.10,76.10,200,11925
20201029,15:02,78.00,81.75,78.00,81.75,225,11925
20201029,15:03,81.00,82.80,81.00,81.60,900,12150
20201029,15:04,81.75,82.40,78.40,78.40,975,12150
20201029,15:05,79.60,79.60,77.80,78.05,850,12150
20201029,15:06,79.55,79.85,79.50,79.50,200,12250
20201029,15:07,80.05,82.20,79.75,82.20,1425,12250
20201029,15:08,80.55,82.80,79.95,82.80,675,12250
20201029,15:09,82.70,82.70,81.70,82.60,675,12750
20201029,15:10,82.60,82.60,82.60,82.60,50,12750
20201029,15:11,82.15,82.15,80.25,80.25,750,12750
20201029,15:12,82.00,82.00,80.05,81.80,1125,13125
20201029,15:13,81.00,83.10,81.00,83.10,3000,13125
20201029,15:14,82.80,82.85,82.20,82.85,300,13125
20201029,15:15,82.65,82.75,81.65,81.65,125,15225
20201029,15:16,82.75,82.75,80.35,80.35,1050,15225
20201029,15:17,81.05,81.45,80.00,80.00,1300,15225
20201029,15:18,80.20,80.70,80.20,80.70,50,16625
20201029,15:19,80.70,80.70,80.10,80.10,50,16625
20201029,15:20,80.10,81.85,79.45,81.85,450,16625
20201029,15:21,81.50,82.30,81.50,82.20,350,16775
20201029,15:22,81.55,81.75,81.35,81.35,500,16775
20201029,15:23,82.00,82.00,79.90,81.05,1400,16775
20201029,15:24,81.10,82.00,81.10,82.00,575,17700
20201029,15:25,81.85,83.00,81.85,82.50,2325,17700
20201029,15:26,83.75,84.10,83.25,84.05,425,17700
20201029,15:27,84.05,84.75,83.95,84.75,500,17800
20201029,15:28,85.15,85.35,84.60,85.35,350,17800
20201029,15:29,84.05,84.25,84.05,84.05,1925,17800
20201030,09:15,60.00,80.70,58.90,73.25,4351,16550
20201030,09:16,73.10,75.70,67.85,72.70,5975,16550
20201030,09:17,73.00,74.25,71.50,73.05,3625,20700
20201030,09:18,73.65,79.40,73.55,77.90,3100,20700
20201030,09:19,78.00,80.90,75.60,75.60,6075,20700
20201030,09:20,76.40,84.90,76.40,82.60,6225,22250
20201030,09:21,82.40,85.80,82.40,83.30,3750,22250
20201030,09:22,83.30,85.65,81.80,82.60,2100,22250
20201030,09:23,83.00,84.85,82.40,82.90,1175,23675
20201030,09:24,83.65,88.90,83.65,86.00,3600,23675
20201030,09:25,86.35,87.10,82.60,82.60,1625,23675
20201030,09:26,83.20,83.50,80.00,82.00,2275,24550
20201030,09:27,82.35,85.15,82.35,84.15,2625,24550
20201030,09:28,85.25,85.50,82.70,82.80,2075,24550
20201030,09:29,83.05,85.20,81.80,81.80,1225,25925
20201030,09:30,81.90,84.80,81.55,83.20,725,25925
20201030,09:31,83.40,85.05,82.45,82.55,1550,25925
20201030,09:32,82.15,82.60,80.05,81.10,2575,26000
20201030,09:33,81.50,82.90,80.00,80.90,1775,26000
20201030,09:34,81.50,83.10,80.70,82.00,3025,26000
20201030,09:35,81.45,89.95,81.45,85.45,4875,27625
20201030,09:36,84.00,86.55,83.55,84.60,1775,27625
20201030,09:37,85.05,85.60,84.50,85.15,1925,27625
20201030,09:38,85.50,85.55,83.00,83.00,2225,28950
20201030,09:39,83.45,85.00,82.55,84.35,1575,28950
20201030,09:40,84.50,87.20,84.25,85.90,1475,28950
20201030,09:41,85.30,85.50,82.50,83.50,4375,30825
20201030,09:42,84.65,84.65,82.75,83.65,1900,30825
20201030,09:43,84.00,86.10,84.00,86.10,950,30825
20201030,09:44,85.80,85.80,83.00,83.80,1075,30550
20201030,09:45,83.80,84.80,82.35,82.35,1175,30550
20201030,09:46,82.60,82.60,76.30,76.30,5350,30550
20201030,09:47,74.95,78.15,73.05,77.80,3800,33075
20201030,09:48,77.55,77.75,75.75,76.75,1725,33075
20201030,09:49,76.80,78.70,76.80,77.45,875,33075
20201030,09:50,78.10,78.10,74.75,75.40,1000,33050
20201030,09:51,75.95,77.45,75.00,75.00,800,33050
20201030,09:52,74.55,76.80,74.40,76.00,1025,33050
20201030,09:53,76.55,77.50,76.55,77.30,1700,33825
20201030,09:54,76.80,78.00,75.00,76.50,4625,33825
20201030,09:55,77.45,77.45,74.55,75.25,2400,33825
20201030,09:56,75.70,76.00,74.00,74.05,1850,35375
20201030,09:57,74.50,74.55,72.25,72.25,850,35375
20201030,09:58,72.60,73.90,72.50,72.55,1425,35375
20201030,09:59,71.95,73.25,71.95,72.40,975,36025
20201030,10:00,73.40,79.95,73.35,78.45,10325,36025
20201030,10:01,79.40,81.45,78.20,79.65,1475,36025
20201030,10:02,79.60,83.25,79.60,82.55,5025,41075
20201030,10:03,82.30,83.65,81.45,82.35,4550,41075
20201030,10:04,82.85,83.20,81.35,82.90,875,41075
20201030,10:05,83.50,83.60,81.70,82.30,875,41050
20201030,10:06,81.60,82.70,80.00,80.80,1775,41050
20201030,10:07,80.55,82.25,79.80,81.55,2500,41050
20201030,10:08,81.05,82.45,80.75,80.75,825,41000
20201030,10:09,81.00,82.50,80.00,82.45,1050,41000
20201030,10:10,81.50,82.50,79.05,79.65,1450,41000
20201030,10:11,79.80,79.80,76.40,79.00,2925,41625
20201030,10:12,78.75,81.55,78.75,80.50,1900,41625
20201030,10:13,80.80,81.30,80.45,80.80,2075,41625
20201030,10:14,80.85,80.95,79.25,79.80,1875,42975
20201030,10:15,80.30,80.45,78.90,78.90,625,42975
20201030,10:16,78.35,78.80,75.60,78.15,1100,42975
20201030,10:17,77.75,79.30,77.05,79.00,1500,44275
20201030,10:18,78.20,79.50,77.65,77.65,725,44275
20201030,10:19,77.55,77.55,76.75,76.75,1050,44275
20201030,10:20,76.60,79.65,76.20,79.65,1675,44675
20201030,10:21,79.15,81.45,78.60,79.00,3575,44675
20201030,10:22,78.50,79.55,78.50,79.40,475,44675
20201030,10:23,78.30,78.30,77.00,78.05,975,46325
20201030,10:24,78.50,78.95,77.65,78.95,925,46325
20201030,10:25,78.95,78.95,77.65,78.35,275,46325
20201030,10:26,77.45,78.45,77.00,77.00,775,46400
20201030,10:27,77.40,80.00,77.40,78.60,1600,46400
20201030,10:28,78.60,79.00,77.40,77.60,1000,46400
20201030,10:29,77.75,79.60,77.40,79.60,1300,46550
20201030,10:30,79.70,85.00,79.70,82.85,1775,46550
20201030,10:31,82.15,82.50,80.95,80.95,1150,46550
20201030,10:32,80.40,81.30,80.40,81.20,275,45875
20201030,10:33,81.45,81.80,81.30,81.30,925,45875
20201030,10:34,81.30,81.30,80.00,80.25,1325,45875
20201030,10:35,81.30,83.75,81.25,81.30,6600,49350
20201030,10:36,81.00,81.25,80.00,81.00,2750,49350
20201030,10:37,80.95,81.70,80.15,80.55,275,49350
20201030,10:38,80.65,81.80,80.00,80.00,625,50775
20201030,10:39,80.90,81.20,79.95,81.00,1025,50775
20201030,10:40,81.00,81.90,78.40,78.40,975,50775
20201030,10:41,78.50,78.65,76.85,76.85,1600,50700
20201030,10:42,76.50,76.50,74.60,74.80,2125,50700
20201030,10:43,75.00,76.20,73.50,74.10,1650,50700
20201030,10:44,74.00,75.80,72.90,74.10,1775,51150
20201030,10:45,74.05,74.30,67.90,69.50,3625,51150
20201030,10:46,68.00,69.40,66.90,67.35,3825,51150
20201030,10:47,67.30,68.50,64.90,68.20,2725,52675
20201030,10:48,67.35,68.00,66.55,67.65,3900,52675
20201030,10:49,68.50,70.80,68.35,69.95,1650,52675
20201030,10:50,69.10,69.20,62.10,63.45,6575,54625
20201030,10:51,63.35,64.50,62.85,63.25,3025,54625
20201030,10:52,63.45,64.90,63.45,64.90,1725,54625
20201030,10:53,64.90,64.90,63.95,64.10,350,54625
20201030,10:54,63.40,65.30,62.35,62.50,3175,55000
20201030,10:55,63.00,64.30,58.00,60.35,6050,55000
20201030,10:56,60.75,60.75,53.85,57.75,7350,57750
20201030,10:57,57.45,58.05,55.80,56.40,1975,57750
20201030,10:58,57.15,58.75,57.00,57.95,4225,57750
20201030,10:59,57.90,58.15,56.50,56.90,1925,57725
20201030,11:00,56.20,56.20,52.50,54.15,6825,57725
20201030,11:01,54.05,55.55,54.00,54.10,1700,57725
20201030,11:02,54.75,55.65,54.75,55.40,5000,60375
20201030,11:03,55.45,55.70,52.25,54.50,5300,60375
20201030,11:04,54.65,55.65,54.25,55.40,2550,60375
20201030,11:05,54.75,56.60,54.75,54.85,2700,62325
20201030,11:06,54.65,55.65,53.55,55.15,4025,62325
20201030,11:07,55.55,57.75,55.10,56.75,3500,62325
20201030,11:08,56.25,56.50,54.50,54.80,2575,64600
20201030,11:09,55.35,55.40,52.00,52.65,5225,64600
20201030,11:10,53.20,53.95,52.15,53.95,5025,64600
20201030,11:11,54.05,55.00,54.00,54.95,3625,64950
20201030,11:12,54.65,55.45,54.00,54.00,1550,64950
20201030,11:13,54.00,57.25,54.00,56.05,3150,64950
20201030,11:14,55.55,56.00,54.40,55.95,2450,65950
20201030,11:15,55.30,55.30,53.30,54.50,4525,65950
20201030,11:16,54.40,56.20,54.20,55.95,3800,65950
20201030,11:17,55.70,56.55,53.60,54.20,10725,68600
20201030,11:18,54.35,54.65,53.35,54.65,2550,68600
20201030,11:19,54.35,55.10,53.15,53.15,2425,68600
20201030,11:20,54.10,55.45,52.60,52.65,2975,69950
20201030,11:21,52.55,53.90,51.70,53.40,2850,69950
20201030,11:22,53.10,54.55,52.80,54.15,1400,69950
20201030,11:23,54.10,54.40,52.95,53.55,2125,72475
20201030,11:24,53.00,53.60,52.85,53.60,2450,72475
20201030,11:25,54.30,54.30,52.05,52.35,1250,72475
20201030,11:26,52.65,52.85,51.30,52.15,2775,74150
20201030,11:27,51.75,51.85,48.50,50.40,8025,74150
20201030,11:28,49.95,51.70,49.60,50.75,2625,74150
20201030,11:29,50.60,51.60,48.45,49.50,4525,76750
20201030,11:30,48.30,51.30,47.65,48.40,5225,76750
20201030,11:31,48.75,50.00,47.75,49.95,3250,76750
20201030,11:32,49.10,50.55,48.75,49.75,4350,77875
20201030,11:33,49.20,50.30,48.75,49.75,2825,77875
20201030,11:34,49.30,50.40,48.70,49.70,2850,77875
20201030,11:35,49.65,50.80,49.65,50.55,2575,79800
20201030,11:36,50.15,50.50,46.75,48.30,13900,79800
20201030,11:37,48.05,49.75,48.05,49.55,4575,79800
20201030,11:38,49.95,50.45,49.15,50.00,8475,87025
20201030,11:39,49.00,49.60,45.90,47.10,7975,87025
20201030,11:40,47.95,48.65,45.80,47.05,3700,87025
20201030,11:41,47.05,48.50,46.40,48.00,6075,87325
20201030,11:42,47.90,48.65,46.60,47.50,3250,87325
20201030,11:43,47.00,48.05,46.65,46.65,17925,87325
20201030,11:44,46.65,47.00,45.05,45.05,21725,106175
20201030,11:45,45.05,45.05,42.25,44.90,23800,106175
20201030,11:46,44.55,44.95,43.60,44.70,35325,106175
20201030,11:47,44.45,46.15,44.45,45.90,38650,177700
20201030,11:48,45.85,46.75,45.00,46.65,9775,177700
20201030,11:49,47.00,47.50,46.15,46.70,4600,177700
20201030,11:50,46.20,47.20,46.20,46.40,5575,179000
20201030,11:51,46.25,47.70,46.25,47.25,4650,179000
20201030,11:52,47.05,47.10,46.10,46.80,3750,179000
20201030,11:53,47.10,47.40,46.20,46.25,3325,179300
20201030,11:54,46.25,46.85,45.95,46.20,4375,179300
20201030,11:55,45.75,45.90,41.40,43.10,11625,179300
20201030,11:56,43.20,43.35,41.15,42.20,8125,185050
20201030,11:57,41.95,42.00,38.75,40.30,13825,185050
20201030,11:58,40.05,41.30,39.50,40.05,10500,185050
20201030,11:59,39.70,40.95,39.50,40.85,2800,192675
20201030,12:00,40.70,41.95,40.30,41.10,5050,192675
20201030,12:01,40.95,41.95,40.95,41.40,1775,192675
20201030,12:02,41.30,41.30,40.20,40.95,1875,194525
20201030,12:03,41.00,41.90,40.45,41.00,3875,194525
20201030,12:04,40.65,42.70,40.60,41.00,3925,194525
20201030,12:05,41.15,41.70,40.30,40.35,1250,195575
20201030,12:06,41.35,41.50,40.55,40.80,1975,195575
20201030,12:07,40.75,42.65,40.75,42.65,1525,195575
20201030,12:08,43.35,43.35,41.45,41.45,5300,196650
20201030,12:09,41.65,41.70,40.60,40.80,3950,196650
20201030,12:10,40.85,42.10,40.35,41.10,2450,196650
20201030,12:11,41.10,41.65,40.80,41.50,3050,199800
20201030,12:12,41.65,42.55,41.00,41.00,6525,199800
20201030,12:13,41.00,42.25,40.60,40.80,4125,199800
20201030,12:14,40.90,41.75,40.00,41.35,10200,192500
20201030,12:15,41.60,42.10,40.95,41.40,4525,192500
20201030,12:16,41.85,42.40,40.75,42.10,8950,192500
20201030,12:17,41.55,42.65,41.25,41.50,11250,185625
20201030,12:18,41.30,42.15,40.75,41.70,5350,185625
20201030,12:19,42.00,43.35,41.00,42.60,23000,185625
20201030,12:20,42.30,43.55,41.85,43.55,4425,176775
20201030,12:21,43.30,43.65,42.45,43.20,8500,176775
20201030,12:22,43.15,43.25,41.85,42.35,2125,176775
20201030,12:23,42.50,42.70,41.75,41.75,1850,172375
20201030,12:24,41.60,42.30,41.55,41.70,1475,172375
20201030,12:25,41.60,42.45,41.30,41.55,1450,172375
20201030,12:26,41.75,42.20,41.25,42.20,3400,172775
20201030,12:27,41.95,42.70,41.50,42.45,2000,172775
20201030,12:28,42.35,42.45,40.45,41.55,12575,172775
20201030,12:29,41.55,41.85,40.40,40.75,12600,163225
20201030,12:30,40.25,41.95,40.25,41.95,4775,163225
20201030,12:31,41.70,42.30,41.40,41.60,2400,163225
20201030,12:32,41.90,41.90,41.00,41.60,1550,154750
20201030,12:33,41.20,42.10,41.00,42.10,1750,154750
20201030,12:34,42.25,43.40,42.20,43.40,6100,154750
20201030,12:35,42.75,45.40,42.50,44.10,4150,156700
20201030,12:36,44.30,44.85,44.00,44.00,2750,156700
20201030,12:37,44.05,44.95,44.05,44.60,1575,156700
20201030,12:38,44.25,44.50,43.25,43.90,3100,157125
20201030,12:39,43.65,43.95,43.30,43.45,2000,157125
20201030,12:40,43.55,44.45,43.30,43.95,1950,157125
20201030,12:41,43.80,44.60,43.60,44.30,1375,157700
20201030,12:42,44.20,44.50,43.65,44.20,3675,157700
20201030,12:43,44.00,44.00,43.40,43.40,1175,157700
20201030,12:44,43.30,43.90,42.80,43.90,2250,156375
20201030,12:45,44.55,46.10,44.30,45.75,2875,156375
20201030,12:46,45.15,46.45,45.15,45.95,2125,156375
20201030,12:47,46.45,46.45,45.20,45.90,1875,157125
20201030,12:48,46.35,47.00,45.30,45.55,2875,157125
20201030,12:49,45.10,45.70,44.25,44.50,1825,157125
20201030,12:50,44.50,44.50,42.55,43.45,3900,158525
20201030,12:51,43.15,44.10,42.35,43.90,1625,158525
20201030,12:52,43.55,43.55,42.80,43.00,1175,158525
20201030,12:53,42.95,43.15,42.00,42.40,1950,160725
20201030,12:54,42.10,42.35,38.00,40.20,8375,160725
20201030,12:55,39.55,39.60,38.25,38.85,6750,160725
20201030,12:56,38.85,39.85,38.85,39.00,4275,159125
20201030,12:57,39.40,40.75,39.00,39.10,7725,159125
20201030,12:58,39.50,40.20,39.00,39.60,2350,159125
20201030,12:59,39.50,40.05,39.35,39.40,1875,159125
20201030,13:00,40.10,40.90,39.70,39.85,5475,159700
20201030,13:01,39.90,41.75,39.50,41.45,3900,159700
20201030,13:02,40.95,41.75,40.05,41.35,3300,162275
20201030,13:03,41.80,42.70,41.10,42.35,3750,162275
20201030,13:04,41.80,41.80,41.20,41.60,1925,162275
20201030,13:05,42.15,42.60,41.40,41.90,4650,164050
20201030,13:06,41.80,41.95,40.70,41.75,3025,164050
20201030,13:07,41.50,42.30,40.80,42.30,5475,164050
20201030,13:08,42.70,42.70,41.45,41.55,9575,164050
20201030,13:09,41.50,43.70,41.40,41.60,6025,161300
20201030,13:10,41.65,41.90,40.60,41.20,2525,161300
20201030,13:11,40.80,41.80,40.60,41.25,1975,161300
20201030,13:12,40.70,41.10,40.35,41.00,2600,161925
20201030,13:13,41.00,41.00,39.95,40.40,2325,161925
20201030,13:14,40.40,40.55,39.90,39.95,4025,161925
20201030,13:15,40.20,41.50,40.20,41.20,1300,164100
20201030,13:16,41.15,41.70,40.40,41.70,950,164100
20201030,13:17,41.70,41.70,40.80,40.80,825,164100
20201030,13:18,40.95,41.65,40.85,40.85,850,164250
20201030,13:19,41.00,41.35,40.40,40.75,800,164250
20201030,13:20,40.60,41.25,38.75,39.05,5075,164250
20201030,13:21,39.35,40.45,39.10,40.45,3825,162600
20201030,13:22,40.35,40.35,39.15,39.15,275,162600
20201030,13:23,39.30,39.85,39.30,39.65,2500,162600
20201030,13:24,39.55,39.55,39.25,39.25,50,163550
20201030,13:25,39.45,39.50,39.15,39.25,2575,163550
20201030,13:26,39.35,40.40,39.35,39.55,2625,163550
20201030,13:27,39.95,41.05,39.95,40.15,1900,164875
20201030,13:28,40.00,40.55,39.85,40.00,900,164875
20201030,13:29,40.05,40.05,38.00,38.40,8450,164875
20201030,13:30,38.95,39.95,38.40,39.95,2075,163075
20201030,13:31,39.90,44.00,39.90,42.75,5325,163075
20201030,13:32,43.10,43.65,41.70,43.40,2950,163075
20201030,13:33,44.20,44.95,42.20,42.45,2900,162350
20201030,13:34,42.30,42.65,41.60,42.20,1825,162350
20201030,13:35,42.30,42.30,40.25,41.45,3250,162350
20201030,13:36,42.30,42.40,40.60,40.60,2125,161475
20201030,13:37,39.95,40.50,39.55,40.25,3725,161475
20201030,13:38,39.60,39.95,39.50,39.95,1075,161475
20201030,13:39,40.95,41.65,40.65,41.20,2000,160550
20201030,13:40,40.90,42.40,40.30,40.75,2300,160550
20201030,13:41,40.80,41.05,40.15,40.60,2650,160550
20201030,13:42,40.75,41.00,40.05,40.75,4575,161000
20201030,13:43,40.75,41.15,40.15,41.15,1125,161000
20201030,13:44,41.10,41.20,40.55,41.05,2100,161000
20201030,13:45,40.80,43.25,40.80,42.40,4075,158500
20201030,13:46,42.15,43.85,41.50,42.75,4725,158500
20201030,13:47,44.05,44.05,42.05,42.20,2725,158500
20201030,13:48,42.45,42.75,41.80,42.60,2850,157025
20201030,13:49,42.50,42.50,41.00,41.55,1425,157025
20201030,13:50,41.30,41.50,39.75,39.90,6425,157025
20201030,13:51,39.35,40.25,39.10,39.10,3275,158975
20201030,13:52,39.10,39.10,37.45,38.20,2975,158975
20201030,13:53,38.45,38.70,37.75,38.05,3425,158975
20201030,13:54,38.80,38.80,38.20,38.20,575,156875
20201030,13:55,38.10,38.80,38.05,38.05,675,156875
20201030,13:56,37.90,39.00,37.90,38.95,550,156875
20201030,13:57,38.00,39.25,38.00,39.20,1900,156450
20201030,13:58,39.00,39.00,38.00,38.45,1350,156450
20201030,13:59,38.35,39.65,38.05,39.65,1050,156450
20201030,14:00,39.40,40.75,39.05,39.95,3900,155850
20201030,14:01,39.65,40.30,39.45,40.00,2175,155850
20201030,14:02,40.80,40.90,40.00,40.15,3225,155850
20201030,14:03,40.00,40.85,39.90,40.85,4050,156000
20201030,14:04,40.55,42.80,40.15,40.95,9500,156000
20201030,14:05,41.00,41.60,40.05,40.45,4750,156000
20201030,14:06,42.30,43.00,41.05,43.00,8000,156100
20201030,14:07,43.75,45.40,42.05,43.65,8125,156100
20201030,14:08,43.50,43.85,41.50,41.50,2350,156100
20201030,14:09,41.35,41.95,40.35,40.85,6875,155375
20201030,14:10,40.90,41.25,39.25,39.90,6700,155375
20201030,14:11,39.90,40.50,38.60,38.60,1725,155375
20201030,14:12,38.60,38.80,37.70,38.40,3125,153225
20201030,14:13,38.10,39.15,38.10,38.35,1475,153225
20201030,14:14,38.50,38.95,37.25,37.25,1750,153225
20201030,14:15,37.15,37.50,36.35,36.90,3100,155000
20201030,14:16,37.10,38.70,36.70,38.50,2475,155000
20201030,14:17,38.20,39.20,38.20,38.50,1625,155000
20201030,14:18,38.25,39.75,38.20,39.75,850,155500
20201030,14:19,39.40,39.50,38.45,38.45,2500,155500
20201030,14:20,38.30,38.90,38.10,38.80,2425,155500
20201030,14:21,38.55,38.55,37.45,37.95,1675,154950
20201030,14:22,38.00,38.10,37.00,37.65,7425,154950
20201030,14:23,37.35,37.55,36.20,36.20,1200,154950
20201030,14:24,36.25,36.35,33.00,34.05,5825,154725
20201030,14:25,34.30,36.00,34.10,34.70,3025,154725
20201030,14:26,34.85,35.50,34.80,35.15,7475,154725
20201030,14:27,34.90,35.95,34.70,35.10,850,150325
20201030,14:28,35.50,36.00,35.10,35.15,2575,150325
20201030,14:29,34.85,34.85,34.45,34.45,1725,150325
20201030,14:30,34.25,36.15,34.25,35.65,2050,150575
20201030,14:31,35.75,36.00,35.40,36.00,1950,150575
20201030,14:32,36.20,36.20,34.90,35.70,625,150575
20201030,14:33,35.50,37.50,35.15,36.45,4675,151500
20201030,14:34,36.25,38.10,36.25,37.20,4200,151500
20201030,14:35,37.35,37.35,35.90,36.10,3100,151500
20201030,14:36,36.05,36.60,35.85,35.90,1050,150450
20201030,14:37,36.00,36.15,34.55,34.85,1425,150450
20201030,14:38,35.00,35.20,34.10,34.35,1425,150450
20201030,14:39,34.55,35.00,34.20,34.35,3850,151225
20201030,14:40,34.45,34.70,33.95,34.00,725,151225
20201030,14:41,33.80,35.35,33.80,34.80,2075,151225
20201030,14:42,34.85,36.15,34.70,35.90,3225,150350
20201030,14:43,35.65,35.70,34.50,34.70,3675,150350
20201030,14:44,34.25,34.60,33.40,33.55,2350,150350
20201030,14:45,33.25,33.25,32.00,32.90,5675,148950
20201030,14:46,33.10,34.15,33.10,33.85,4600,148950
20201030,14:47,33.35,34.00,33.15,33.50,2150,148950
20201030,14:48,33.30,35.00,33.25,34.30,3125,148550
20201030,14:49,34.65,35.35,33.95,34.00,3000,148550
20201030,14:50,34.65,35.35,34.20,34.50,1775,148550
20201030,14:51,34.75,37.40,34.70,35.95,5100,148775
20201030,14:52,35.60,35.60,34.30,35.00,4600,148775
20201030,14:53,35.00,35.25,34.40,34.75,4200,148775
20201030,14:54,34.75,35.95,34.75,35.35,3125,147450
20201030,14:55,35.50,35.70,34.35,34.65,1275,147450
20201030,14:56,34.55,36.30,34.55,35.45,2900,147450
20201030,14:57,35.25,35.65,34.20,35.10,4125,147550
20201030,14:58,34.90,35.50,34.90,35.00,975,147550
20201030,14:59,35.25,35.50,34.40,34.75,2475,147550
20201030,15:00,35.15,36.00,34.80,35.35,1800,146525
20201030,15:01,35.00,35.30,33.70,34.05,2575,146525
20201030,15:02,34.30,35.35,33.75,35.35,2750,146525
20201030,15:03,35.25,36.30,35.20,35.45,3025,147300
20201030,15:04,35.15,36.30,35.15,35.95,2850,147300
20201030,15:05,35.80,35.85,35.00,35.50,1775,147300
20201030,15:06,35.50,36.10,35.15,35.55,1925,147275
20201030,15:07,35.70,36.10,35.25,35.70,2325,147275
20201030,15:08,35.75,35.80,35.25,35.25,1325,147275
20201030,15:09,35.20,35.90,35.15,35.75,950,146775
20201030,15:10,35.60,36.45,35.15,35.45,3575,146775
20201030,15:11,35.15,35.65,35.00,35.30,1325,146775
20201030,15:12,35.35,35.65,34.85,35.10,2225,146400
20201030,15:13,35.10,35.40,35.00,35.15,1050,146400
20201030,15:14,35.35,35.70,35.00,35.30,1300,146400
20201030,15:15,35.70,36.00,35.20,35.45,3675,146575
20201030,15:16,35.55,35.75,35.20,35.70,2275,146575
20201030,15:17,35.75,35.75,35.30,35.30,1950,146575
20201030,15:18,35.45,35.90,35.40,35.75,3100,147725
20201030,15:19,35.85,36.25,35.65,36.20,3000,147725
20201030,15:20,36.15,37.15,35.80,37.05,5900,147725
20201030,15:21,36.95,37.40,36.45,36.65,13950,145350
20201030,15:22,36.70,37.40,35.85,36.35,8050,145350
20201030,15:23,36.50,36.65,36.05,36.15,6325,145350
20201030,15:24,36.20,36.65,36.20,36.65,17050,151500
20201030,15:25,36.65,36.80,35.35,35.35,6975,151500
20201030,15:26,35.35,35.35,34.80,35.20,3050,151500
20201030,15:27,35.20,35.20,34.60,34.95,4375,151950
20201030,15:28,34.95,35.10,34.35,34.70,4525,151950
20201030,15:29,34.40,35.70,34.15,35.00,3775,151950
20201102,09:15,77.05,77.10,42.00,45.25,5177,149000
20201102,09:16,45.30,45.35,39.70,40.70,13050,149000
20201102,09:17,40.90,42.15,40.85,41.80,5325,151675
20201102,09:18,41.70,42.75,39.15,39.15,10675,151675
20201102,09:19,39.15,39.60,36.40,36.40,9025,151675
20201102,09:20,36.35,42.40,36.35,42.40,12800,160225
20201102,09:21,42.10,46.50,41.90,46.35,13600,160225
20201102,09:22,45.35,46.30,43.60,44.20,6900,160225
20201102,09:23,43.80,44.95,41.10,41.15,6475,164700
20201102,09:24,40.95,41.25,37.45,39.35,9125,164700
20201102,09:25,39.05,39.45,37.40,38.75,21175,164700
20201102,09:26,38.75,38.75,34.05,36.25,7200,156800
20201102,09:27,36.50,37.05,34.90,36.85,3100,156800
20201102,09:28,37.20,39.60,36.80,38.80,4675,156800
20201102,09:29,37.55,41.10,37.55,39.60,8325,157025
20201102,09:30,38.90,39.20,36.15,39.20,6750,157025
20201102,09:31,38.95,39.50,37.70,38.50,4775,157025
20201102,09:32,39.00,39.35,37.05,37.40,6050,157350
20201102,09:33,37.60,38.15,35.55,37.40,6900,157350
20201102,09:34,37.40,38.05,36.50,37.30,2200,157350
20201102,09:35,36.65,37.60,35.75,37.60,4250,154550
20201102,09:36,36.50,38.55,36.50,38.00,5550,154550
20201102,09:37,38.45,40.15,37.60,38.75,7275,154550
20201102,09:38,38.60,39.45,38.20,38.55,5125,158075
20201102,09:39,38.25,38.65,37.10,37.65,4825,158075
20201102,09:40,37.65,39.25,37.00,38.90,5075,158075
20201102,09:41,38.45,39.00,37.65,38.40,2125,158350
20201102,09:42,38.80,38.80,35.95,36.00,3825,158350
20201102,09:43,35.80,36.10,34.25,34.25,2800,158350
20201102,09:44,34.40,35.90,34.05,35.65,6600,157925
20201102,09:45,36.00,36.90,35.40,36.90,3575,157925
20201102,09:46,36.70,37.30,34.95,34.95,2925,157925
20201102,09:47,34.65,35.45,33.00,33.85,5475,160350
20201102,09:48,33.65,34.75,32.40,33.90,5325,160350
20201102,09:49,34.05,34.90,33.30,34.25,2950,160350
20201102,09:50,34.55,35.20,34.25,35.20,1925,161800
20201102,09:51,35.45,36.70,34.30,36.45,2325,161800
20201102,09:52,35.85,37.65,35.70,37.65,3075,161800
20201102,09:53,37.70,37.70,35.85,36.00,2025,164025
20201102,09:54,35.90,36.55,34.75,35.15,2575,164025
20201102,09:55,34.55,36.15,34.45,34.45,1200,164025
20201102,09:56,34.40,35.25,32.65,33.70,4025,164350
20201102,09:57,33.90,35.05,33.30,34.55,5050,164350
20201102,09:58,34.60,36.00,34.55,35.50,1775,164350
20201102,09:59,35.50,35.50,34.45,35.15,2500,162425
20201102,10:00,34.50,34.95,33.70,34.80,8625,162425
20201102,10:01,34.35,35.50,34.15,35.00,3025,162425
20201102,10:02,35.40,35.65,34.20,35.65,1550,161875
20201102,10:03,35.65,36.05,34.70,35.15,3225,161875
20201102,10:04,35.30,37.50,35.25,37.20,8000,161875
20201102,10:05,36.65,41.00,35.95,40.65,17625,164300
20201102,10:06,40.05,40.65,38.25,40.45,5350,164300
20201102,10:07,40.30,40.30,38.20,39.15,2625,164300
20201102,10:08,39.30,39.85,37.85,39.85,3350,166850
20201102,10:09,39.85,40.15,38.40,39.25,4225,166850
20201102,10:10,39.15,39.65,37.50,39.30,2975,166850
20201102,10:11,38.95,39.40,38.30,39.20,1475,168575
20201102,10:12,38.70,39.15,38.10,39.05,1775,168575
20201102,10:13,39.15,39.20,38.00,38.95,1575,168575
20201102,10:14,38.80,39.65,38.25,38.35,7000,172175
20201102,10:15,38.95,46.75,38.55,46.35,13700,172175
20201102,10:16,45.30,47.75,43.90,44.80,10575,172175
20201102,10:17,44.85,46.35,44.25,44.50,2400,173425
20201102,10:18,43.75,47.40,43.45,46.05,7500,173425
20201102,10:19,46.60,49.05,45.00,45.00,10700,173425
20201102,10:20,45.40,48.30,45.40,47.20,3875,175925
20201102,10:21,46.95,47.35,45.00,45.80,2875,175925
20201102,10:22,46.20,47.20,45.40,46.70,3050,175925
20201102,10:23,46.35,46.75,43.95,44.55,3400,177925
20201102,10:24,44.25,44.65,43.95,44.45,1325,177925
20201102,10:25,44.05,44.70,42.30,44.70,4200,177925
20201102,10:26,44.10,45.90,43.55,45.25,4375,177850
20201102,10:27,45.30,46.70,44.50,46.65,3300,177850
20201102,10:28,47.00,47.30,46.05,46.05,1600,177850
20201102,10:29,46.45,48.50,45.55,48.50,3300,177875
20201102,10:30,48.55,49.95,47.45,48.00,5250,177875
20201102,10:31,48.05,48.15,45.50,46.60,4950,177875
20201102,10:32,47.00,48.35,46.30,47.30,600,177825
20201102,10:33,47.00,47.80,46.65,47.55,1450,177825
20201102,10:34,48.00,50.70,48.00,49.95,7275,177825
20201102,10:35,49.55,56.40,49.55,55.40,7725,177025
20201102,10:36,56.15,57.95,54.55,55.00,6225,177025
20201102,10:37,55.05,56.90,54.50,55.00,14375,177025
20201102,10:38,55.10,57.25,54.45,57.10,10300,182400
20201102,10:39,56.10,58.50,54.60,57.45,13250,182400
20201102,10:40,58.60,63.10,58.60,59.45,15300,182400
20201102,10:41,59.60,61.20,58.90,59.65,5775,178350
20201102,10:42,60.10,61.00,58.65,60.00,2075,178350
20201102,10:43,60.55,63.60,60.30,60.95,5150,178350
20201102,10:44,60.00,61.60,59.30,59.90,6325,179300
20201102,10:45,59.45,61.60,59.45,59.50,4900,179300
20201102,10:46,59.00,59.30,55.15,55.90,6725,179300
20201102,10:47,55.95,56.25,54.05,56.05,3275,178300
20201102,10:48,55.50,57.00,54.95,57.00,1575,178300
20201102,10:49,56.70,56.70,53.15,53.15,4825,178300
20201102,10:50,53.30,54.95,52.25,53.20,3150,177900
20201102,10:51,52.90,54.70,52.85,54.00,1150,177900
20201102,10:52,54.00,55.40,53.55,55.20,3900,177900
20201102,10:53,55.85,56.90,55.20,56.90,3300,181450
20201102,10:54,56.85,57.25,55.50,56.65,1050,181450
20201102,10:55,57.00,57.80,54.45,55.45,2450,181450
20201102,10:56,55.15,57.15,55.15,56.70,875,182050
20201102,10:57,56.15,56.50,54.40,54.40,1025,182050
20201102,10:58,54.20,55.90,54.00,55.20,2400,182050
20201102,10:59,55.00,56.15,53.85,55.55,2150,183025
20201102,11:00,55.05,55.65,53.80,55.00,3500,183025
20201102,11:01,54.60,54.60,49.30,50.50,4925,183025
20201102,11:02,50.75,51.50,50.10,51.50,3075,183750
20201102,11:03,51.55,52.40,50.80,52.30,2725,183750
20201102,11:04,52.15,54.05,51.85,53.75,5650,183750
20201102,11:05,53.80,54.40,53.10,53.95,3300,186700
20201102,11:06,54.00,54.95,53.80,54.55,4025,186700
20201102,11:07,54.45,55.00,53.75,54.60,3000,186700
20201102,11:08,54.25,55.15,54.05,54.35,1425,186125
20201102,11:09,54.30,54.30,53.35,53.85,2000,186125
20201102,11:10,53.75,55.75,53.75,55.20,4375,186125
20201102,11:11,55.00,55.65,54.75,55.05,1275,187625
20201102,11:12,55.55,55.55,53.90,55.10,1650,187625
20201102,11:13,54.65,56.40,54.65,55.75,1450,187625
20201102,11:14,55.90,57.85,55.85,57.70,2100,188275
20201102,11:15,58.65,68.15,58.65,65.25,20175,188275
20201102,11:16,65.85,66.95,64.20,65.05,7200,188275
20201102,11:17,64.70,73.80,64.60,73.80,22200,187825
20201102,11:18,72.70,78.95,72.70,76.00,18750,187825
20201102,11:19,75.45,75.50,72.10,72.10,11475,187825
20201102,11:20,72.90,73.95,69.35,70.00,9450,183450
20201102,11:21,70.30,71.05,68.60,68.60,4325,183450
20201102,11:22,68.20,70.30,68.00,68.65,8575,183450
20201102,11:23,68.95,71.00,68.05,70.60,4575,185275
20201102,11:24,70.60,72.95,70.50,72.00,4975,185275
20201102,11:25,72.45,74.10,70.50,71.15,5600,185275
20201102,11:26,71.15,72.40,69.60,69.60,5350,185825
20201102,11:27,70.00,73.65,69.95,71.85,6700,185825
20201102,11:28,71.90,71.90,69.40,69.85,9900,185825
20201102,11:29,69.45,70.40,67.85,68.50,9125,188550
20201102,11:30,68.00,68.00,65.30,65.70,6425,188550
20201102,11:31,65.65,65.65,62.85,63.50,5975,188550
20201102,11:32,63.30,63.30,61.45,62.70,4875,186425
20201102,11:33,62.70,62.70,59.55,61.40,13950,186425
20201102,11:34,61.85,63.30,61.25,63.30,4475,186425
20201102,11:35,62.70,63.20,58.95,59.55,6475,188250
20201102,11:36,59.40,61.20,57.75,58.75,4625,188250
20201102,11:37,58.60,61.05,57.90,61.05,4875,188250
20201102,11:38,61.60,61.90,60.40,61.15,5525,188150
20201102,11:39,60.85,61.40,59.40,60.80,4275,188150
20201102,11:40,61.10,65.95,60.90,64.80,8775,188150
20201102,11:41,65.00,66.35,64.85,66.00,4875,185775
20201102,11:42,66.40,68.30,66.10,66.30,4225,185775
20201102,11:43,66.40,69.90,66.40,68.15,7550,185775
20201102,11:44,68.15,70.15,67.85,69.20,10475,186050
20201102,11:45,68.70,69.65,65.80,66.70,5150,186050
20201102,11:46,66.90,66.90,65.05,66.70,2175,186050
20201102,11:47,67.00,67.55,65.10,66.80,1375,186850
20201102,11:48,67.15,68.70,66.80,68.35,2475,186850
20201102,11:49,68.05,69.85,67.40,69.60,4575,186850
20201102,11:50,69.80,70.45,68.25,69.10,4400,185975
20201102,11:51,68.85,69.00,66.00,67.00,4500,185975
20201102,11:52,67.50,67.50,63.40,64.05,6125,185975
20201102,11:53,63.90,65.85,62.85,65.35,3375,186925
20201102,11:54,65.45,66.70,65.05,65.45,2650,186925
20201102,11:55,66.40,68.15,66.40,67.30,2150,186925
20201102,11:56,67.80,67.85,67.00,67.00,875,187625
20201102,11:57,67.50,67.50,65.70,65.80,1250,187625
20201102,11:58,64.80,64.80,62.65,63.55,4475,187625
20201102,11:59,63.70,63.90,62.05,62.85,5675,190150
20201102,12:00,62.20,62.55,59.00,62.55,6825,190150
20201102,12:01,62.60,65.35,62.40,65.05,2900,190150
20201102,12:02,65.20,65.45,63.20,64.85,2775,189775
20201102,12:03,65.30,67.35,65.05,67.00,3600,189775
20201102,12:04,67.20,69.25,67.15,68.15,9000,189775
20201102,12:05,67.15,71.80,67.15,70.30,6400,184425
20201102,12:06,70.50,76.55,70.50,72.35,16800,184425
20201102,12:07,72.25,73.05,69.10,70.30,9900,184425
20201102,12:08,70.80,71.30,68.65,69.65,5950,190650
20201102,12:09,69.60,69.60,68.15,68.15,4500,190650
20201102,12:10,68.00,68.00,65.10,66.10,3750,190650
20201102,12:11,65.95,67.20,65.95,66.55,3325,191725
20201102,12:12,66.75,66.75,63.80,66.00,7825,191725
20201102,12:13,66.00,66.40,63.40,63.95,3475,191725
20201102,12:14,64.45,64.90,62.65,64.35,3325,190300
20201102,12:15,64.35,64.80,61.45,62.80,2825,190300
20201102,12:16,62.75,64.25,62.40,63.00,1200,190300
20201102,12:17,62.95,66.35,62.95,66.35,1550,190250
20201102,12:18,66.60,68.45,66.10,68.10,5250,190250
20201102,12:19,68.05,68.95,67.60,68.30,1950,190250
20201102,12:20,68.10,68.10,63.70,64.35,2375,191775
20201102,12:21,63.65,63.65,61.35,63.00,5700,191775
20201102,12:22,62.25,63.90,61.30,63.85,3050,191775
20201102,12:23,63.85,66.00,63.45,63.70,3550,190650
20201102,12:24,63.85,65.45,62.50,65.10,1850,190650
20201102,12:25,66.00,66.95,64.10,64.50,2400,190650
20201102,12:26,64.75,65.05,62.00,62.00,3025,189800
20201102,12:27,58.95,62.55,57.65,62.30,10150,189800
20201102,12:28,62.45,65.45,62.05,65.10,3275,189800
20201102,12:29,64.95,67.40,64.05,66.75,4925,189700
20201102,12:30,65.60,65.70,62.60,62.60,2350,189700
20201102,12:31,62.85,66.10,62.85,65.45,1350,189700
20201102,12:32,65.10,66.10,64.45,66.10,2675,190175
20201102,12:33,65.95,68.00,64.40,67.15,3600,190175
20201102,12:34,67.45,70.50,67.40,69.45,10725,190175
20201102,12:35,69.65,73.35,69.60,69.65,7100,189075
20201102,12:36,68.75,68.75,65.80,67.95,7125,189075
20201102,12:37,66.55,70.60,66.55,68.35,6825,189075
20201102,12:38,68.45,69.55,67.00,68.75,2950,191475
20201102,12:39,68.75,69.00,65.00,66.35,6100,191475
20201102,12:40,66.35,66.35,63.75,65.65,6100,191475
20201102,12:41,65.60,68.95,65.00,68.95,3700,190825
20201102,12:42,68.20,69.85,67.55,69.25,3250,190825
20201102,12:43,68.60,72.00,68.60,68.80,6875,190825
20201102,12:44,68.90,71.10,68.65,69.10,6025,191875
20201102,12:45,69.30,69.30,66.60,68.55,3775,191875
20201102,12:46,68.35,72.05,68.00,71.05,11950,191875
20201102,12:47,70.80,89.75,70.50,83.40,49725,189875
20201102,12:48,82.85,92.50,82.00,88.80,27875,189875
20201102,12:49,88.65,89.50,83.80,83.80,16975,189875
20201102,12:50,83.80,85.00,80.60,84.70,16225,195475
20201102,12:51,85.05,89.00,85.05,87.10,16150,195475
20201102,12:52,86.45,88.60,83.00,84.60,18950,195475
20201102,12:53,85.25,85.60,83.00,85.15,9050,198225
20201102,12:54,84.70,85.20,80.35,81.40,10550,198225
20201102,12:55,81.55,83.00,77.90,80.25,16100,198225
20201102,12:56,81.00,82.70,77.65,80.35,7775,200700
20201102,12:57,80.20,80.20,75.60,76.55,12025,200700
20201102,12:58,77.25,80.00,76.65,79.35,6800,200700
20201102,12:59,78.80,80.00,76.90,80.00,5300,198550
20201102,13:00,79.95,83.45,79.95,82.95,9825,198550
20201102,13:01,82.95,83.50,78.65,78.90,9750,198550
20201102,13:02,79.10,79.45,76.10,76.10,3625,198975
20201102,13:03,76.55,78.70,75.40,78.15,5050,198975
20201102,13:04,78.60,78.60,74.30,75.00,3500,198975
20201102,13:05,74.85,75.30,69.35,70.35,12425,200400
20201102,13:06,70.35,73.55,69.85,73.55,6575,200400
20201102,13:07,73.45,76.15,72.85,76.15,5675,200400
20201102,13:08,75.95,76.55,74.25,76.00,4750,200400
20201102,13:09,75.70,80.35,75.60,80.15,14050,196875
20201102,13:10,80.10,80.10,77.60,79.45,3975,196875
20201102,13:11,79.45,81.05,77.40,77.55,11325,196875
20201102,13:12,77.65,80.25,77.40,80.25,7225,197925
20201102,13:13,79.45,80.55,78.70,80.00,3900,197925
20201102,13:14,79.70,80.05,76.50,79.45,10000,198300
20201102,13:15,80.00,83.10,77.40,82.45,9300,198300
20201102,13:16,81.80,84.10,80.15,83.00,10975,198300
20201102,13:17,82.25,84.25,81.30,82.90,4500,198300
20201102,13:18,83.70,85.75,82.95,85.45,7950,195025
20201102,13:19,85.45,89.55,83.05,88.45,19925,195025
20201102,13:20,88.55,91.25,83.40,83.90,70875,195025
20201102,13:21,84.30,84.30,80.00,80.50,28975,226750
20201102,13:22,80.40,82.25,79.10,79.95,8775,226750
20201102,13:23,80.65,82.00,78.95,79.50,11700,226750
20201102,13:24,79.75,82.95,79.65,82.95,4100,245875
20201102,13:25,82.65,84.05,82.00,82.00,5300,245875
20201102,13:26,81.60,82.45,80.40,82.45,3625,245875
20201102,13:27,81.95,84.65,81.95,83.00,6825,246550
20201102,13:28,82.55,83.45,80.60,81.25,5775,246550
20201102,13:29,81.00,84.05,80.00,83.75,8700,246550
20201102,13:30,83.15,83.15,79.25,80.00,7700,247875
20201102,13:31,78.55,79.25,77.00,78.00,8875,247875
20201102,13:32,78.10,79.00,75.90,77.75,6850,247875
20201102,13:33,77.60,78.10,75.40,78.10,2325,249000
20201102,13:34,78.10,80.05,75.75,76.60,3025,249000
20201102,13:35,76.85,79.25,73.20,78.40,8625,249000
20201102,13:36,78.45,81.55,77.00,81.55,3725,249925
20201102,13:37,81.20,82.90,79.75,82.20,5600,249925
20201102,13:38,81.60,86.00,80.75,85.50,13500,249925
20201102,13:39,86.80,86.80,83.75,84.90,11100,247000
20201102,13:40,84.60,89.15,84.45,87.35,11350,247000
20201102,13:41,87.45,87.45,82.90,83.50,17050,247000
20201102,13:42,84.75,85.45,80.10,81.25,21250,247025
20201102,13:43,81.75,84.35,81.25,84.35,7175,247025
20201102,13:44,84.20,84.20,82.05,82.05,2875,247025
20201102,13:45,82.15,86.00,81.00,85.50,5300,248425
20201102,13:46,84.95,87.50,82.95,87.50,5950,248425
20201102,13:47,88.80,88.80,85.00,85.00,6350,248425
20201102,13:48,85.35,85.65,82.65,84.45,9275,249975
20201102,13:49,84.55,86.00,83.00,85.50,4200,249975
20201102,13:50,85.25,86.45,82.00,85.80,7675,249975
20201102,13:51,86.00,90.20,84.30,89.40,15550,251775
20201102,13:52,90.40,111.50,89.60,108.75,69225,251775
20201102,13:53,108.75,109.95,100.15,102.85,42600,251775
20201102,13:54,102.15,102.90,99.20,102.05,14700,253200
20201102,13:55,101.75,104.05,100.05,104.05,16125,253200
20201102,13:56,103.40,103.55,99.45,101.00,21175,253200
20201102,13:57,100.45,100.45,95.40,96.45,10575,271300
20201102,13:58,97.35,98.30,95.50,96.40,19500,271300
20201102,13:59,96.00,96.15,91.85,95.40,40100,271300
20201102,14:00,96.15,98.35,94.30,98.35,11275,302375
20201102,14:01,98.85,102.60,98.80,102.40,13500,302375
20201102,14:02,102.20,103.35,97.85,97.85,13375,302375
20201102,14:03,98.05,98.85,95.05,95.25,21850,302700
20201102,14:04,95.35,99.00,94.65,98.80,8100,302700
20201102,14:05,99.00,104.50,99.00,101.70,18250,302700
20201102,14:06,101.70,103.55,100.05,100.85,8200,311500
20201102,14:07,101.00,102.30,98.20,100.10,5225,311500
20201102,14:08,99.50,104.40,99.35,102.65,5625,311500
20201102,14:09,102.00,105.90,101.50,102.90,10675,314575
20201102,14:10,102.95,115.00,101.40,113.20,27275,314575
20201102,14:11,113.90,122.90,113.90,115.00,35675,314575
20201102,14:12,115.45,121.55,115.45,117.50,24800,326875
20201102,14:13,118.20,125.80,118.20,123.95,27500,326875
20201102,14:14,123.10,123.10,118.35,122.15,25175,326875
20201102,14:15,122.25,144.75,122.25,138.00,54125,363100
20201102,14:16,138.00,186.20,138.00,168.95,52250,363100
20201102,14:17,168.50,205.70,168.45,192.35,75500,363100
20201102,14:18,195.15,198.60,181.55,184.35,47850,365775
20201102,14:19,183.70,185.15,175.60,183.75,28250,365775
20201102,14:20,183.65,189.10,177.50,189.10,22350,365775
20201102,14:21,190.00,196.40,184.40,186.15,57725,369125
20201102,14:22,186.00,191.00,179.70,184.70,50675,369125
20201102,14:23,184.60,209.00,182.90,205.30,50100,369125
20201102,14:24,205.95,213.20,199.25,205.20,38850,336375
20201102,14:25,205.25,230.30,205.25,209.00,51500,336375
20201102,14:26,208.30,212.80,201.70,207.10,21050,336375
20201102,14:27,207.70,218.15,205.90,216.45,16125,328950
20201102,14:28,217.95,224.25,207.70,213.95,22225,328950
20201102,14:29,214.75,219.00,206.60,212.70,17675,328950
20201102,14:30,212.80,218.35,204.60,207.85,20950,327125
20201102,14:31,209.85,210.45,202.05,204.95,13375,327125
20201102,14:32,205.15,224.00,196.10,222.60,23025,327125
20201102,14:33,224.30,239.50,224.30,235.35,46775,330250
20201102,14:34,235.55,247.30,230.80,242.80,25900,330250
20201102,14:35,241.70,255.70,237.30,240.60,30125,330250
20201102,14:36,241.05,253.80,241.05,244.35,29450,323200
20201102,14:37,243.50,245.80,230.90,235.35,25575,323200
20201102,14:38,236.90,236.90,220.85,227.65,17325,323200
20201102,14:39,227.60,234.60,220.55,234.60,12750,327700
20201102,14:40,234.75,236.90,224.55,235.65,17375,327700
20201102,14:41,235.00,243.10,227.75,239.80,18875,327700
20201102,14:42,238.95,239.40,229.10,230.15,13350,328975
20201102,14:43,230.95,238.50,227.60,229.00,9375,328975
20201102,14:44,230.05,236.30,225.00,234.10,12425,328975
20201102,14:45,234.00,235.80,222.80,222.80,10675,328900
20201102,14:46,221.10,221.10,208.25,219.55,14900,328900
20201102,14:47,222.95,223.75,214.55,217.85,6975,328900
20201102,14:48,217.00,220.60,201.20,208.35,13400,326600
20201102,14:49,208.60,218.85,204.15,218.85,9650,326600
20201102,14:50,218.95,220.50,213.65,218.50,10350,326600
20201102,14:51,219.00,219.00,205.95,209.40,10525,328450
20201102,14:52,208.50,217.80,200.70,217.60,9975,328450
20201102,14:53,218.00,219.40,211.95,215.00,9450,328450
20201102,14:54,215.00,215.85,208.80,208.80,13225,331500
20201102,14:55,210.45,213.10,202.25,212.45,9000,331500
20201102,14:56,211.60,213.05,199.00,199.00,6650,331500
20201102,14:57,199.10,209.25,198.40,208.50,8800,330600
20201102,14:58,207.95,208.40,201.60,201.60,7100,330600
20201102,14:59,201.40,213.75,200.70,206.85,8450,330600
20201102,15:00,206.50,206.50,191.15,201.55,15100,328200
20201102,15:01,201.35,205.10,199.00,203.70,12400,328200
20201102,15:02,204.50,214.05,204.50,211.00,11725,328200
20201102,15:03,212.95,216.75,205.40,206.40,14825,326750
20201102,15:04,206.20,209.15,198.10,204.60,7575,326750
20201102,15:05,205.00,206.60,193.05,194.65,12575,326750
20201102,15:06,195.45,196.80,176.70,177.20,20850,321975
20201102,15:07,176.75,186.25,176.75,186.25,9950,321975
20201102,15:08,186.95,186.95,172.00,173.05,9375,321975
20201102,15:09,172.10,172.95,164.60,165.85,19650,318175
20201102,15:10,165.65,167.20,156.05,164.55,22225,318175
20201102,15:11,163.75,163.75,151.45,154.70,10400,318175
20201102,15:12,156.10,162.65,153.45,158.65,7950,313125
20201102,15:13,158.15,160.20,145.70,148.20,11950,313125
20201102,15:14,148.45,148.95,139.85,145.00,16325,313125
20201102,15:15,145.40,147.05,137.30,146.90,12350,314275
20201102,15:16,147.80,152.80,145.15,150.95,15225,314275
20201102,15:17,149.90,161.20,149.60,159.35,14075,314275
20201102,15:18,161.35,168.15,157.00,163.00,14125,317300
20201102,15:19,163.80,168.15,159.75,168.15,15500,317300
20201102,15:20,167.70,167.70,159.20,159.20,27825,317300
20201102,15:21,160.45,164.75,155.65,156.65,16625,308550
20201102,15:22,155.20,159.00,154.30,155.90,11675,308550
20201102,15:23,155.95,159.55,154.50,159.55,13225,308550
20201102,15:24,159.40,163.30,158.65,161.75,14550,298275
20201102,15:25,159.75,163.00,157.25,158.45,19225,298275
20201102,15:26,158.25,158.25,155.40,155.40,7700,298275
20201102,15:27,155.60,156.20,152.10,152.85,7550,284000
20201102,15:28,152.90,155.00,152.85,154.40,6675,284000
20201102,15:29,154.60,158.00,154.20,158.00,11075,284000
20201103,09:15,195.95,292.40,195.95,284.90,71527,279150
20201103,09:16,283.40,287.50,267.00,269.45,75675,279150
20201103,09:17,269.20,303.15,269.20,293.25,60575,281750
20201103,09:18,294.20,297.55,282.15,293.70,40925,281750
20201103,09:19,295.65,321.55,295.65,317.35,52100,281750
20201103,09:20,325.00,335.75,319.25,327.15,81600,251800
20201103,09:21,326.45,338.75,320.20,327.95,74050,251800
20201103,09:22,328.65,343.10,321.35,332.45,44575,251800
20201103,09:23,331.95,346.85,330.60,330.70,42975,213200
20201103,09:24,330.05,332.90,322.50,329.15,27675,213200
20201103,09:25,328.70,350.00,322.10,339.05,38875,213200
20201103,09:26,339.00,343.05,333.60,334.50,23750,201150
20201103,09:27,334.00,335.60,325.00,328.15,17175,201150
20201103,09:28,325.45,331.40,325.00,330.70,10025,201150
20201103,09:29,330.00,346.10,327.65,337.50,36525,205325
20201103,09:30,337.50,344.40,328.00,337.60,22300,205325
20201103,09:31,338.40,357.95,338.15,352.60,33350,205325
20201103,09:32,360.05,363.30,346.60,351.70,34900,205125
20201103,09:33,351.05,353.40,341.20,349.10,16325,205125
20201103,09:34,349.85,354.60,346.70,349.25,17850,205125
20201103,09:35,351.30,359.60,347.80,352.70,37875,208825
20201103,09:36,355.00,358.00,350.15,353.70,17550,208825
20201103,09:37,355.80,359.40,343.95,346.15,30625,208825
20201103,09:38,345.00,345.00,312.95,317.35,47950,198600
20201103,09:39,316.90,331.35,316.75,326.80,19375,198600
20201103,09:40,327.60,340.60,319.00,338.90,28675,198600
20201103,09:41,340.05,345.85,334.00,342.75,23425,199725
20201103,09:42,343.15,350.00,336.00,336.00,18550,199725
20201103,09:43,335.65,344.95,330.50,344.95,17975,199725
20201103,09:44,341.85,349.70,338.70,339.65,20925,199600
20201103,09:45,339.50,340.50,325.10,327.15,10750,199600
20201103,09:46,327.35,327.35,301.50,314.40,39100,199600
20201103,09:47,314.95,315.35,290.60,297.15,27800,200875
20201103,09:48,298.60,298.60,283.10,289.95,30075,200875
20201103,09:49,290.85,305.50,290.85,299.35,18325,200875
20201103,09:50,299.00,310.35,297.25,304.55,19550,203600
20201103,09:51,304.60,304.60,293.35,297.75,10425,203600
20201103,09:52,297.00,299.70,288.45,288.95,11075,203600
20201103,09:53,289.60,295.00,269.40,275.70,25650,206250
20201103,09:54,278.80,283.30,271.75,281.80,15825,206250
20201103,09:55,280.25,295.30,278.00,286.15,17525,206250
20201103,09:56,286.80,288.55,270.45,270.95,14750,209400
20201103,09:57,270.00,270.00,251.35,252.55,38975,209400
20201103,09:58,251.15,264.95,250.55,263.15,18625,209400
20201103,09:59,263.30,271.00,258.80,268.90,15075,215575
20201103,10:00,268.00,273.05,260.15,261.00,18325,215575
20201103,10:01,262.00,269.80,259.05,262.00,18000,215575
20201103,10:02,263.70,263.70,250.85,252.35,27650,227025
20201103,10:03,253.40,254.30,240.30,240.50,28825,227025
20201103,10:04,240.85,252.90,234.85,234.85,19125,227025
20201103,10:05,234.20,237.00,216.60,230.00,40950,228400
20201103,10:06,228.15,237.90,228.15,237.00,15500,228400
20201103,10:07,237.65,249.90,236.20,246.55,14700,228400
20201103,10:08,245.15,257.00,245.15,257.00,16100,225000
20201103,10:09,255.50,267.50,255.50,266.95,15125,225000
20201103,10:10,266.60,280.35,266.60,272.65,21850,225000
20201103,10:11,272.20,289.55,272.20,288.05,21050,227625
20201103,10:12,288.35,290.35,276.85,280.00,22625,227625
20201103,10:13,282.15,284.65,278.10,280.00,12700,227625
20201103,10:14,280.30,289.00,275.60,284.40,7350,223300
20201103,10:15,286.00,288.00,278.25,279.95,11175,223300
20201103,10:16,278.00,278.45,270.55,278.00,9925,223300
20201103,10:17,279.95,287.25,277.05,281.85,8650,228325
20201103,10:18,282.45,284.05,278.00,280.90,8725,228325
20201103,10:19,281.70,284.95,276.00,281.25,10475,228325
20201103,10:20,280.15,301.05,279.80,294.40,28700,228250
20201103,10:21,297.25,320.00,297.25,306.35,36125,228250
20201103,10:22,310.00,313.20,307.00,310.00,15775,228250
20201103,10:23,311.90,325.00,311.90,323.50,24500,228550
20201103,10:24,323.65,323.65,310.65,314.75,14200,228550
20201103,10:25,313.95,321.35,303.30,303.30,12275,228550
20201103,10:26,295.20,310.35,295.20,306.75,17000,231250
20201103,10:27,307.50,307.50,298.30,305.00,10000,231250
20201103,10:28,305.60,307.60,299.55,304.35,10100,231250
20201103,10:29,300.75,301.90,293.10,298.65,10950,235625
20201103,10:30,299.00,306.60,296.10,297.05,10200,235625
20201103,10:31,299.80,305.35,299.80,301.50,3375,235625
20201103,10:32,301.55,301.55,293.35,293.35,5950,235050
20201103,10:33,294.00,295.40,270.65,274.00,30550,235050
20201103,10:34,273.65,279.45,262.35,267.00,22050,235050
20201103,10:35,265.00,266.05,251.70,265.00,24000,229450
20201103,10:36,263.35,275.00,261.45,271.30,10950,229450
20201103,10:37,272.00,280.30,269.80,277.10,10000,229450
20201103,10:38,277.80,280.00,274.70,277.15,11700,230825
20201103,10:39,277.85,277.85,273.30,276.00,6375,230825
20201103,10:40,277.20,285.65,275.00,276.55,12175,230825
20201103,10:41,275.00,275.50,262.35,263.30,8975,231125
20201103,10:42,264.15,269.65,260.45,268.80,9975,231125
20201103,10:43,268.40,283.70,268.40,283.60,7550,231125
20201103,10:44,283.50,301.80,283.35,296.80,24350,228200
20201103,10:45,296.90,306.80,296.00,298.30,18975,228200
20201103,10:46,298.20,298.20,289.10,289.10,10250,228200
20201103,10:47,292.00,294.45,289.50,292.20,5525,227075
20201103,10:48,292.80,295.00,278.80,278.80,9800,227075
20201103,10:49,279.70,286.85,279.70,286.85,7750,227075
20201103,10:50,287.00,289.95,273.35,278.15,12025,229950
20201103,10:51,277.40,282.00,277.40,281.20,7825,229950
20201103,10:52,283.00,289.70,281.80,286.30,5525,229950
20201103,10:53,286.80,292.70,286.40,291.75,7550,227700
20201103,10:54,293.00,294.00,286.50,289.55,5600,227700
20201103,10:55,288.50,289.15,281.00,284.65,4950,227700
20201103,10:56,283.85,294.70,283.85,290.00,8350,227575
20201103,10:57,289.70,295.00,289.65,292.35,9850,227575
20201103,10:58,291.05,299.00,288.60,299.00,10825,227575
20201103,10:59,299.85,302.00,294.30,298.90,12025,228050
20201103,11:00,297.20,303.00,291.05,291.50,12250,228050
20201103,11:01,292.20,292.20,282.00,283.65,9450,228050
20201103,11:02,281.00,281.40,272.95,279.80,12775,229375
20201103,11:03,279.75,281.10,274.25,274.25,6575,229375
20201103,11:04,278.35,282.00,273.40,281.95,7600,229375
20201103,11:05,281.00,287.45,281.00,287.45,5150,232475
20201103,11:06,285.45,285.45,277.95,282.60,3950,232475
20201103,11:07,281.45,281.60,275.45,281.00,3450,232475
20201103,11:08,280.95,293.90,280.00,293.05,12050,231475
20201103,11:09,293.70,297.70,287.80,289.25,12300,231475
20201103,11:10,291.00,296.70,287.45,295.20,7675,231475
20201103,11:11,297.00,298.90,287.50,288.60,11500,235525
20201103,11:12,287.25,288.80,278.95,283.40,12600,235525
20201103,11:13,282.85,288.00,282.85,287.55,2450,235525
20201103,11:14,284.35,289.45,284.35,288.95,3000,235175
20201103,11:15,287.45,287.45,281.10,285.90,4650,235175
20201103,11:16,286.35,287.25,282.30,285.75,4825,235175
20201103,11:17,286.00,289.50,283.00,285.45,3450,236850
20201103,11:18,284.25,288.00,281.55,285.95,3425,236850
20201103,11:19,287.00,288.20,281.55,281.55,4000,236850
20201103,11:20,279.00,282.00,272.70,275.95,10975,236400
20201103,11:21,276.20,276.95,266.25,275.95,17125,236400
20201103,11:22,275.70,280.75,274.70,280.70,7850,236400
20201103,11:23,281.80,283.00,277.00,280.00,7025,240125
20201103,11:24,280.50,281.65,276.00,281.40,2275,240125
20201103,11:25,281.70,287.10,280.95,287.00,6650,240125
20201103,11:26,286.70,291.05,282.10,282.20,7600,239775
20201103,11:27,283.50,289.40,283.50,287.65,7325,239775
20201103,11:28,287.95,288.50,283.20,283.40,3550,239775
20201103,11:29,285.85,288.05,282.70,285.30,2525,241275
20201103,11:30,286.25,288.80,283.80,286.95,4925,241275
20201103,11:31,288.50,300.80,288.50,298.15,21325,241275
20201103,11:32,299.90,303.45,294.00,296.35,17125,240350
20201103,11:33,297.05,304.65,295.00,303.85,5775,240350
20201103,11:34,304.20,307.00,302.20,304.60,12300,240350
20201103,11:35,307.00,313.70,303.00,305.50,17125,238900
20201103,11:36,305.45,318.60,303.55,311.05,13600,238900
20201103,11:37,313.00,314.95,310.00,311.95,8775,238900
20201103,11:38,311.30,318.30,310.90,313.00,14200,237750
20201103,11:39,313.65,313.95,306.80,309.80,9200,237750
20201103,11:40,310.45,311.85,292.65,293.00,22125,237750
20201103,11:41,293.90,297.75,286.50,288.25,10175,241000
20201103,11:42,289.30,303.50,289.30,302.30,9175,241000
20201103,11:43,304.00,348.60,303.95,336.70,62450,241000
20201103,11:44,339.00,342.35,326.80,340.95,33300,233875
20201103,11:45,341.80,352.35,340.65,345.00,55700,233875
20201103,11:46,344.50,346.95,333.60,335.10,28675,233875
20201103,11:47,334.80,341.80,332.10,337.55,12425,236250
20201103,11:48,337.15,338.40,323.25,325.90,18225,236250
20201103,11:49,326.75,328.35,315.50,326.70,25725,236250
20201103,11:50,326.25,334.60,325.05,333.00,9025,238550
20201103,11:51,334.05,338.00,332.75,334.75,13525,238550
20201103,11:52,335.50,337.00,326.20,329.20,10000,238550
20201103,11:53,329.50,337.00,328.70,335.00,6925,238150
20201103,11:54,335.00,338.00,325.80,325.80,11950,238150
20201103,11:55,326.05,329.70,318.00,327.15,12175,238150
20201103,11:56,329.00,333.60,328.60,330.00,6475,235550
20201103,11:57,329.20,331.00,318.50,326.10,12025,235550
20201103,11:58,325.55,325.95,320.40,323.45,6700,235550
20201103,11:59,324.75,324.75,307.85,312.00,15900,238875
20201103,12:00,312.95,317.40,312.00,314.70,7525,238875
20201103,12:01,315.00,323.00,314.50,323.00,7900,238875
20201103,12:02,322.40,328.30,321.10,324.45,6125,240100
20201103,12:03,325.05,328.40,321.10,327.25,4850,240100
20201103,12:04,325.40,325.40,318.85,318.90,5350,240100
20201103,12:05,318.45,320.45,315.45,318.45,5500,241400
20201103,12:06,319.10,327.35,319.10,326.60,6750,241400
20201103,12:07,326.70,333.00,326.25,330.40,14450,241400
20201103,12:08,329.70,333.70,328.15,330.65,11600,242050
20201103,12:09,331.20,340.60,328.65,338.10,16450,242050
20201103,12:10,337.15,337.20,324.65,328.35,12750,242050
20201103,12:11,327.50,336.70,325.85,334.30,7400,241825
20201103,12:12,334.85,344.65,334.55,337.00,26525,241825
20201103,12:13,338.90,346.50,338.05,341.70,21175,241825
20201103,12:14,341.00,341.40,334.00,334.20,11575,243500
20201103,12:15,335.80,340.00,330.15,335.00,12625,243500
20201103,12:16,331.85,333.05,318.45,326.45,11875,243500
20201103,12:17,325.60,327.30,320.00,326.05,5050,243900
20201103,12:18,327.15,331.20,324.10,331.20,4850,243900
20201103,12:19,331.15,334.70,325.80,330.75,6675,243900
20201103,12:20,327.70,342.95,327.70,340.00,16575,242200
20201103,12:21,340.20,343.00,335.00,335.75,12950,242200
20201103,12:22,336.95,338.00,331.00,332.60,8600,242200
20201103,12:23,333.05,336.35,322.05,323.05,12025,243475
20201103,12:24,324.15,327.25,318.75,325.65,10925,243475
20201103,12:25,322.95,325.00,313.85,315.40,21950,243475
20201103,12:26,314.65,320.85,314.10,318.80,4500,241925
20201103,12:27,318.10,318.10,295.60,305.75,28925,241925
20201103,12:28,305.30,306.45,295.05,303.80,16875,241925
20201103,12:29,304.25,320.00,304.25,319.20,12675,242375
20201103,12:30,317.40,320.60,313.00,313.00,7150,242375
20201103,12:31,311.50,319.45,305.55,316.75,12975,242375
20201103,12:32,317.05,325.40,317.05,320.00,12375,244725
20201103,12:33,320.65,326.35,319.70,326.00,6850,244725
20201103,12:34,325.00,327.90,320.85,325.00,11575,244725
20201103,12:35,324.15,325.70,306.90,309.15,11100,247325
20201103,12:36,310.60,320.00,310.35,319.30,4425,247325
20201103,12:37,319.30,329.10,317.10,328.95,7700,247325
20201103,12:38,327.70,331.95,326.15,331.95,15800,251725
20201103,12:39,331.85,334.20,325.50,326.20,14825,251725
20201103,12:40,330.90,339.45,329.25,334.60,22250,251725
20201103,12:41,334.15,357.55,334.15,348.10,58850,254200
20201103,12:42,347.10,353.00,344.25,349.00,17850,254200
20201103,12:43,349.15,351.20,339.00,344.70,18525,254200
20201103,12:44,345.10,353.60,344.95,350.00,14775,258950
20201103,12:45,350.00,356.65,342.30,345.15,17925,258950
20201103,12:46,344.10,348.95,338.80,344.60,10475,258950
20201103,12:47,343.00,351.40,343.00,346.25,13675,258100
20201103,12:48,347.75,356.00,340.00,356.00,14800,258100
20201103,12:49,354.35,373.35,350.90,364.15,45850,258100
20201103,12:50,364.55,370.15,352.90,353.70,33075,255525
20201103,12:51,355.80,362.05,354.55,358.55,10550,255525
20201103,12:52,358.90,367.80,350.45,363.65,20500,255525
20201103,12:53,362.25,365.15,356.00,361.00,12700,258325
20201103,12:54,361.80,379.00,361.80,371.35,31075,258325
20201103,12:55,370.45,375.00,360.55,361.55,26575,258325
20201103,12:56,360.65,362.55,354.40,356.55,21000,259825
20201103,12:57,355.00,357.45,348.05,356.50,18050,259825
20201103,12:58,356.65,358.25,352.65,354.15,7300,259825
20201103,12:59,356.00,356.10,351.95,356.00,5350,260575
20201103,13:00,356.35,364.95,356.35,364.05,12650,260575
20201103,13:01,363.20,366.85,359.30,361.25,15575,260575
20201103,13:02,361.45,364.20,359.65,361.00,4925,263375
20201103,13:03,360.65,361.15,350.00,355.05,13400,263375
20201103,13:04,352.85,355.95,347.55,353.15,8825,263375
20201103,13:05,353.50,359.00,351.60,354.80,7125,263375
20201103,13:06,353.55,367.90,352.80,365.40,21325,266825
20201103,13:07,365.80,367.80,360.25,366.70,15825,266825
20201103,13:08,366.95,367.80,355.70,359.45,11700,272100
20201103,13:09,359.10,361.95,351.95,357.35,8950,272100
20201103,13:10,356.45,358.00,350.60,358.00,12150,272100
20201103,13:11,357.05,364.05,356.00,356.00,7475,268650
20201103,13:12,356.30,359.85,351.60,359.35,9725,268650
20201103,13:13,362.45,365.95,359.45,363.70,11925,268650
20201103,13:14,364.30,365.80,357.00,361.15,16325,268650
20201103,13:15,358.65,362.75,352.75,358.70,10900,273950
20201103,13:16,358.70,359.15,353.50,355.25,3575,273950
20201103,13:17,354.60,356.05,322.20,328.45,56950,273950
20201103,13:18,327.00,330.90,308.20,329.65,39675,263850
20201103,13:19,329.30,345.20,329.30,340.70,14025,263850
20201103,13:20,340.40,352.65,335.50,348.80,20375,263850
20201103,13:21,350.10,352.30,345.25,345.25,20700,260500
20201103,13:22,347.45,354.50,345.35,345.35,9175,260500
20201103,13:23,345.65,346.55,340.00,344.50,8000,260500
20201103,13:24,344.75,350.05,340.30,341.40,8600,268850
20201103,13:25,341.30,341.30,332.00,333.70,13925,268850
20201103,13:26,333.70,340.50,331.15,333.00,10675,268850
20201103,13:27,334.50,339.60,334.00,338.65,25150,272050
20201103,13:28,337.15,344.85,333.85,344.85,11850,272050
20201103,13:29,344.45,355.50,341.75,354.00,20975,272050
20201103,13:30,352.80,352.80,339.20,342.75,30050,265900
20201103,13:31,344.15,345.55,337.90,339.90,6725,265900
20201103,13:32,339.50,343.40,337.30,340.15,4700,265900
20201103,13:33,337.30,346.00,337.30,344.35,4775,275825
20201103,13:34,343.60,345.15,336.80,338.25,7200,275825
20201103,13:35,337.05,340.00,323.40,324.05,33200,275825
20201103,13:36,326.50,329.75,318.25,318.65,24100,267700
20201103,13:37,320.65,329.95,320.30,325.25,12175,267700
20201103,13:38,327.75,335.00,325.80,330.10,7750,267700
20201103,13:39,329.80,335.35,325.20,333.60,8350,262850
20201103,13:40,335.60,348.35,330.00,343.90,19325,262850
20201103,13:41,345.00,392.80,345.00,387.30,115950,262850
20201103,13:42,384.05,387.80,375.75,381.90,38650,253250
20201103,13:43,382.05,386.65,371.05,376.95,26875,253250
20201103,13:44,377.50,381.00,372.85,379.95,14350,253250
20201103,13:45,380.60,385.10,372.25,373.55,33600,260200
20201103,13:46,377.00,379.60,370.40,370.40,10350,260200
20201103,13:47,370.25,375.75,367.10,375.20,14675,260200
20201103,13:48,374.10,377.70,367.00,373.90,15350,260250
20201103,13:49,374.15,382.85,370.00,380.00,16625,260250
20201103,13:50,378.60,387.90,375.00,385.05,23050,260250
20201103,13:51,385.40,386.00,375.10,377.55,19600,264425
20201103,13:52,378.60,378.60,368.95,375.90,18525,264425
20201103,13:53,376.00,382.00,373.60,375.50,17625,264425
20201103,13:54,375.00,379.85,369.00,379.35,12475,265725
20201103,13:55,378.65,379.80,371.35,377.45,9850,265725
20201103,13:56,377.15,377.15,368.30,373.80,13475,265725
20201103,13:57,373.15,375.00,370.00,375.00,7700,268900
20201103,13:58,373.30,378.15,367.35,372.00,10850,268900
20201103,13:59,371.20,372.05,354.95,361.70,23650,268900
20201103,14:00,362.60,363.00,340.05,350.05,42550,266025
20201103,14:01,351.55,368.15,351.55,365.00,28075,266025
20201103,14:02,364.75,371.05,361.55,364.90,12450,266025
20201103,14:03,364.50,371.70,362.00,362.10,8625,263050
20201103,14:04,361.00,366.40,356.40,365.50,10825,263050
20201103,14:05,365.00,365.10,348.40,356.30,19325,263050
20201103,14:06,356.20,366.10,352.45,362.90,11875,264875
20201103,14:07,364.20,367.00,360.50,362.10,8850,264875
20201103,14:08,363.65,370.00,361.65,370.00,11875,264875
20201103,14:09,370.05,380.85,367.05,376.90,24325,264500
20201103,14:10,376.85,378.15,365.00,365.40,17625,264500
20201103,14:11,366.60,368.95,360.00,366.00,13200,264500
20201103,14:12,365.60,366.30,352.35,362.40,10025,265875
20201103,14:13,361.00,363.00,357.45,360.55,8050,265875
20201103,14:14,360.75,363.20,351.10,353.70,17450,265875
20201103,14:15,353.05,361.70,346.45,360.50,16050,268175
20201103,14:16,360.55,364.00,359.20,363.00,10875,268175
20201103,14:17,367.65,370.75,360.00,360.00,14875,268175
20201103,14:18,359.55,363.40,356.50,359.05,13100,268450
20201103,14:19,358.80,364.60,356.05,359.40,8675,268450
20201103,14:20,360.85,360.85,353.60,359.20,10800,268450
20201103,14:21,360.00,363.80,357.00,361.15,7425,267700
20201103,14:22,363.00,366.55,360.05,363.00,8450,267700
20201103,14:23,363.40,370.40,360.15,368.40,12875,267700
20201103,14:24,369.75,369.75,363.00,365.55,7775,265900
20201103,14:25,366.50,377.60,363.95,372.00,25050,265900
20201103,14:26,373.85,374.70,363.25,366.40,11775,265900
20201103,14:27,365.30,366.95,346.95,352.00,27875,265450
20201103,14:28,351.65,355.90,312.50,326.05,62875,265450
20201103,14:29,325.55,328.30,295.00,313.45,57775,265450
20201103,14:30,311.65,312.70,283.30,289.90,50950,254700
20201103,14:31,291.85,320.20,291.40,320.20,30725,254700
20201103,14:32,319.95,319.95,307.15,315.10,22575,254700
20201103,14:33,315.50,346.10,314.15,338.60,34925,252625
20201103,14:34,338.90,349.20,338.80,343.70,30600,252625
20201103,14:35,341.45,341.95,329.05,337.75,20975,252625
20201103,14:36,336.00,346.05,334.60,346.00,17350,259050
20201103,14:37,346.50,346.75,336.30,342.15,10125,259050
20201103,14:38,340.70,342.65,335.00,337.75,9050,259050
20201103,14:39,337.00,338.70,325.65,327.20,17275,260425
20201103,14:40,329.30,330.00,325.00,326.30,4875,260425
20201103,14:42,336.40,339.05,335.15,338.30,1175,260425
20201103,14:43,339.05,342.10,331.90,337.95,5650,260425
20201103,14:44,337.95,337.95,332.55,334.10,4200,260425
20201103,14:45,335.15,349.55,328.40,348.40,30325,257775
20201103,14:46,349.55,374.65,349.10,362.10,57500,257775
20201103,14:47,361.45,365.00,355.80,360.35,16550,257775
20201103,14:48,360.00,366.00,356.00,357.30,17100,253475
20201103,14:49,358.45,362.20,356.60,358.45,11050,253475
20201103,14:50,359.15,361.90,345.00,345.00,22450,253475
20201103,14:51,346.95,349.30,342.90,347.75,16450,252525
20201103,14:52,347.70,350.05,337.00,349.00,22475,252525
20201103,14:53,349.45,349.45,343.40,344.25,7075,252525
20201103,14:54,342.25,346.40,338.00,339.45,11575,257825
20201103,14:55,341.60,347.95,340.80,347.00,15975,257825
20201103,14:56,346.60,348.00,342.05,348.00,11275,257825
20201103,14:57,348.20,364.95,348.20,360.00,35925,262050
20201103,14:58,361.95,362.10,349.00,351.25,15850,262050
20201103,14:59,351.65,357.00,348.55,355.00,15875,262050
20201103,15:00,354.10,354.10,338.85,343.80,22500,264900
20201103,15:01,343.00,346.60,341.35,342.85,8050,264900
20201103,15:02,343.40,353.05,341.85,350.40,14025,264900
20201103,15:03,350.00,351.15,343.30,346.15,9400,258200
20201103,15:04,346.75,353.25,344.05,352.00,12925,258200
20201103,15:05,353.25,355.00,348.70,354.50,9950,258200
20201103,15:06,352.50,358.90,352.25,358.00,8900,254375
20201103,15:07,356.85,359.30,353.25,356.25,11775,254375
20201103,15:08,357.00,357.55,351.05,354.85,21225,254375
20201103,15:09,354.95,359.75,351.60,359.40,17375,254450
20201103,15:10,358.30,366.00,348.25,364.00,46775,254450
20201103,15:11,363.90,365.15,359.95,364.45,23075,254450
20201103,15:12,365.00,367.70,361.00,362.70,18075,239475
20201103,15:13,363.25,364.85,359.90,362.80,14150,239475
20201103,15:14,363.95,364.00,359.00,361.60,15050,239475
20201103,15:15,362.95,362.95,352.40,358.90,24900,231275
20201103,15:16,358.30,363.25,358.30,362.50,13275,231275
20201103,15:17,361.00,379.55,361.00,377.45,34950,231275
20201103,15:18,376.65,394.70,375.55,390.10,33425,217475
20201103,15:19,388.50,404.00,386.10,400.65,47075,217475
20201103,15:20,401.00,410.40,391.50,405.70,42125,217475
20201103,15:21,404.75,423.05,404.75,412.20,39700,211500
20201103,15:22,412.85,416.30,403.90,403.90,27575,211500
20201103,15:23,402.65,407.35,399.20,400.70,15300,211500
20201103,15:24,399.10,410.00,399.10,405.00,30650,207600
20201103,15:25,404.70,410.00,395.00,399.20,34300,207600
20201103,15:26,398.90,400.25,389.55,398.40,22400,207600
20201103,15:27,396.15,397.30,390.00,393.20,10625,198225
20201103,15:28,391.70,393.35,383.05,384.50,14550,198225
20201103,15:29,383.20,384.95,380.20,380.20,17300,198225
20201103,15:30,375.00,375.00,375.00,375.00,1050,198225
20201104,09:15,350.05,493.00,303.10,405.00,83503,192575
20201104,09:16,404.20,404.20,358.60,370.10,66725,192575
20201104,09:17,374.50,377.80,350.00,369.10,45250,197700
20201104,09:18,368.70,390.20,368.70,375.25,50575,197700
20201104,09:19,376.20,376.20,351.10,351.55,46225,197700
20201104,09:20,354.40,354.90,312.05,322.10,57350,216950
20201104,09:21,319.65,319.65,297.05,302.40,65350,216950
20201104,09:22,306.00,318.05,291.70,306.00,40450,216950
20201104,09:23,304.45,317.05,291.05,303.70,39650,243000
20201104,09:24,303.75,305.20,286.05,295.90,31300,243000
20201104,09:25,296.00,307.45,290.20,294.70,25425,243000
20201104,09:26,295.00,302.15,282.35,300.75,36550,242400
20201104,09:27,301.25,301.25,287.70,289.30,25375,242400
20201104,09:28,290.00,290.00,272.10,281.60,35925,242400
20201104,09:29,282.95,286.25,262.10,266.15,40300,251050
20201104,09:30,265.40,278.40,255.00,277.70,50550,251050
20201104,09:31,278.95,279.00,270.65,272.25,30225,251050
20201104,09:32,270.90,282.00,268.00,278.25,28400,253100
20201104,09:33,277.45,297.00,277.45,289.90,53200,253100
20201104,09:34,292.35,294.95,285.35,288.30,26700,253100
20201104,09:35,287.65,299.00,284.05,288.00,34550,259575
20201104,09:36,287.45,295.00,285.50,288.15,18175,259575
20201104,09:37,287.60,294.85,285.10,286.65,19300,259575
20201104,09:38,285.20,294.40,282.85,292.00,23375,271175
20201104,09:39,294.00,303.50,289.90,296.95,28950,271175
20201104,09:40,296.25,298.45,288.00,292.55,19350,271175
20201104,09:41,293.00,333.75,293.00,333.75,71875,274850
20201104,09:42,334.05,371.10,334.05,363.25,95300,274850
20201104,09:43,362.50,380.00,358.85,372.50,96250,274850
20201104,09:44,374.90,379.70,362.15,369.05,51675,278500
20201104,09:45,371.35,400.80,371.35,396.00,96200,278500
20201104,09:46,395.85,397.75,364.90,364.90,57725,278500
20201104,09:47,365.95,368.30,346.25,352.65,43700,282900
20201104,09:48,353.95,370.20,352.10,366.30,36950,282900
20201104,09:49,365.70,373.35,358.75,361.15,34950,282900
20201104,09:50,361.10,361.60,343.25,343.25,31025,299100
20201104,09:51,342.85,346.50,320.00,320.55,79425,299100
20201104,09:52,315.70,335.00,315.70,329.00,50675,299100
20201104,09:53,330.50,338.95,322.00,322.00,33200,286000
20201104,09:54,323.30,333.10,322.55,326.05,26775,286000
20201104,09:55,323.35,345.85,320.45,342.00,39400,286000
20201104,09:56,342.80,351.65,341.05,349.10,27725,290325
20201104,09:57,348.75,348.75,330.70,332.00,31025,290325
20201104,09:58,331.95,338.35,322.05,326.70,31875,290325
20201104,09:59,326.55,335.15,325.20,328.85,19325,304075
20201104,10:00,328.00,331.15,318.20,318.20,25975,304075
20201104,10:01,321.10,328.00,316.85,324.45,18500,304075
20201104,10:02,322.20,330.25,311.30,311.35,24300,316425
20201104,10:03,312.85,328.55,312.85,323.45,26575,316425
20201104,10:04,320.95,326.70,315.05,315.05,22400,316425
20201104,10:05,313.20,313.60,272.55,272.55,90925,319775
20201104,10:06,273.55,286.70,273.55,282.20,40350,319775
20201104,10:07,282.50,292.45,279.15,290.30,24850,319775
20201104,10:08,290.15,290.35,277.40,281.80,18950,315600
20201104,10:09,283.10,288.70,275.00,288.70,13175,315600
20201104,10:10,286.70,298.45,283.25,295.30,27500,315600
20201104,10:11,296.60,303.05,286.10,286.10,24900,312700
20201104,10:12,285.50,286.55,270.60,271.45,33350,312700
20201104,10:13,272.75,279.10,269.30,270.40,28800,312700
20201104,10:14,273.65,273.65,244.35,252.65,62650,321600
20201104,10:15,254.05,264.20,232.00,237.20,73750,321600
20201104,10:16,238.60,242.70,214.00,218.45,111125,321600
20201104,10:17,218.40,226.95,200.00,224.75,78675,321700
20201104,10:18,224.30,237.75,224.30,229.00,40800,321700
20201104,10:19,226.00,226.15,206.05,214.25,40500,321700
20201104,10:20,215.20,222.75,206.20,217.80,47125,331475
20201104,10:21,219.10,226.25,212.30,225.95,34875,331475
20201104,10:22,226.20,231.80,223.55,227.70,23625,331475
20201104,10:23,232.00,237.55,227.05,233.40,29850,335425
20201104,10:24,234.35,240.55,224.40,224.40,42700,335425
20201104,10:25,223.25,236.50,223.25,235.00,12675,335425
20201104,10:26,236.05,244.60,233.00,238.60,24475,337375
20201104,10:27,238.60,239.85,231.70,236.15,17825,337375
20201104,10:28,235.00,240.10,230.25,233.25,12550,337375
20201104,10:29,233.30,235.00,221.20,226.90,24475,336975
20201104,10:30,222.20,232.50,216.75,232.50,31550,336975
20201104,10:31,231.15,234.50,220.00,224.30,16825,336975
20201104,10:32,223.25,226.80,207.55,207.55,26875,343200
20201104,10:33,206.20,220.00,205.20,220.00,18650,343200
20201104,10:34,217.95,230.95,217.95,230.60,23900,343200
20201104,10:35,231.20,236.40,224.55,226.80,22025,349050
20201104,10:36,228.25,228.25,216.10,218.85,9200,349050
20201104,10:37,218.05,228.00,217.50,227.50,9825,349050
20201104,10:38,226.50,237.45,226.45,235.30,22200,352825
20201104,10:39,235.60,236.25,224.55,229.00,24400,352825
20201104,10:40,226.55,228.80,220.00,220.00,11575,352825
20201104,10:41,221.00,228.95,220.20,222.75,13575,353825
20201104,10:42,224.75,233.75,223.90,232.90,12800,353825
20201104,10:43,231.85,233.00,227.00,231.85,5825,353825
20201104,10:44,232.10,232.10,221.25,228.00,15075,359950
20201104,10:45,225.15,227.10,220.25,225.00,8950,359950
20201104,10:46,223.55,223.55,213.35,222.15,23600,359950
20201104,10:47,221.55,221.55,205.85,213.30,32425,366600
20201104,10:48,212.10,221.55,212.00,218.10,10850,366600
20201104,10:49,218.00,220.00,212.70,217.95,8850,366600
20201104,10:50,218.10,218.10,204.00,214.45,19550,371150
20201104,10:51,215.25,216.95,205.70,207.80,23850,371150
20201104,10:52,209.35,217.00,206.85,209.30,18125,371150
20201104,10:53,208.85,211.55,195.85,201.80,36775,369025
20201104,10:54,200.50,201.55,188.40,200.00,49025,369025
20201104,10:55,198.25,205.15,191.30,205.10,20925,369025
20201104,10:56,204.45,212.80,204.45,208.25,16975,366650
20201104,10:57,208.70,213.85,204.65,210.00,15175,366650
20201104,10:58,209.05,217.00,207.05,212.85,18625,366650
20201104,10:59,213.65,214.50,206.15,206.35,32775,383675
20201104,11:00,207.70,211.10,199.30,201.75,26025,383675
20201104,11:01,201.70,206.60,198.60,201.80,12800,383675
20201104,11:02,202.45,212.40,202.45,209.00,14925,390400
20201104,11:03,209.25,209.25,200.50,200.50,20075,390400
20201104,11:04,200.30,206.10,200.30,203.80,7225,390400
20201104,11:05,206.00,231.85,206.00,224.90,82025,387250
20201104,11:06,225.00,244.95,225.00,239.85,63575,387250
20201104,11:07,241.80,256.90,241.80,245.65,54675,387250
20201104,11:08,247.50,247.80,236.45,236.75,30900,366950
20201104,11:09,236.85,245.00,234.75,240.25,21800,366950
20201104,11:10,240.00,253.35,237.50,245.75,33200,366950
20201104,11:11,246.60,260.75,246.60,257.45,41275,371600
20201104,11:12,259.10,261.30,243.30,246.00,31950,371600
20201104,11:13,246.25,247.60,236.95,239.50,25100,371600
20201104,11:14,240.85,243.25,230.15,232.20,22575,378775
20201104,11:15,233.40,234.50,225.50,234.05,30200,378775
20201104,11:16,233.35,235.90,225.75,226.55,14175,378775
20201104,11:17,227.20,227.20,214.90,217.45,36175,372725
20201104,11:18,218.40,224.40,215.15,218.55,21775,372725
20201104,11:19,218.25,218.25,201.45,205.65,30850,372725
20201104,11:20,204.75,214.30,204.00,209.90,21550,372850
20201104,11:21,209.15,218.35,207.70,218.35,15150,372850
20201104,11:22,217.45,224.10,216.05,219.50,20525,372850
20201104,11:23,219.45,228.30,217.55,226.65,15375,373425
20201104,11:24,226.30,231.00,222.60,224.00,19800,373425
20201104,11:25,224.15,225.00,213.20,216.40,16475,373425
20201104,11:26,215.95,220.50,213.15,218.40,10775,372425
20201104,11:27,218.50,230.70,218.50,222.55,23975,372425
20201104,11:28,222.40,229.35,221.85,224.00,10825,372425
20201104,11:29,223.05,224.65,219.45,224.65,8175,373825
20201104,11:30,222.10,224.50,216.10,222.85,13875,373825
20201104,11:31,222.75,228.00,220.50,223.90,9825,373825
20201104,11:32,225.50,225.50,217.60,220.90,12175,375500
20201104,11:33,219.75,219.75,210.25,219.30,17925,375500
20201104,11:34,218.95,220.75,209.85,211.50,12625,375500
20201104,11:35,212.15,215.25,208.60,214.90,15600,377850
20201104,11:36,215.20,220.30,209.00,209.50,15950,377850
20201104,11:37,209.45,215.30,206.25,215.15,16925,377850
20201104,11:38,215.70,221.80,215.70,221.80,13875,375275
20201104,11:39,220.70,224.65,217.00,222.35,12550,375275
20201104,11:40,223.25,239.25,220.40,239.25,37225,375275
20201104,11:41,239.30,247.80,237.40,243.20,51450,374475
20201104,11:42,242.75,244.85,231.35,238.30,35375,374475
20201104,11:43,239.85,241.50,237.25,241.00,13675,374475
20201104,11:44,242.60,261.05,241.65,250.00,54150,381175
20201104,11:45,252.90,257.50,244.70,247.15,34550,381175
20201104,11:46,248.40,249.55,236.65,239.00,17950,381175
20201104,11:47,239.00,239.25,229.70,234.30,24025,382900
20201104,11:48,235.00,235.00,227.00,231.70,22300,382900
20201104,11:49,230.60,233.95,229.50,230.65,9150,382900
20201104,11:50,229.95,235.70,229.95,230.70,9600,388175
20201104,11:51,232.15,234.65,218.15,224.15,28500,388175
20201104,11:52,225.05,234.90,224.90,233.60,19300,388175
20201104,11:53,234.00,235.75,225.00,225.00,13350,397100
20201104,11:54,224.15,232.25,224.15,231.45,7800,397100
20201104,11:55,233.25,233.40,225.00,231.45,13625,397100
20201104,11:56,228.85,231.55,225.20,231.05,9125,403250
20201104,11:57,230.20,233.00,228.40,232.65,8275,403250
20201104,11:58,233.20,233.20,223.80,226.55,11925,403250
20201104,11:59,226.05,226.10,217.50,223.50,18725,408600
20201104,12:00,224.75,232.25,224.75,227.85,20075,408600
20201104,12:01,230.00,233.60,225.35,226.70,18500,408600
20201104,12:02,226.15,226.45,219.55,220.20,15200,407075
20201104,12:03,219.85,226.65,219.00,220.00,11700,407075
20201104,12:04,220.55,223.15,205.00,205.00,24875,407075
20201104,12:05,206.45,214.95,200.50,212.55,31700,410475
20201104,12:06,214.80,220.65,213.65,217.25,14550,410475
20201104,12:07,219.10,227.90,218.90,224.40,17150,410475
20201104,12:08,222.55,226.50,219.30,226.20,13175,410550
20201104,12:09,224.20,226.30,218.50,224.15,10250,410550
20201104,12:10,224.30,224.30,215.00,217.35,17450,410550
20201104,12:11,217.55,223.60,216.00,217.25,7575,416100
20201104,12:12,216.85,217.55,210.50,216.00,9025,416100
20201104,12:13,215.30,217.50,210.00,210.35,14175,416100
20201104,12:14,211.40,211.95,203.60,205.10,17000,416150
20201104,12:15,204.35,208.05,190.00,192.95,43225,416150
20201104,12:16,191.35,199.50,181.30,193.05,45675,416150
20201104,12:17,193.95,199.70,193.40,195.00,18900,420000
20201104,12:18,194.40,203.25,194.40,199.45,20050,420000
20201104,12:19,198.30,203.00,196.95,197.00,12325,420000
20201104,12:20,195.50,207.65,193.05,201.35,27100,422075
20201104,12:21,201.15,203.85,196.85,197.30,8825,422075
20201104,12:22,197.05,201.65,195.80,199.55,9925,422075
20201104,12:23,199.60,201.90,191.25,192.30,13150,428200
20201104,12:24,191.85,200.60,189.95,200.60,19500,428200
20201104,12:25,202.00,210.65,199.85,208.95,33750,428200
20201104,12:26,208.50,219.45,207.40,212.85,32275,422375
20201104,12:27,213.50,217.65,211.75,213.80,13775,422375
20201104,12:28,212.40,216.35,210.10,210.15,10600,422375
20201104,12:29,211.80,217.80,210.25,216.85,18150,422325
20201104,12:30,216.95,222.85,211.70,219.85,30475,422325
20201104,12:31,219.60,225.25,219.30,222.60,24050,422325
20201104,12:32,223.05,224.65,214.30,215.75,23050,411875
20201104,12:33,216.00,222.70,215.05,216.50,9775,411875
20201104,12:34,217.60,218.80,211.60,216.40,14050,411875
20201104,12:35,216.80,216.80,209.35,209.35,14200,419025
20201104,12:36,210.00,219.65,208.65,218.15,15550,419025
20201104,12:37,217.95,219.45,215.40,219.20,12050,419025
20201104,12:38,218.80,227.75,218.80,224.40,31850,410000
20201104,12:39,223.85,226.80,216.45,220.65,11900,410000
20201104,12:40,220.85,224.80,218.65,219.05,12600,410000
20201104,12:41,219.40,223.85,216.90,218.65,13850,415925
20201104,12:42,219.20,223.85,217.00,220.50,10150,415925
20201104,12:43,221.05,225.65,219.50,224.00,11350,415925
20201104,12:44,223.15,226.90,216.60,219.30,14075,409650
20201104,12:45,218.60,218.60,204.40,207.05,33000,409650
20201104,12:46,205.50,214.00,204.95,213.75,17900,409650
20201104,12:47,211.05,211.95,205.45,208.70,10000,406925
20201104,12:48,208.80,211.30,200.10,202.30,17950,406925
20201104,12:49,202.15,210.80,202.15,207.10,8575,406925
20201104,12:50,205.75,206.20,193.00,202.85,20925,413350
20201104,12:51,202.85,204.65,198.45,200.40,9625,413350
20201104,12:52,200.00,200.80,192.50,197.70,23900,413350
20201104,12:53,198.00,211.50,195.90,208.95,30375,417600
20201104,12:54,208.30,220.70,207.70,216.90,33150,417600
20201104,12:55,215.55,218.30,213.35,217.95,13675,417600
20201104,12:56,219.40,227.00,218.25,219.40,29100,413775
20201104,12:57,220.00,220.35,209.60,214.10,17750,413775
20201104,12:58,214.75,217.65,203.60,205.70,18175,413775
20201104,12:59,204.75,205.00,196.00,203.85,25850,419525
20201104,13:00,204.45,206.25,199.05,204.30,15250,419525
20201104,13:01,203.95,208.80,197.05,198.00,31650,419525
20201104,13:02,198.10,199.40,190.80,191.70,36675,432250
20201104,13:03,191.85,204.80,191.85,197.85,29525,432250
20201104,13:04,199.55,200.75,178.00,186.25,52050,432250
20201104,13:05,186.40,186.40,169.95,180.00,77375,438225
20201104,13:06,180.85,188.25,179.70,181.90,39550,438225
20201104,13:07,181.35,185.40,177.60,185.40,23100,438225
20201104,13:08,186.80,187.05,177.95,178.20,25650,432550
20201104,13:09,174.80,179.40,170.55,176.95,34250,432550
20201104,13:10,177.55,177.55,157.70,162.35,69600,432550
20201104,13:11,160.35,161.65,132.70,132.70,100900,438900
20201104,13:12,132.60,137.30,126.00,134.10,88025,438900
20201104,13:13,132.50,138.50,121.05,136.85,68450,438900
20201104,13:14,138.15,143.45,136.35,137.05,67275,412125
20201104,13:15,137.65,137.65,120.55,129.40,85925,412125
20201104,13:16,130.00,133.20,125.75,127.25,41800,412125
20201104,13:17,127.70,129.25,123.85,125.65,31550,406900
20201104,13:18,123.85,123.85,107.55,112.05,98800,406900
20201104,13:19,110.90,119.90,102.00,107.55,71150,406900
20201104,13:20,107.60,114.15,103.75,110.20,68875,406900
20201104,13:21,111.25,117.50,107.55,111.30,59800,397800
20201104,13:22,110.55,116.30,110.25,116.10,47350,397800
20201104,13:23,116.70,129.25,114.75,128.50,55000,397800
20201104,13:24,127.20,127.50,116.45,116.45,35500,396400
20201104,13:25,115.75,120.75,115.10,119.75,38475,396400
20201104,13:26,119.10,148.95,116.60,142.85,100775,396400
20201104,13:27,145.70,147.15,135.15,142.10,44325,401200
20201104,13:28,141.50,141.50,133.40,138.00,18125,401200
20201104,13:29,138.75,147.00,135.75,143.05,26375,401200
20201104,13:30,141.30,145.55,134.60,134.60,36400,403675
20201104,13:31,134.55,146.15,134.55,141.65,31450,403675
20201104,13:32,138.55,143.90,136.20,136.50,20400,403675
20201104,13:33,136.55,143.00,134.00,140.00,17800,406000
20201104,13:34,140.10,142.35,134.40,135.70,16725,406000
20201104,13:35,136.60,136.60,117.85,120.85,59725,406000
20201104,13:36,121.50,125.80,118.60,120.70,36975,398025
20201104,13:37,121.85,131.10,119.35,130.00,27975,398025
20201104,13:38,129.25,129.50,122.95,126.00,21250,398025
20201104,13:39,125.45,128.45,121.00,128.45,26500,399750
20201104,13:40,127.65,139.85,125.60,134.35,38850,399750
20201104,13:41,136.05,136.05,130.10,131.65,25450,399750
20201104,13:42,131.95,132.25,125.35,125.35,28650,400250
20201104,13:43,126.70,136.00,122.45,136.00,30025,400250
20201104,13:44,136.20,140.75,133.30,136.00,36625,400250
20201104,13:45,137.90,140.05,128.80,133.40,30600,390200
20201104,13:46,132.65,137.65,129.25,134.55,20475,390200
20201104,13:47,134.45,140.00,130.90,138.70,20175,390200
20201104,13:48,137.90,154.95,137.90,150.50,54200,391825
20201104,13:49,147.55,153.15,141.70,153.15,34475,391825
20201104,13:50,153.45,153.45,143.25,144.20,40650,391825
20201104,13:51,144.10,150.00,142.95,148.20,29450,392825
20201104,13:52,148.85,153.75,144.30,150.45,18000,392825
20201104,13:53,150.25,170.15,145.85,163.60,81500,392825
20201104,13:54,162.15,169.30,159.85,166.40,43650,389375
20201104,13:55,168.90,169.25,154.50,156.85,42025,389375
20201104,13:56,155.55,158.25,150.00,153.80,23800,389375
20201104,13:57,153.25,153.70,143.50,148.10,21350,391075
20201104,13:58,148.60,183.85,148.60,179.40,47850,391075
20201104,13:59,187.30,215.30,185.00,207.95,103450,391075
20201104,14:00,207.75,212.60,190.40,195.00,67225,384875
20201104,14:01,193.40,202.95,192.00,199.70,49400,384875
20201104,14:02,202.60,220.55,199.20,215.00,93875,384875
20201104,14:03,213.90,213.90,197.10,198.75,41500,384175
20201104,14:04,197.50,206.00,191.55,196.55,38425,384175
20201104,14:05,195.45,198.50,178.25,179.70,65150,384175
20201104,14:06,177.70,177.70,166.55,172.20,51100,394325
20201104,14:07,172.20,179.20,166.70,171.05,47125,394325
20201104,14:08,170.50,177.10,168.20,176.40,22750,394325
20201104,14:09,175.00,178.00,169.05,172.65,14475,384800
20201104,14:10,176.05,178.20,165.85,174.35,29975,384800
20201104,14:11,177.30,186.40,175.90,186.30,38375,384800
20201104,14:12,186.20,186.30,178.60,178.60,17150,365975
20201104,14:13,179.55,182.80,174.15,180.70,21125,365975
20201104,14:14,181.55,191.35,177.95,180.65,35725,365975
20201104,14:15,179.55,218.70,179.55,213.60,78625,361775
20201104,14:16,215.90,236.05,215.20,228.45,99350,361775
20201104,14:17,227.85,231.30,222.55,229.40,61775,361775
20201104,14:18,232.05,232.05,217.20,227.75,48675,362475
20201104,14:19,229.40,248.55,226.40,246.00,90150,362475
20201104,14:20,245.95,252.00,237.85,240.90,81075,362475
20201104,14:21,240.00,254.00,237.00,238.85,63000,358700
20201104,14:22,238.45,240.25,222.95,223.80,45975,358700
20201104,14:23,225.30,233.30,221.00,231.25,31800,358700
20201104,14:24,231.05,239.60,229.65,232.65,27025,359650
20201104,14:25,233.20,257.05,233.20,251.30,74850,359650
20201104,14:26,250.95,291.90,247.70,291.90,113225,359650
20201104,14:27,287.25,334.00,281.60,329.85,176075,362125
20201104,14:28,329.20,357.05,320.20,346.75,176375,362125
20201104,14:29,349.50,357.75,322.20,328.05,94675,362125
20201104,14:30,335.30,363.25,334.50,340.00,106425,362000
20201104,14:31,337.05,351.80,333.75,341.30,51825,362000
20201104,14:32,338.60,339.15,284.65,299.65,105075,362000
20201104,14:33,300.50,300.50,270.80,284.20,68525,362450
20201104,14:34,284.20,304.35,271.45,302.70,64025,362450
20201104,14:35,297.80,323.30,297.80,314.75,77675,362450
20201104,14:36,313.05,319.65,305.85,305.85,39175,350825
20201104,14:37,304.50,320.00,299.65,320.00,40150,350825
20201104,14:38,317.60,328.60,311.60,316.70,46850,350825
20201104,14:39,315.00,323.55,307.80,308.00,32575,324850
20201104,14:40,309.10,318.40,298.30,318.40,35150,324850
20201104,14:41,319.15,322.10,290.15,294.90,48925,324850
20201104,14:42,294.90,294.90,275.00,284.70,44475,319250
20201104,14:43,284.65,291.40,276.30,287.85,41600,319250
20201104,14:44,290.05,300.70,287.10,288.25,36200,319250
20201104,14:45,288.25,302.35,281.70,293.50,43325,314875
20201104,14:46,294.50,300.95,293.55,296.55,24250,314875
20201104,14:47,296.35,312.10,287.30,308.65,39650,314875
20201104,14:48,312.70,331.60,309.20,331.60,73550,317275
20201104,14:49,326.95,326.95,309.00,314.40,34575,317275
20201104,14:50,315.00,323.00,297.05,297.05,41025,317275
20201104,14:51,297.15,307.90,294.05,299.35,22725,322425
20201104,14:52,299.95,303.80,292.65,297.60,20500,322425
20201104,14:53,294.75,310.05,293.15,304.00,25625,322425
20201104,14:54,304.50,329.00,302.60,325.50,52775,337700
20201104,14:55,327.00,336.00,310.00,318.35,45200,337700
20201104,14:56,318.40,325.85,310.75,313.50,24925,337700
20201104,14:57,312.95,328.80,312.95,324.20,25200,325750
20201104,14:58,325.25,346.15,323.60,334.80,56050,325750
20201104,14:59,333.70,359.30,333.70,359.30,52975,325750
20201104,15:00,357.80,357.80,334.95,345.55,35225,324750
20201104,15:01,346.30,353.25,339.30,339.30,21050,324750
20201104,15:02,337.95,352.00,336.25,346.55,23000,324750
20201104,15:03,346.55,355.00,337.05,344.55,28775,319075
20201104,15:04,342.50,350.00,331.55,350.00,21925,319075
20201104,15:05,347.25,347.25,327.40,337.70,20775,319075
20201104,15:06,336.65,346.75,334.70,346.75,14125,304500
20201104,15:07,343.90,363.00,343.90,357.00,40650,304500
20201104,15:08,357.00,366.60,351.10,359.60,43450,304500
20201104,15:09,356.55,363.35,350.50,352.60,27100,293825
20201104,15:10,350.60,355.20,331.80,331.80,29025,293825
20201104,15:11,332.50,332.50,317.35,322.25,28625,293825
20201104,15:12,321.25,324.45,298.45,300.35,36700,290500
20201104,15:13,300.55,307.55,286.70,307.20,37725,290500
20201104,15:14,306.60,320.00,305.05,311.00,23125,290500
20201104,15:15,312.50,318.90,305.80,306.05,27900,284175
20201104,15:16,306.40,311.70,297.90,302.20,26125,284175
20201104,15:17,300.30,305.15,296.35,303.65,18750,284175
20201104,15:18,302.45,310.50,301.90,308.95,18525,282850
20201104,15:19,306.60,309.50,303.40,306.45,13700,282850
20201104,15:20,304.90,309.95,291.60,299.80,28825,282850
20201104,15:21,300.45,300.45,277.00,277.25,28325,271900
20201104,15:22,280.00,284.60,262.05,262.05,36775,271900
20201104,15:23,263.65,269.00,243.95,243.95,32375,271900
20201104,15:24,245.50,256.35,242.65,243.80,34275,248075
20201104,15:25,244.20,257.25,244.20,252.55,27600,248075
20201104,15:26,252.95,255.30,246.75,248.55,22600,248075
20201104,15:27,248.00,250.15,247.30,247.65,23375,235150
20201104,15:28,248.75,248.75,241.50,242.15,20925,235150
20201104,15:29,242.90,245.00,236.80,239.05,25250,235150
20201104,15:30,243.50,243.50,243.50,243.50,50,235150
20201105,09:15,475.00,560.95,445.70,499.60,72703,236900
20201105,09:16,491.00,538.70,491.00,532.35,36150,236900
20201105,09:17,530.20,535.60,505.45,509.40,18350,230575
20201105,09:18,509.25,535.25,507.40,526.80,20500,230575
20201105,09:19,525.70,530.00,500.15,521.05,12475,230575
20201105,09:20,520.00,550.00,520.00,522.55,39275,232400
20201105,09:21,530.05,546.45,521.20,521.20,11400,232400
20201105,09:22,522.40,539.25,516.10,528.05,5075,232400
20201105,09:23,526.20,526.20,448.05,470.05,20775,226200
20201105,09:24,472.00,476.50,428.15,441.00,8100,226200
20201105,09:25,438.05,475.65,437.00,456.00,6700,226200
20201105,09:26,452.00,464.15,409.65,425.00,14100,198600
20201105,09:27,425.40,449.00,422.85,424.85,10850,198600
20201105,09:28,427.25,458.00,427.25,452.50,5000,198600
20201105,09:29,450.00,459.00,425.00,435.00,8800,195100
20201105,09:30,423.25,429.70,404.95,429.55,6550,195100
20201105,09:31,433.35,450.90,433.05,435.05,5850,195100
20201105,09:32,438.45,455.45,435.70,446.05,6375,198075
20201105,09:33,445.00,462.00,434.35,452.75,9350,198075
20201105,09:34,452.60,458.00,443.05,456.00,5050,198075
20201105,09:35,451.35,495.00,451.35,482.10,10975,198625
20201105,09:36,487.00,490.00,471.00,489.40,1750,198625
20201105,09:37,485.15,493.00,473.50,473.50,5200,198625
20201105,09:38,473.50,489.95,468.00,486.50,3075,198075
20201105,09:39,490.00,491.85,475.00,481.65,2425,198075
20201105,09:40,481.55,482.05,464.65,469.00,2975,198075
20201105,09:41,472.65,476.95,437.15,439.65,6775,196725
20201105,09:42,443.00,469.65,443.00,469.65,3100,196725
20201105,09:43,466.90,477.00,459.95,469.00,3175,196725
20201105,09:44,470.00,481.00,464.15,480.20,1450,195725
20201105,09:45,480.00,482.25,457.70,465.90,2575,195725
20201105,09:46,465.40,475.00,462.00,466.65,2000,195725
20201105,09:47,467.25,470.10,450.00,451.00,2150,194925
20201105,09:48,450.40,455.75,448.05,452.00,2650,194925
20201105,09:49,455.70,455.70,429.05,435.95,5200,194925
20201105,09:50,433.95,433.95,404.00,433.50,7675,195175
20201105,09:51,430.60,454.00,430.60,449.50,3350,195175
20201105,09:52,454.25,454.85,428.00,428.00,4625,195175
20201105,09:53,430.00,443.50,430.00,441.10,950,196675
20201105,09:54,434.65,445.00,434.65,438.80,1800,196675
20201105,09:55,442.65,446.35,432.05,432.05,900,196675
20201105,09:56,435.55,435.55,410.00,424.55,4400,195700
20201105,09:57,422.60,441.60,422.60,430.50,1350,195700
20201105,09:58,430.40,444.00,430.00,441.90,1600,195700
20201105,09:59,439.35,440.00,420.45,437.60,1850,195425
20201105,10:00,440.00,448.10,435.05,443.00,1850,195425
20201105,10:01,441.25,462.00,440.00,461.60,3875,195425
20201105,10:02,461.65,485.20,461.65,475.05,5650,195550
20201105,10:03,474.00,503.00,474.00,481.60,5950,195550
20201105,10:04,485.60,487.00,471.55,477.50,1200,195550
20201105,10:05,473.00,476.20,449.90,465.00,14650,195925
20201105,10:06,461.40,470.65,461.40,467.50,8725,195925
20201105,10:07,466.40,466.40,457.35,457.35,3150,195925
20201105,10:08,460.35,468.10,460.00,468.10,1450,183150
20201105,10:09,463.75,466.05,452.25,463.00,2125,183150
20201105,10:10,465.00,470.00,461.60,465.15,775,183150
20201105,10:11,460.05,465.40,453.75,453.75,975,181700
20201105,10:12,450.00,459.10,447.45,450.30,3525,181700
20201105,10:13,450.00,459.00,449.45,456.25,1400,181700
20201105,10:14,454.30,458.15,450.00,455.90,1650,181350
20201105,10:15,455.65,467.45,455.65,462.50,2050,181350
20201105,10:16,466.00,468.40,457.15,457.15,1650,181350
20201105,10:17,459.90,474.20,459.90,463.10,4500,178925
20201105,10:18,465.65,465.65,441.55,441.55,2925,178925
20201105,10:19,445.20,451.80,444.45,450.00,800,178925
20201105,10:20,446.60,450.80,445.00,445.00,350,178325
20201105,10:21,445.40,460.00,443.55,460.00,1100,178325
20201105,10:22,455.50,457.65,448.20,457.65,975,178325
20201105,10:23,462.65,466.00,455.00,455.00,2650,177700
20201105,10:24,463.00,479.90,459.35,474.65,3600,177700
20201105,10:25,480.50,485.00,470.00,473.50,2325,177700
20201105,10:26,477.60,482.40,470.00,470.00,1275,176875
20201105,10:27,465.00,466.85,455.35,466.85,1625,176875
20201105,10:28,463.15,468.55,455.15,459.85,1650,176875
20201105,10:29,457.00,462.90,453.05,453.75,3575,175375
20201105,10:30,458.75,458.75,448.00,457.00,6425,175375
20201105,10:31,457.00,457.00,445.00,453.75,950,175375
20201105,10:32,450.30,450.30,418.55,429.60,6900,174650
20201105,10:33,427.60,427.60,382.00,389.95,8400,174650
20201105,10:34,390.10,390.10,341.00,384.00,10800,174650
20201105,10:35,380.00,383.50,358.00,360.80,28100,173600
20201105,10:36,362.00,394.05,362.00,394.05,12125,173600
20201105,10:37,395.05,404.90,389.05,396.05,5250,173600
20201105,10:38,395.65,400.00,382.15,393.45,2500,165725
20201105,10:39,394.65,406.30,385.90,385.90,2600,165725
20201105,10:40,389.10,395.00,374.65,381.20,5250,165725
20201105,10:41,392.30,392.30,375.55,375.60,2000,162725
20201105,10:42,369.80,380.00,358.00,358.00,5425,162725
20201105,10:43,351.65,372.15,347.15,365.95,4450,162725
20201105,10:44,362.60,372.75,359.50,367.00,1550,159625
20201105,10:45,367.75,371.80,360.00,371.80,2225,159625
20201105,10:46,372.25,375.00,358.40,368.85,4350,159625
20201105,10:47,366.35,386.00,366.35,380.15,4325,156450
20201105,10:48,385.20,385.20,375.05,379.05,2500,156450
20201105,10:49,375.75,375.75,338.45,350.00,8275,156450
20201105,10:50,352.35,359.05,344.15,349.10,3000,155025
20201105,10:51,348.15,350.00,325.20,345.50,8775,155025
20201105,10:52,349.90,366.30,347.85,359.20,5625,155025
20201105,10:53,360.70,360.70,345.50,345.50,2625,155550
20201105,10:54,350.40,351.00,345.00,351.00,1500,155550
20201105,10:55,352.75,360.00,347.25,353.95,1950,155550
20201105,10:56,355.25,366.10,355.25,360.75,1400,154750
20201105,10:57,360.45,363.45,352.25,355.00,3025,154750
20201105,10:58,353.65,360.40,339.80,339.80,5625,154750
20201105,10:59,340.80,360.25,337.25,358.60,2375,156000
20201105,11:00,361.10,401.10,361.10,390.00,10500,156000
20201105,11:01,391.65,395.35,384.00,387.20,3950,156000
20201105,11:02,386.40,401.00,385.85,401.00,2350,154450
20201105,11:03,400.70,405.25,388.30,393.50,6225,154450
20201105,11:04,393.05,395.25,382.05,394.10,3300,154450
20201105,11:05,392.35,398.95,389.40,392.00,3175,158450
20201105,11:06,389.80,390.40,376.85,387.25,6175,158450
20201105,11:07,390.95,391.85,383.75,383.75,2575,158450
20201105,11:08,389.25,392.25,386.20,390.85,1250,157800
20201105,11:09,389.85,394.00,383.00,389.95,3600,157800
20201105,11:10,387.60,388.05,380.00,383.00,1900,157800
20201105,11:11,383.40,383.40,365.30,370.45,4375,155550
20201105,11:12,366.60,379.00,365.00,374.55,2450,155550
20201105,11:13,379.10,383.00,371.80,383.00,1075,155550
20201105,11:14,382.35,386.15,379.90,385.00,1250,155800
20201105,11:15,387.40,388.00,382.40,384.30,950,155800
20201105,11:16,383.55,393.00,383.55,392.55,1700,155800
20201105,11:17,388.60,396.00,384.05,387.50,4200,154775
20201105,11:18,389.75,487.65,389.75,467.00,15500,154775
20201105,11:19,469.50,494.80,468.00,472.35,5650,154775
20201105,11:20,473.15,480.90,468.50,473.95,2400,151750
20201105,11:21,475.15,475.15,440.90,449.85,6525,151750
20201105,11:22,454.40,460.00,445.20,459.35,4350,151750
20201105,11:23,459.35,460.25,448.25,455.00,4625,146575
20201105,11:24,454.20,461.35,452.00,458.85,3125,146575
20201105,11:25,456.25,462.65,452.00,462.65,1875,146575
20201105,11:26,457.00,473.00,457.00,473.00,1850,144925
20201105,11:27,469.50,479.00,465.45,470.00,1225,144925
20201105,11:28,470.40,470.40,448.25,454.90,2250,144925
20201105,11:29,452.35,456.25,452.25,454.95,525,145925
20201105,11:30,460.00,465.00,445.00,450.75,1450,145925
20201105,11:31,455.45,458.30,450.75,458.30,425,145925
20201105,11:32,455.55,457.85,444.60,448.00,1650,145375
20201105,11:33,453.90,462.60,451.50,457.35,1125,145375
20201105,11:34,460.20,465.35,453.90,453.95,1275,145375
20201105,11:35,459.15,465.00,459.15,459.25,825,145375
20201105,11:36,456.30,456.30,447.30,448.75,825,144700
20201105,11:37,449.45,452.25,441.45,444.75,950,144700
20201105,11:38,445.00,445.50,425.15,433.80,4325,145050
20201105,11:39,430.00,430.00,405.75,421.25,3125,145050
20201105,11:40,423.00,423.00,405.00,406.15,1825,145050
20201105,11:41,403.10,418.40,403.10,412.60,2600,147025
20201105,11:42,418.40,431.00,410.05,431.00,2525,147025
20201105,11:43,430.65,437.45,426.20,431.00,1600,147025
20201105,11:44,431.00,431.00,415.00,415.00,1575,147200
20201105,11:45,421.25,426.45,419.65,425.95,575,147200
20201105,11:46,432.00,432.00,425.00,425.00,275,147200
20201105,11:47,426.60,437.15,422.00,437.15,550,146925
20201105,11:48,437.35,437.35,423.45,423.45,825,146925
20201105,11:49,430.95,431.50,423.00,423.00,1275,146925
20201105,11:50,425.00,425.60,411.90,420.05,3025,146975
20201105,11:51,417.95,421.85,416.00,421.85,750,146975
20201105,11:52,423.50,425.95,418.50,418.50,1650,146975
20201105,11:53,425.00,445.85,425.00,442.00,1300,146325
20201105,11:54,440.35,452.75,440.35,447.80,5625,146325
20201105,11:55,445.40,445.40,439.25,445.00,875,146325
20201105,11:56,437.60,438.10,431.90,434.25,1225,146050
20201105,11:57,434.85,434.85,412.70,417.65,1750,146050
20201105,11:58,420.95,425.00,410.00,410.80,1050,146050
20201105,11:59,410.00,419.40,405.35,415.50,875,146800
20201105,12:00,408.25,411.65,394.65,409.80,7225,146800
20201105,12:01,409.90,424.00,409.75,417.05,1600,146800
20201105,12:02,415.70,428.00,415.30,420.00,2125,145100
20201105,12:03,422.45,436.30,417.00,430.00,1625,145100
20201105,12:04,430.00,430.00,422.75,425.55,1300,145100
20201105,12:05,430.00,433.00,421.00,423.30,5150,143850
20201105,12:06,417.70,420.95,413.60,414.40,375,143850
20201105,12:07,416.65,420.55,413.00,418.15,1050,143850
20201105,12:08,417.40,423.10,415.00,415.00,325,143400
20201105,12:09,420.85,435.00,420.85,435.00,1700,143400
20201105,12:10,437.00,437.00,435.00,436.85,475,143400
20201105,12:11,429.00,434.50,427.60,433.95,1200,143850
20201105,12:12,430.15,463.50,430.15,452.00,2300,143850
20201105,12:13,452.00,478.05,450.00,466.10,3450,143850
20201105,12:14,468.00,510.85,468.00,501.95,7550,142650
20201105,12:15,500.00,514.90,492.70,502.70,3925,142650
20201105,12:16,501.75,504.95,478.20,480.05,3575,142650
20201105,12:17,480.25,486.85,473.35,482.00,1875,141875
20201105,12:18,484.60,484.95,476.10,484.00,825,141875
20201105,12:19,484.00,486.00,469.40,478.95,2450,141875
20201105,12:20,477.05,482.00,476.50,476.75,1075,141275
20201105,12:21,477.85,477.85,460.00,464.55,2325,141275
20201105,12:22,465.45,475.00,458.55,465.80,3625,141275
20201105,12:23,465.40,465.40,459.45,462.50,2950,142550
20201105,12:24,460.25,464.00,454.90,459.85,1575,142550
20201105,12:25,458.45,468.95,456.00,462.65,1400,142550
20201105,12:26,464.65,475.05,462.40,462.40,925,142750
20201105,12:27,463.85,465.00,460.00,463.90,500,142750
20201105,12:28,467.95,478.80,467.95,476.00,1775,142750
20201105,12:29,476.95,476.95,463.25,463.85,3200,142750
20201105,12:30,461.00,461.00,433.60,438.00,3900,144875
20201105,12:31,430.00,449.00,427.50,445.95,4750,144875
20201105,12:32,447.00,486.20,446.65,486.20,3125,143850
20201105,12:33,491.00,578.05,491.00,530.85,19300,143850
20201105,12:34,545.00,566.60,540.00,541.90,6350,143850
20201105,12:35,541.95,557.40,537.00,548.15,2650,140225
20201105,12:36,548.00,556.90,537.10,549.50,2575,140225
20201105,12:37,549.50,550.35,531.70,535.50,1550,140225
20201105,12:38,537.45,544.20,525.85,525.85,3300,140225
20201105,12:39,535.00,546.00,532.45,535.35,1150,138550
20201105,12:40,536.15,556.60,536.15,548.80,5275,138550
20201105,12:41,552.20,552.20,534.05,535.00,1975,137725
20201105,12:42,534.05,534.05,512.00,525.60,2800,137725
20201105,12:43,526.80,526.80,517.30,519.95,2375,137725
20201105,12:44,519.95,528.95,519.95,526.20,575,137725
20201105,12:45,528.00,540.00,526.90,530.35,775,137275
20201105,12:46,535.00,536.80,529.00,529.00,1650,137275
20201105,12:47,531.85,531.90,500.00,513.35,5200,137275
20201105,12:48,512.30,518.60,505.00,509.95,800,134800
20201105,12:49,507.90,510.20,503.90,509.35,800,134800
20201105,12:50,505.00,513.00,505.00,511.55,150,134800
20201105,12:51,507.55,515.90,506.50,515.00,1275,134975
20201105,12:52,509.60,520.10,509.60,518.85,950,134975
20201105,12:53,534.00,547.30,534.00,542.05,2525,134975
20201105,12:54,540.45,575.00,536.00,571.25,3725,134100
20201105,12:55,564.30,569.20,545.85,545.85,3050,134100
20201105,12:56,546.50,560.55,546.50,556.00,1900,134100
20201105,12:57,554.70,555.00,548.95,555.00,225,135175
20201105,12:58,558.10,562.50,550.00,556.10,2300,135175
20201105,12:59,561.30,611.00,561.30,591.40,7450,135175
20201105,13:00,593.45,600.75,571.30,573.55,3175,134275
20201105,13:01,573.20,573.20,557.30,560.00,1000,134275
20201105,13:02,563.05,563.65,551.00,556.25,725,134275
20201105,13:03,554.85,559.60,546.95,546.95,825,133925
20201105,13:04,549.30,559.90,549.30,557.00,1600,133925
20201105,13:05,559.90,576.95,558.05,569.80,2100,133925
20201105,13:06,567.10,577.75,562.20,572.85,1225,133825
20201105,13:07,565.30,570.60,565.30,569.40,550,133825
20201105,13:08,565.00,569.35,561.20,561.20,400,133825
20201105,13:09,566.05,566.20,559.00,565.00,575,133875
20201105,13:10,565.55,569.20,562.10,562.10,500,133875
20201105,13:11,570.00,602.85,568.10,590.00,4925,133875
20201105,13:12,592.05,595.70,585.00,585.00,350,133900
20201105,13:13,581.90,585.00,572.55,581.10,1225,133900
20201105,13:14,576.40,581.05,576.40,579.70,200,133900
20201105,13:15,573.60,583.00,569.00,580.05,425,133400
20201105,13:16,581.15,590.85,578.00,590.00,875,133400
20201105,13:17,589.20,620.00,589.20,607.30,3575,133400
20201105,13:18,609.70,609.70,593.40,593.40,1225,132575
20201105,13:19,592.00,594.80,590.00,593.70,325,132575
20201105,13:20,593.00,593.00,575.00,575.00,1900,132575
20201105,13:21,575.00,575.00,514.60,520.00,5900,131975
20201105,13:22,510.00,510.70,456.00,489.90,6500,131975
20201105,13:23,497.00,497.00,468.75,468.75,1775,131975
20201105,13:24,485.25,495.15,485.25,494.05,5925,131500
20201105,13:25,488.10,494.85,476.40,494.85,1300,131500
20201105,13:26,500.00,500.00,472.00,480.30,1500,131500
20201105,13:27,478.15,490.00,458.80,482.40,1575,132200
20201105,13:28,485.05,499.45,481.60,487.75,1250,132200
20201105,13:29,495.65,534.25,495.65,534.25,3650,132200
20201105,13:30,526.50,526.50,488.45,493.95,975,131625
20201105,13:31,490.00,505.00,487.00,492.00,1500,131625
20201105,13:32,497.45,505.00,493.25,499.85,325,131625
20201105,13:33,501.05,515.25,493.00,510.70,1150,131950
20201105,13:34,510.00,529.40,506.30,526.05,2050,131950
20201105,13:35,530.00,552.05,519.35,545.05,1975,131950
20201105,13:36,550.00,590.00,550.00,579.55,1400,131825
20201105,13:37,577.90,578.50,566.95,570.00,700,131825
20201105,13:38,570.10,574.90,566.40,569.70,175,131825
20201105,13:39,575.00,580.00,566.80,566.80,675,131725
20201105,13:40,565.35,570.00,554.50,567.60,1125,131725
20201105,13:41,570.00,588.00,570.00,573.75,900,131725
20201105,13:42,568.30,569.40,553.50,557.45,3175,131000
20201105,13:43,554.85,555.00,529.00,540.00,1950,131000
20201105,13:44,535.00,541.35,531.60,541.35,125,131000
20201105,13:45,531.95,543.10,525.85,543.10,1575,130325
20201105,13:46,550.00,557.45,548.55,553.20,975,130325
20201105,13:47,560.00,572.80,560.00,560.00,1575,130325
20201105,13:48,567.40,574.35,567.40,567.40,400,130325
20201105,13:49,564.45,569.15,560.00,561.80,2025,130325
20201105,13:50,554.00,579.00,545.15,579.00,1200,130325
20201105,13:51,578.70,581.85,550.85,562.85,2025,128650
20201105,13:52,561.55,575.00,557.85,567.95,825,128650
20201105,13:53,565.80,585.00,565.80,571.80,1175,128650
20201105,13:54,572.10,572.10,565.00,568.70,575,127175
20201105,13:55,571.60,585.00,571.60,584.90,525,127175
20201105,13:56,603.65,610.00,586.00,593.90,2775,127175
20201105,13:57,586.00,586.00,538.95,538.95,2900,126600
20201105,13:58,543.05,556.95,540.10,541.85,975,126600
20201105,13:59,547.00,560.15,547.00,552.00,1525,126600
20201105,14:00,552.00,552.00,510.10,522.80,3450,126675
20201105,14:01,523.05,544.20,523.05,533.00,625,126675
20201105,14:02,540.75,548.00,530.00,543.00,650,126675
20201105,14:03,542.70,564.00,540.00,556.75,2725,125025
20201105,14:04,551.05,556.35,531.10,539.00,1675,125025
20201105,14:05,540.60,540.60,525.00,530.00,1375,125025
20201105,14:06,530.00,530.00,495.20,501.00,1450,125075
20201105,14:07,512.20,545.00,512.20,535.85,2175,125075
20201105,14:08,540.00,556.35,538.60,550.00,2150,125075
20201105,14:09,554.25,564.00,550.50,564.00,2725,124600
20201105,14:10,555.75,560.90,541.65,541.65,625,124600
20201105,14:11,547.10,547.10,535.00,544.00,3500,124600
20201105,14:12,554.00,567.05,549.55,549.55,1200,126600
20201105,14:13,556.15,564.70,549.65,559.50,350,126600
20201105,14:14,555.25,556.65,550.75,552.70,500,126600
20201105,14:15,546.80,587.50,544.55,582.60,2400,125750
20201105,14:16,579.60,579.85,566.20,576.50,700,125750
20201105,14:17,576.70,585.00,572.00,572.00,625,125750
20201105,14:18,600.00,633.05,597.75,621.95,3575,125650
20201105,14:19,617.40,619.85,609.75,609.75,425,125650
20201105,14:20,603.65,638.50,603.65,609.20,1425,125650
20201105,14:21,619.30,633.95,619.25,620.00,525,125600
20201105,14:22,629.10,640.00,628.00,632.85,1350,125600
20201105,14:23,623.80,683.55,623.80,655.00,7925,125600
20201105,14:24,650.00,664.30,647.25,647.25,2925,122600
20201105,14:25,658.90,658.90,634.25,634.95,750,122600
20201105,14:26,634.95,642.90,633.00,640.00,525,122600
20201105,14:27,636.85,643.55,612.15,627.75,1300,121600
20201105,14:28,634.75,634.75,620.45,630.40,3875,121600
20201105,14:29,636.85,646.60,636.85,646.60,800,121600
20201105,14:30,650.00,662.05,640.00,640.00,2950,122375
20201105,14:31,640.00,640.00,624.00,624.00,800,122375
20201105,14:32,622.05,628.15,610.00,610.00,2050,122375
20201105,14:33,611.80,633.50,601.25,623.65,1150,119800
20201105,14:34,622.65,637.25,622.65,630.40,650,119800
20201105,14:35,612.70,624.05,602.00,617.75,500,119800
20201105,14:36,616.50,616.50,607.55,607.55,150,119375
20201105,14:37,627.75,627.75,614.55,614.55,450,119375
20201105,14:38,605.00,612.10,605.00,607.70,650,119375
20201105,14:39,605.00,614.00,584.90,611.30,1150,119350
20201105,14:40,615.25,635.70,615.25,628.45,825,119350
20201105,14:41,624.10,629.50,619.70,619.70,150,119350
20201105,14:42,620.00,620.00,595.25,602.00,2825,118850
20201105,14:43,604.10,614.20,589.60,613.85,1500,118850
20201105,14:44,600.45,605.35,574.05,595.35,1500,118850
20201105,14:45,601.55,610.40,601.55,610.00,775,118275
20201105,14:46,616.25,630.00,612.00,614.55,3400,118275
20201105,14:47,618.05,618.05,605.00,605.00,725,118275
20201105,14:48,605.00,616.20,597.30,597.30,575,118250
20201105,14:49,600.80,600.80,544.80,544.80,1550,118250
20201105,14:50,552.95,575.30,520.00,575.30,5375,118250
20201105,14:51,565.00,578.00,560.60,566.20,1650,116625
20201105,14:52,566.00,571.45,550.00,550.00,525,116625
20201105,14:53,563.55,572.90,554.15,572.90,200,116625
20201105,14:54,572.00,585.00,571.90,580.00,400,116700
20201105,14:55,585.00,604.90,578.00,602.05,1275,116700
20201105,14:56,600.15,602.75,590.00,595.50,6100,116700
20201105,14:57,598.80,607.15,591.45,597.00,1300,117050
20201105,14:58,592.20,592.20,569.45,571.95,5675,117050
20201105,14:59,575.35,586.10,569.75,577.20,675,117050
20201105,15:00,569.00,575.40,565.95,575.40,500,116025
20201105,15:01,575.40,582.65,559.45,561.55,550,116025
20201105,15:02,555.70,565.95,555.70,560.30,650,116025
20201105,15:03,565.20,575.10,564.50,571.15,350,115575
20201105,15:04,571.00,571.55,555.00,558.85,525,115575
20201105,15:05,563.45,571.05,563.45,571.05,1100,115575
20201105,15:06,567.35,571.05,567.35,570.95,225,114400
20201105,15:07,582.25,582.95,562.30,566.70,1125,114400
20201105,15:08,562.70,570.00,562.70,570.00,400,114400
20201105,15:09,574.05,577.25,571.50,572.00,250,113775
20201105,15:10,580.00,585.00,575.40,576.15,850,113775
20201105,15:11,580.00,585.00,580.00,585.00,500,113775
20201105,15:12,590.00,609.70,590.00,609.70,1200,112925
20201105,15:13,614.00,617.15,602.70,606.45,900,112925
20201105,15:14,614.70,614.70,602.10,607.20,1925,112925
20201105,15:15,604.75,610.45,600.10,607.15,1975,113250
20201105,15:16,611.20,612.95,608.80,609.30,425,113250
20201105,15:17,610.70,617.35,610.70,613.10,1775,113250
20201105,15:18,612.60,616.95,610.15,612.00,1000,112900
20201105,15:19,611.15,612.15,606.95,610.00,1375,112900
20201105,15:20,611.70,611.70,608.55,611.00,1350,112900
20201105,15:21,611.35,620.95,610.35,610.35,4400,110200
20201105,15:22,610.35,613.45,610.00,611.25,1325,110200
20201105,15:23,613.05,613.75,611.25,613.75,125,110200
20201105,15:24,614.10,614.10,611.15,613.15,250,109550
20201105,15:25,610.85,613.75,610.85,613.25,1675,109550
20201105,15:26,611.50,613.70,611.50,612.80,1475,109550
20201105,15:27,612.95,613.25,612.90,612.95,725,107950
20201105,15:28,612.85,613.70,612.00,613.00,3025,107950
20201105,15:29,613.70,613.70,611.65,613.20,1525,107950
