20220524,11:26,575.00,575.00,575.00,575.00,501,500
20220524,11:32,570.00,570.00,570.00,570.00,500,500
20220524,14:17,570.00,570.00,570.00,570.00,50,1000
20220525,11:33,582.85,582.85,582.85,582.85,51,1050
20220525,11:58,601.00,601.00,601.00,601.00,50,1050
20220525,12:06,603.00,603.00,603.00,603.00,50,1100
20220525,12:11,603.00,603.00,603.00,603.00,50,1100
20220525,14:36,623.10,623.10,623.10,623.10,50,1100
20220525,14:42,623.40,623.40,623.40,623.40,50,1150
20220525,15:12,623.40,623.40,623.40,623.40,50,1150
20220525,15:14,623.50,623.50,623.50,623.50,50,1150
20220525,15:15,623.50,623.50,623.50,623.50,50,1150
20220526,11:04,654.00,654.00,654.00,654.00,51,1150
20220526,11:13,667.95,667.95,667.95,667.95,50,1150
20220526,13:15,667.95,667.95,667.95,667.95,50,1100
20220526,13:48,531.05,531.05,531.05,531.05,200,1150
20220526,13:54,531.05,531.05,531.05,531.05,50,1350
20220526,14:03,567.80,567.80,567.80,567.80,50,1350
20220526,14:31,551.05,551.05,551.05,551.05,50,1350
20220526,15:09,524.20,524.20,524.20,524.20,50,1350
20220526,15:26,520.95,520.95,520.95,520.95,50,1400
20220526,15:29,516.00,516.00,516.00,516.00,100,1400
20220527,12:09,470.00,470.00,470.00,470.00,51,1400
20220527,15:03,440.80,440.80,440.80,440.80,50,1400
20220530,09:19,348.55,354.80,348.55,354.80,202,1450
20220530,09:21,338.00,338.00,338.00,338.00,50,1450
20220530,09:22,338.00,338.00,338.00,338.00,50,1450
20220530,09:23,328.25,328.25,328.25,328.25,100,1450
20220530,10:04,319.20,319.20,319.20,319.20,50,1450
20220530,11:00,309.30,309.30,309.30,309.30,50,1450
20220530,11:44,301.00,301.00,301.00,301.00,100,1450
20220530,11:55,301.00,301.00,301.00,301.00,100,1550
20220530,11:58,301.00,301.00,301.00,301.00,50,1550
20220530,12:16,301.00,301.00,301.00,301.00,50,1500
20220530,12:21,306.35,306.35,306.35,306.35,50,1500
20220530,12:25,306.95,306.95,306.95,306.95,50,1500
20220530,12:29,306.95,306.95,306.95,306.95,50,1500
20220530,12:54,311.40,311.40,311.40,311.40,50,1500
20220531,10:58,290.30,290.30,290.30,290.30,51,1500
20220531,11:23,294.00,294.00,294.00,294.00,650,1550
20220531,11:55,299.50,299.50,299.50,299.50,50,1550
20220531,12:19,300.00,300.00,300.00,300.00,50,1600
20220531,13:16,300.05,300.05,300.05,300.05,100,1650
20220603,09:24,240.95,240.95,240.95,240.95,101,1750
20220603,10:00,241.00,241.00,241.00,241.00,100,1850
20220603,14:22,271.15,272.10,271.15,272.10,100,1900
20220603,14:23,272.10,272.10,272.10,272.10,50,1900
20220607,10:23,341.10,341.10,341.10,341.10,51,1850
20220607,11:17,359.75,359.75,359.75,359.75,50,1850
20220607,11:21,359.75,359.75,359.75,359.75,50,1850
20220609,09:25,353.10,353.10,353.10,353.10,51,1850
20220609,10:10,348.50,348.50,348.50,348.50,100,1850
20220609,10:15,348.50,348.50,348.50,348.50,50,1950
20220609,10:35,355.00,355.00,355.00,355.00,50,1950
20220609,11:13,331.85,331.85,331.85,331.85,100,2000
20220609,13:51,331.45,331.45,331.45,331.45,100,2100
20220609,15:05,297.00,297.00,297.00,297.00,50,2100
20220610,09:26,356.05,356.05,356.05,356.05,51,2100
20220610,09:28,356.05,356.05,356.05,356.05,100,2100
20220610,10:16,364.40,364.40,364.40,364.40,150,2100
20220610,10:50,354.50,354.50,354.50,354.50,50,2100
20220610,13:29,354.50,354.50,354.50,354.50,50,2100
20220610,13:31,390.80,390.80,390.80,390.80,50,2100
20220610,14:00,390.80,390.80,390.80,390.80,50,2100
20220610,14:49,387.10,387.10,387.10,387.10,50,2100
20220610,15:21,399.95,399.95,399.95,399.95,100,2100
20220610,15:27,399.95,399.95,399.95,399.95,100,2150
20220613,09:23,598.30,598.30,598.30,598.30,51,2150
20220613,09:24,601.40,601.40,601.40,601.40,100,2150
20220613,09:28,634.20,634.20,634.20,634.20,100,2150
20220613,10:16,640.00,640.00,640.00,640.00,100,2150
20220613,11:20,640.00,640.00,640.00,640.00,50,2150
20220613,11:30,620.65,620.65,620.65,620.65,50,2150
20220613,11:34,626.35,626.35,626.35,626.35,100,2150
20220613,13:28,656.40,656.40,656.40,656.40,50,2150
20220613,13:32,665.20,665.20,665.20,665.20,50,2150
20220613,14:38,665.20,665.20,665.20,665.20,50,2150
20220614,09:32,686.30,686.30,686.30,686.30,51,2150
20220614,14:15,686.30,686.30,686.30,686.30,150,2100
20220614,15:19,659.20,659.20,659.20,659.20,100,2000
20220616,11:16,679.75,679.75,679.75,679.75,101,2050
20220616,12:11,771.95,771.95,771.95,771.95,50,2050
20220616,12:36,771.95,771.95,771.95,771.95,50,2000
20220616,13:04,825.00,825.00,825.00,825.00,50,1950
20220616,13:05,837.20,837.20,837.20,837.20,50,1950
20220616,13:19,840.00,840.00,840.00,840.00,50,1950
20220616,13:35,847.70,847.70,847.70,847.70,50,1900
20220616,14:15,902.00,902.00,902.00,902.00,50,1900
20220616,14:20,955.00,955.00,955.00,955.00,50,1900
20220616,14:28,955.00,955.00,955.00,955.00,100,1900
20220617,11:24,957.75,957.75,957.75,957.75,51,1900
20220617,12:51,963.05,963.05,963.05,963.05,50,1900
20220617,15:08,963.05,963.05,963.05,963.05,50,1900
20220617,15:29,945.90,945.90,945.90,945.90,1,1850
20220620,10:12,959.85,959.85,959.85,959.85,51,1850
20220620,10:19,928.25,928.25,928.25,928.25,50,1800
20220620,10:41,928.25,928.25,928.25,928.25,50,1750
20220620,10:53,952.15,952.15,952.15,952.15,50,1750
20220620,11:45,926.10,926.10,926.10,926.10,50,1750
20220620,14:16,926.10,926.10,926.10,926.10,50,1700
20220621,10:12,718.10,718.10,718.10,718.10,51,1700
20220621,10:24,704.00,704.00,704.00,704.00,50,1650
20220621,10:31,702.40,702.40,702.40,702.40,50,1650
20220621,10:32,702.40,702.40,702.00,702.00,450,1650
20220621,10:33,700.00,700.00,700.00,700.00,50,1750
20220621,11:37,700.00,700.00,700.00,700.00,50,1850
20220621,11:38,695.00,695.00,691.00,691.00,100,1900
20220621,11:54,691.00,691.00,691.00,691.00,150,1950
20220621,12:06,690.00,690.00,690.00,690.00,100,2100
20220621,12:18,690.00,702.00,690.00,702.00,250,2000
20220621,12:19,697.95,697.95,697.95,697.95,50,2000
20220621,12:20,696.50,696.50,695.00,695.00,300,2000
20220621,12:21,699.00,699.00,699.00,699.00,100,2250
20220621,12:22,695.60,696.45,695.60,696.45,100,2250
20220621,12:30,690.00,690.00,689.00,689.00,100,2300
20220621,12:31,689.00,689.00,689.00,689.00,100,2300
20220621,12:45,681.15,681.15,681.15,681.15,50,2500
20220621,12:46,671.40,671.40,671.40,671.40,100,2500
20220621,12:53,664.90,664.90,664.90,664.90,200,2500
20220621,13:02,661.95,662.15,656.95,662.15,600,2500
20220621,13:16,655.20,655.20,647.05,647.05,100,2800
20220621,13:51,644.00,644.00,644.00,644.00,100,2800
20220621,13:54,632.00,632.00,632.00,632.00,150,2900
20220621,14:09,632.00,632.00,632.00,632.00,50,2800
20220621,14:27,641.00,641.00,641.00,641.00,100,2800
20220621,14:43,666.00,666.00,666.00,666.00,250,2800
20220621,14:45,655.90,655.90,655.90,655.90,50,2700
20220621,14:53,654.50,654.50,654.50,654.50,150,2700
20220621,14:54,662.25,662.25,662.25,662.25,200,2700
20220621,14:57,662.95,662.95,662.95,662.95,50,2900
20220621,14:58,668.50,668.50,668.50,668.50,200,2900
20220621,14:59,668.00,668.00,668.00,668.00,100,2900
20220621,15:15,668.75,668.75,668.75,668.75,100,3050
20220622,13:40,858.75,858.75,858.75,858.75,101,3150
20220623,09:51,702.05,702.05,702.05,702.05,51,3250
20220623,11:01,679.00,679.00,679.00,679.00,100,3300
20220623,11:02,677.00,677.00,677.00,677.00,350,3300
20220623,11:03,679.00,679.00,677.00,677.00,300,3750
20220623,11:04,677.00,677.00,675.05,675.05,200,3750
20220623,11:05,675.05,676.00,675.05,676.00,250,3750
20220623,11:06,673.00,673.00,673.00,673.00,250,4450
20220623,11:07,671.00,671.00,671.00,671.00,100,4450
20220623,11:08,672.00,677.00,671.20,677.00,400,4450
20220623,11:18,680.00,680.00,680.00,680.00,100,5150
20220623,11:21,682.00,682.00,682.00,682.00,100,5250
20220623,11:22,681.00,681.00,681.00,681.00,150,5250
20220623,11:23,682.00,682.00,682.00,682.00,50,5250
20220623,11:24,686.00,686.00,686.00,686.00,50,5550
20220623,11:27,679.00,685.00,679.00,685.00,300,5650
20220623,11:49,724.10,724.10,724.10,724.10,50,5900
20220623,11:50,730.35,730.90,730.35,730.90,100,5900
20220623,11:51,747.80,756.25,747.45,756.25,250,6000
20220623,11:52,756.25,756.25,756.25,756.25,100,6000
20220623,11:54,752.80,752.80,752.80,752.80,100,6100
20220623,12:44,793.40,793.40,793.40,793.40,50,6100
20220623,13:31,834.25,834.25,834.25,834.25,100,6150
20220623,13:35,780.85,780.85,780.85,780.85,50,6250
20220623,13:36,773.65,773.65,773.65,773.65,50,6250
20220623,13:38,769.65,769.65,769.65,769.65,50,6350
20220623,13:39,762.30,762.30,762.30,762.30,100,6350
20220623,13:43,728.25,729.40,728.25,729.40,250,6500
20220623,13:46,724.15,724.15,724.15,724.15,50,6550
20220623,13:53,740.95,740.95,740.95,740.95,50,6550
20220623,13:54,732.55,732.55,729.75,729.75,100,6550
20220623,14:02,733.70,733.70,733.70,733.70,50,6600
20220623,14:03,737.15,737.15,737.15,737.15,100,6650
20220623,14:06,747.20,747.20,747.20,747.20,100,6650
20220623,14:13,763.20,763.20,763.20,763.20,100,6800
20220623,15:28,697.00,697.00,697.00,697.00,50,6800
20220624,09:18,623.00,623.00,623.00,623.00,51,6800
20220624,09:27,613.00,613.00,613.00,613.00,50,6800
20220624,09:30,613.00,613.00,613.00,613.00,50,6800
20220624,09:34,626.00,626.00,626.00,626.00,50,6800
20220624,09:35,630.00,630.00,630.00,630.00,50,6800
20220624,14:07,630.00,630.00,630.00,630.00,50,6800
20220624,14:11,607.00,607.00,607.00,607.00,200,6800
20220624,15:26,607.00,607.00,607.00,607.00,50,6800
20220627,11:48,523.00,523.95,523.00,523.95,251,6750
20220627,13:14,523.95,523.95,523.95,523.95,50,6700
20220627,13:33,488.40,488.40,488.40,488.40,50,6700
20220627,13:50,488.40,488.40,488.40,488.40,50,6750
20220627,14:04,494.55,494.55,494.55,494.55,50,6700
20220627,15:18,525.00,525.00,525.00,525.00,100,6750
20220628,09:17,566.95,566.95,566.95,566.95,101,6850
20220628,09:19,575.30,575.30,575.30,575.30,50,6850
20220628,09:21,591.25,591.25,591.25,591.25,200,6900
20220628,09:22,593.00,593.00,593.00,593.00,50,6900
20220628,09:30,603.30,603.30,603.30,603.30,50,6850
20220628,09:31,604.00,604.00,604.00,604.00,50,6850
20220628,09:40,604.00,604.00,604.00,604.00,100,6850
20220628,09:42,599.65,599.65,599.65,599.65,100,6950
20220628,09:46,595.35,595.35,595.35,595.35,100,6950
20220628,09:50,595.60,595.60,595.60,595.60,100,6950
20220628,09:51,595.65,595.65,595.65,595.65,100,6950
20220628,09:54,607.30,607.30,607.30,607.30,100,6950
20220628,09:56,607.30,607.30,607.30,607.30,50,6950
20220628,10:02,613.75,613.75,613.75,613.75,100,6950
20220628,10:06,613.75,613.75,613.75,613.75,100,6950
20220628,10:11,607.15,607.15,607.15,607.15,100,6950
20220628,10:16,610.15,610.15,610.15,610.15,50,6950
20220628,10:26,598.85,598.85,598.85,598.85,50,6950
20220628,12:46,544.00,544.00,544.00,544.00,50,6950
20220628,12:47,544.00,544.00,544.00,544.00,50,6950
20220628,12:52,542.05,542.05,542.05,542.05,50,7000
20220628,13:34,542.05,542.05,542.05,542.05,50,7050
20220628,14:35,534.05,534.05,534.05,534.05,50,7050
20220628,14:36,531.00,531.00,531.00,531.00,50,7100
20220628,14:42,531.00,534.00,531.00,534.00,150,7150
20220628,15:00,527.00,530.00,527.00,530.00,150,7300
20220628,15:01,534.95,534.95,534.95,534.95,50,7300
20220628,15:02,530.00,530.00,530.00,530.00,50,7300
20220628,15:04,532.00,532.00,532.00,532.00,50,7500
20220628,15:10,529.95,531.00,529.95,531.00,200,7500
20220628,15:19,524.00,524.00,523.00,523.00,100,7500
20220628,15:25,523.00,523.00,523.00,523.00,50,7600
20220628,15:29,529.45,529.45,529.45,529.45,1,7650
20220629,09:15,622.95,622.95,622.95,622.95,101,7650
20220629,09:16,622.05,622.05,622.05,622.05,100,7650
20220629,09:17,622.05,622.05,622.05,622.05,350,7550
20220629,09:23,631.10,631.10,627.80,627.80,550,7550
20220629,09:24,628.00,628.00,628.00,628.00,100,7550
20220629,09:26,626.00,626.00,626.00,626.00,200,7550
20220629,09:27,619.45,619.45,619.45,619.45,100,7750
20220629,09:29,619.45,619.45,619.45,619.45,250,7750
20220629,09:31,620.35,620.35,620.35,620.35,100,8000
20220629,10:11,605.00,605.00,605.00,605.00,150,8000
20220629,10:16,590.00,590.00,590.00,590.00,50,8150
20220629,12:01,553.05,553.05,553.05,553.05,50,8150
20220629,13:34,543.05,543.05,543.05,543.05,50,8200
20220629,13:42,542.00,542.00,542.00,542.00,50,8200
20220629,13:53,542.00,542.00,542.00,542.00,50,8250
20220629,13:54,548.05,548.05,548.05,548.05,50,8250
20220629,14:36,564.00,564.00,560.00,560.00,350,8250
20220629,14:40,557.65,557.65,557.65,557.65,150,8050
20220629,14:45,543.00,543.00,543.00,543.00,50,8150
20220629,15:02,560.00,560.00,560.00,560.00,150,8150
20220629,15:03,559.50,559.50,559.50,559.50,400,8150
20220629,15:08,573.00,573.00,573.00,573.00,100,8150
20220629,15:25,579.05,579.05,579.05,579.05,50,8150
20220629,15:29,586.15,586.15,586.15,586.15,50,8150
20220630,09:16,551.05,551.05,549.00,549.00,451,8150
20220630,09:18,548.45,548.45,548.45,548.45,400,8250
20220630,09:19,542.20,542.20,540.05,540.05,700,8250
20220630,09:36,527.10,527.10,527.10,527.10,100,8200
20220630,09:40,521.15,521.15,521.15,521.15,100,8100
20220630,09:43,521.15,521.15,521.15,521.15,50,8100
20220630,10:03,534.90,534.90,534.90,534.90,50,8150
20220630,10:20,566.60,566.60,566.60,566.60,100,8150
20220630,10:26,566.60,566.60,566.60,566.60,150,8100
20220630,11:04,569.95,569.95,569.95,569.95,50,8000
20220630,12:16,612.00,612.00,612.00,612.00,50,8000
20220630,12:30,612.00,612.00,612.00,612.00,50,8050
20220630,12:35,615.00,615.00,615.00,615.00,150,8000
20220630,12:43,615.00,615.00,615.00,615.00,50,8000
20220630,12:45,600.25,600.25,600.25,600.25,50,7950
20220630,12:47,612.10,612.10,612.10,612.10,50,7950
20220630,12:49,611.25,611.25,611.25,611.25,100,7900
20220630,12:59,606.05,606.05,606.05,606.05,100,7950
20220630,13:24,569.95,569.95,569.95,569.95,100,8050
20220630,13:27,574.80,574.80,574.80,574.80,200,7950
20220630,13:28,575.30,575.30,575.30,575.30,100,7950
20220630,13:29,571.95,571.95,571.95,571.95,200,7950
20220630,13:34,552.05,552.05,552.05,552.05,50,8150
20220630,13:38,558.65,558.65,558.65,558.65,50,8200
20220630,13:40,561.45,561.45,561.45,561.45,100,8200
20220630,13:42,557.65,557.65,557.65,557.65,200,8200
20220630,13:47,556.45,556.45,556.45,556.45,200,8400
20220630,13:48,553.50,553.50,553.50,553.50,600,8600
20220630,13:50,569.40,569.40,569.40,569.40,50,8600
20220630,14:00,579.15,579.15,579.15,579.15,200,8850
20220630,14:10,564.65,564.65,564.65,564.65,100,8700
20220630,14:13,545.00,548.80,545.00,548.80,150,8700
20220630,14:14,550.00,550.00,550.00,550.00,100,8700
20220630,14:16,550.55,550.55,550.55,550.55,400,8600
20220630,14:21,539.30,539.30,539.30,539.30,50,8600
20220630,14:43,580.20,580.20,580.20,580.20,100,8650
20220630,14:44,571.60,571.60,571.60,571.60,100,8650
20220630,14:54,565.55,565.55,565.55,565.55,100,8700
20220630,14:56,571.25,571.25,571.25,571.25,50,8700
20220630,14:58,560.35,560.35,560.35,560.35,100,8650
20220630,14:59,565.25,565.25,565.25,565.25,100,8650
20220630,15:00,567.95,567.95,567.75,567.75,650,8650
20220630,15:01,578.00,578.00,578.00,578.00,500,8600
20220630,15:02,583.10,583.10,583.10,583.10,50,8600
20220630,15:08,581.70,581.70,581.70,581.70,50,9150
20220630,15:12,580.20,580.20,580.20,580.20,100,9200
20220630,15:13,585.05,585.05,585.05,585.05,100,9200
20220630,15:19,590.10,590.10,590.10,590.10,100,9300
20220630,15:22,598.70,598.70,598.70,598.70,50,9300
20220630,15:24,600.00,600.00,600.00,600.00,50,9250
20220630,15:25,600.00,600.00,600.00,600.00,50,9250
20220630,15:28,607.05,607.05,607.05,607.05,50,9350
20220701,09:17,648.50,649.35,648.50,649.35,152,9300
20220701,09:21,644.15,644.15,644.15,644.15,50,9300
20220701,09:22,644.15,644.15,644.15,644.15,50,9300
20220701,09:23,634.30,634.30,634.30,634.30,50,9250
20220701,09:24,622.85,622.85,622.85,622.85,100,9250
20220701,09:51,622.85,622.85,622.85,622.85,50,9250
20220701,13:08,667.35,667.35,623.00,623.00,100,9300
20220701,13:09,617.00,617.00,617.00,617.00,100,9400
20220701,13:13,617.00,617.00,617.00,617.00,50,9500
20220701,13:14,627.60,627.60,626.45,626.45,100,9500
20220701,13:16,628.45,628.45,628.45,628.45,50,9650
20220701,13:17,630.55,630.55,630.55,630.55,50,9650
20220701,13:18,629.10,629.10,629.10,629.10,50,9650
20220701,13:21,626.00,626.00,626.00,626.00,50,9800
20220701,13:23,616.00,616.00,616.00,616.00,100,9800
20220701,13:32,616.00,616.00,616.00,616.00,50,9950
20220701,13:37,649.30,649.30,649.30,649.30,50,9950
20220701,13:47,623.70,623.70,623.70,623.70,50,9950
20220701,13:50,622.00,624.00,622.00,624.00,100,9950
20220701,13:51,623.00,623.00,623.00,623.00,100,10050
20220701,13:52,614.00,614.00,613.00,613.00,100,10050
20220701,13:53,613.00,613.00,613.00,613.00,50,10050
20220701,13:57,630.00,630.00,630.00,630.00,100,10300
20220701,14:02,630.30,630.30,630.30,630.30,50,10400
20220701,14:03,634.95,634.95,634.95,634.95,150,10400
20220701,14:06,630.00,630.00,630.00,630.00,50,10550
20220701,14:12,641.95,641.95,641.95,641.95,50,10600
20220701,14:32,636.40,636.40,636.40,636.40,50,10600
20220701,14:33,631.45,631.45,631.45,631.45,50,10550
20220701,14:45,599.20,599.20,599.20,599.20,50,10550
20220701,14:47,591.10,591.10,587.15,587.15,100,10600
20220701,14:48,587.15,587.15,587.15,587.15,50,10700
20220701,14:50,601.15,601.15,601.00,601.00,200,10700
20220701,14:51,596.25,596.25,596.25,596.25,50,10700
20220701,15:00,611.00,612.00,611.00,612.00,350,11250
20220701,15:01,602.55,606.00,602.55,606.00,200,11250
20220701,15:02,611.00,611.00,607.35,607.35,100,11250
20220701,15:03,604.00,609.30,604.00,606.65,250,11700
20220701,15:05,595.40,595.80,595.40,595.80,100,11700
20220701,15:06,583.25,583.25,582.00,582.90,300,12050
20220701,15:08,578.40,578.40,578.40,578.40,100,12050
20220701,15:12,562.85,562.85,562.85,562.85,100,12300
20220701,15:15,562.85,574.30,562.85,572.90,800,12400
20220701,15:17,572.15,572.15,568.15,568.15,100,12400
20220701,15:18,563.40,563.40,563.40,563.40,50,13250
20220701,15:20,561.05,561.05,561.05,561.05,50,13250
20220701,15:26,551.80,551.80,551.80,551.80,50,13350
20220701,15:27,551.80,551.80,551.80,551.80,100,13300
20220704,09:27,583.60,583.60,583.60,583.60,101,13400
20220704,09:47,620.00,620.00,620.00,620.00,50,13400
20220704,10:37,620.00,620.00,620.00,620.00,50,13450
20220704,11:34,564.00,564.00,564.00,564.00,150,13450
20220704,11:35,563.95,569.25,563.95,569.25,250,13350
20220704,11:36,568.95,568.95,568.95,568.95,100,13350
20220704,11:37,571.15,571.15,571.15,571.15,50,13350
20220704,11:41,569.10,569.10,569.10,569.10,50,13700
20220704,11:42,562.25,562.25,561.30,561.30,400,13750
20220704,11:52,568.80,568.80,568.80,568.80,50,14150
20220704,12:01,566.00,566.00,566.00,566.00,400,14200
20220704,12:03,560.70,560.70,560.70,560.70,100,14600
20220704,12:15,563.15,563.15,563.15,563.15,50,14700
20220704,12:16,564.55,564.55,560.35,560.35,150,14700
20220704,12:30,557.15,557.15,557.15,557.15,50,14800
20220704,12:32,557.15,557.15,557.15,557.15,50,14800
20220704,12:42,564.65,564.65,564.65,564.65,50,14900
20220704,12:44,563.85,563.85,563.85,563.85,50,14900
20220704,13:20,562.45,562.45,562.45,562.45,50,15000
20220704,14:14,547.00,547.00,547.00,547.00,50,15050
20220704,14:50,519.00,519.00,519.00,519.00,50,15100
20220704,14:58,519.00,519.00,519.00,519.00,50,15100
20220704,15:02,513.95,513.95,513.95,513.95,50,15150
20220704,15:18,490.55,490.55,490.55,490.55,150,15150
20220704,15:28,482.95,482.95,482.95,482.95,400,15200
20220705,09:15,451.95,451.95,451.95,451.95,51,15200
20220705,09:17,449.50,449.50,449.50,449.50,50,15250
20220705,09:20,446.00,446.00,446.00,446.00,50,15250
20220705,09:25,444.55,444.55,444.55,444.55,450,15300
20220705,09:39,444.55,444.55,444.55,444.55,100,15400
20220705,09:41,429.30,429.30,429.30,429.30,100,15500
20220705,09:49,419.95,419.95,419.95,419.95,50,15400
20220705,10:06,405.70,405.70,405.70,405.70,50,15400
20220705,10:44,396.45,396.45,396.45,396.45,50,15400
20220705,10:52,396.45,396.45,396.45,396.45,50,15350
20220705,10:55,399.00,399.00,399.00,399.00,150,15350
20220705,11:05,399.25,399.25,399.25,399.25,50,15450
20220705,11:16,406.00,406.00,406.00,406.00,250,15450
20220705,11:20,399.35,399.35,399.35,399.35,100,15450
20220705,11:27,390.60,390.60,390.60,390.60,100,15350
20220705,11:28,390.60,390.60,390.60,390.60,100,15350
20220705,11:37,394.45,394.45,394.45,394.45,50,15350
20220705,11:38,389.65,389.65,389.65,389.65,50,15350
20220705,11:42,389.00,389.00,389.00,389.00,200,15350
20220705,11:51,389.00,389.00,389.00,389.00,50,15150
20220705,11:52,396.55,396.55,396.55,396.55,100,15150
20220705,11:58,388.60,388.60,388.60,388.60,100,15100
20220705,12:00,388.60,388.60,388.60,388.60,150,15000
20220705,12:06,388.70,388.70,388.70,388.70,50,15000
20220705,12:08,387.00,387.00,387.00,387.00,100,15000
20220705,12:15,383.60,383.60,383.60,383.60,800,15100
20220705,12:23,383.60,383.60,383.60,383.60,800,15200
20220705,12:24,388.00,388.00,388.00,388.00,100,15250
20220705,12:38,393.65,393.65,393.65,393.65,100,15250
20220705,12:45,403.70,403.70,400.00,400.00,350,15300
20220705,12:50,392.40,392.40,392.40,392.40,250,15650
20220705,12:51,390.00,392.00,390.00,392.00,200,15400
20220705,12:55,395.35,395.35,395.35,395.35,50,15300
20220705,12:58,406.30,406.30,406.30,406.30,50,15300
20220705,13:00,411.70,412.60,411.70,412.60,150,15300
20220705,13:05,405.70,405.70,405.70,405.70,50,15400
20220705,13:09,419.25,419.25,419.25,419.25,50,15400
20220705,13:15,407.30,414.40,407.30,414.40,150,15400
20220705,13:16,408.80,408.80,408.80,408.80,50,15400
20220705,13:32,416.10,416.10,416.10,416.10,100,15400
20220705,13:37,422.00,422.00,422.00,422.00,50,15450
20220705,13:38,425.65,427.85,425.65,427.85,250,15450
20220705,13:39,431.50,431.50,431.50,431.50,100,15600
20220705,13:41,435.65,435.65,433.40,433.40,100,15600
20220705,13:42,429.65,429.65,429.65,429.65,50,15500
20220705,13:45,437.85,437.85,437.85,437.85,50,15500
20220705,13:52,453.85,459.95,453.85,459.95,250,15500
20220705,13:54,470.00,470.00,470.00,470.00,50,15500
20220705,13:55,475.75,475.75,475.75,475.75,100,15350
20220705,13:56,475.75,475.75,475.75,475.75,50,15350
20220705,14:02,473.40,476.70,473.40,476.70,250,15250
20220705,14:06,487.95,487.95,487.85,487.85,400,15000
20220705,14:07,488.65,488.65,488.65,488.65,250,15000
20220705,14:10,491.50,494.00,491.50,494.00,150,14950
20220705,14:16,494.00,494.00,483.45,483.45,100,14900
20220705,14:21,494.80,494.80,494.80,494.80,150,14850
20220705,14:27,494.80,494.80,494.80,494.80,100,14700
20220705,14:31,490.90,490.90,488.90,488.90,250,14700
20220705,14:33,489.20,489.20,489.20,489.20,50,14600
20220705,14:35,480.75,480.75,480.75,480.75,350,14600
20220705,14:54,509.95,509.95,509.95,509.95,50,14500
20220705,15:05,531.50,531.50,531.50,531.50,100,14450
20220705,15:08,527.30,527.30,527.30,527.30,300,14550
20220705,15:09,521.10,521.10,521.10,521.10,50,14550
20220705,15:10,519.00,519.00,519.00,519.00,50,14750
20220705,15:11,519.70,519.70,519.70,519.70,50,14750
20220705,15:13,524.25,524.25,524.25,524.25,100,14850
20220705,15:16,522.00,522.00,522.00,522.00,50,14950
20220705,15:20,519.05,519.05,519.05,519.05,100,15000
20220705,15:24,528.60,529.00,528.60,528.85,150,15000
20220705,15:26,526.80,526.80,526.80,526.80,50,15150
20220706,09:15,484.45,484.45,480.00,480.00,551,15150
20220706,09:16,479.50,482.50,476.00,482.50,1000,15150
20220706,09:17,478.00,478.00,473.75,473.75,250,16750
20220706,09:18,476.95,476.95,476.00,476.00,150,16750
20220706,09:19,479.30,481.95,479.30,481.95,200,16750
20220706,09:26,459.00,459.00,459.00,459.00,100,17000
20220706,09:53,450.35,450.35,450.35,450.35,150,16950
20220706,10:23,468.00,468.00,468.00,468.00,50,16950
20220706,10:24,464.50,464.50,464.50,464.50,50,17000
20220706,10:47,449.30,449.30,449.30,449.30,200,16950
20220706,10:49,447.05,447.05,443.70,443.70,100,16800
20220706,10:50,440.00,440.00,440.00,440.00,50,16800
20220706,10:53,435.10,435.10,435.10,435.10,50,16850
20220706,11:06,435.10,435.10,435.10,435.10,50,16850
20220706,11:30,474.00,474.00,474.00,474.00,50,16850
20220706,11:31,475.00,475.00,475.00,475.00,50,16850
20220706,11:35,482.05,482.05,482.05,482.05,100,16950
20220706,12:32,433.00,433.00,433.00,433.00,50,16950
20220706,12:33,426.15,426.15,426.15,426.15,50,16950
20220706,12:59,400.00,400.00,400.00,400.00,50,16950
20220706,13:07,392.95,392.95,392.95,392.95,200,16900
20220706,13:13,385.00,385.00,385.00,385.00,50,16900
20220706,13:17,385.00,385.00,385.00,385.00,150,16900
20220706,13:19,394.00,394.00,394.00,394.00,100,17050
20220706,13:22,390.00,390.00,390.00,390.00,50,17150
20220706,13:36,407.45,407.45,405.85,405.85,150,17150
20220706,13:38,394.15,394.15,394.15,394.15,100,17150
20220706,13:41,391.50,391.50,391.50,391.50,50,17150
20220706,13:55,410.70,410.70,410.70,410.70,100,17150
20220706,14:00,424.95,425.00,424.95,425.00,150,17200
20220706,14:04,427.85,429.85,427.85,429.85,150,17300
20220706,14:05,432.15,440.50,432.10,440.50,250,17300
20220706,14:17,420.95,420.95,420.95,420.95,100,17400
20220706,14:25,421.00,421.00,421.00,421.00,100,17350
20220706,14:32,440.00,445.00,440.00,445.00,150,17250
20220706,14:46,450.00,450.00,450.00,450.00,50,17250
20220706,14:53,415.85,415.85,415.50,415.50,150,17250
20220706,15:03,408.00,408.00,408.00,408.00,50,17200
20220706,15:08,405.50,405.50,405.50,405.50,50,17200
20220706,15:15,385.45,385.45,383.80,383.80,200,17200
20220706,15:16,382.75,382.75,382.75,382.75,50,17000
20220706,15:20,381.10,381.10,381.10,381.10,50,17050
20220706,15:21,381.10,381.10,381.10,381.10,300,17050
20220706,15:25,377.75,377.75,377.75,377.75,50,16750
20220706,15:26,376.80,376.80,376.40,376.40,250,16750
20220707,09:15,314.60,314.60,298.00,298.00,101,16900
20220707,09:16,298.00,305.00,298.00,305.00,350,16900
20220707,09:17,300.00,302.00,300.00,302.00,850,16900
20220707,09:18,301.15,304.00,301.15,304.00,200,17500
20220707,09:19,304.00,306.40,304.00,306.40,350,17500
20220707,09:20,308.30,309.00,307.30,309.00,350,17850
20220707,09:21,315.00,317.00,315.00,317.00,150,17850
20220707,09:22,312.00,312.00,312.00,312.00,50,17850
20220707,09:24,323.00,323.00,313.70,313.70,650,17800
20220707,09:25,318.35,318.90,314.95,318.45,200,17800
20220707,09:26,320.00,324.00,320.00,324.00,150,18300
20220707,09:27,331.00,331.00,331.00,331.00,100,18300
20220707,09:29,325.00,326.00,325.00,325.00,200,18300
20220707,09:30,328.05,328.05,328.05,328.05,100,18050
20220707,09:31,325.00,325.00,325.00,325.00,150,18050
20220707,09:32,320.00,320.90,320.00,320.90,100,17850
20220707,09:33,321.40,321.40,320.70,320.70,100,17850
20220707,09:34,320.45,320.50,320.45,320.50,250,17850
20220707,09:35,315.00,315.00,311.75,311.75,150,17750
20220707,09:36,314.60,314.60,314.60,314.60,50,17750
20220707,09:37,320.00,321.60,320.00,320.00,200,17750
20220707,09:39,324.05,324.05,324.05,324.05,100,17750
20220707,09:40,322.30,322.30,322.30,322.30,50,17750
20220707,09:41,323.60,325.00,323.60,325.00,150,17800
20220707,09:44,331.30,331.30,331.30,331.30,150,17800
20220707,09:46,328.00,328.00,324.55,324.55,700,17800
20220707,09:47,328.55,328.55,328.55,328.55,50,17800
20220707,09:48,323.95,323.95,323.85,323.85,150,18000
20220707,09:49,327.20,327.20,327.20,327.20,50,18000
20220707,09:50,327.00,327.00,327.00,327.00,50,18050
20220707,09:51,328.60,328.60,328.60,328.60,50,18050
20220707,09:52,333.00,333.00,333.00,333.00,1500,18050
20220707,09:53,333.50,333.50,333.50,333.50,50,18050
20220707,09:54,338.35,338.35,338.35,338.35,50,19200
20220707,09:55,338.35,338.35,335.50,335.50,300,19200
20220707,09:56,337.00,337.00,337.00,337.00,200,19200
20220707,09:57,337.00,337.00,337.00,337.00,50,18950
20220707,10:00,340.00,341.55,340.00,341.55,150,18950
20220707,10:01,330.00,330.00,330.00,330.00,50,18950
20220707,10:02,328.65,328.65,328.65,328.65,300,18850
20220707,10:03,328.90,328.90,328.00,328.00,150,18850
20220707,10:04,329.35,329.35,326.70,326.70,100,18850
20220707,10:06,323.00,323.00,323.00,323.00,100,18850
20220707,10:10,332.35,332.35,332.35,332.35,50,18850
20220707,10:11,333.15,333.15,333.15,333.15,50,18850
20220707,10:12,330.65,330.65,330.65,330.65,50,18900
20220707,10:18,325.30,325.30,325.30,325.30,50,18850
20220707,10:25,320.00,320.00,320.00,320.00,50,18850
20220707,10:26,315.80,315.80,315.80,315.80,100,18850
20220707,10:27,322.00,322.00,322.00,322.00,100,18950
20220707,10:30,318.05,318.05,318.05,318.05,100,18950
20220707,10:32,320.00,320.00,320.00,320.00,100,18950
20220707,10:33,321.95,321.95,320.00,320.00,150,18850
20220707,10:37,311.80,311.80,311.00,311.00,150,18950
20220707,10:38,316.35,316.35,316.35,316.35,50,18850
20220707,10:39,314.70,314.70,312.00,312.00,100,18850
20220707,10:42,313.15,313.60,310.05,310.05,250,18850
20220707,10:43,308.70,308.70,308.70,308.70,100,18850
20220707,10:44,309.30,309.30,307.00,307.00,100,18900
20220707,10:45,308.10,308.10,308.10,308.10,50,18900
20220707,10:46,311.45,311.45,311.45,311.45,50,18900
20220707,10:47,311.45,311.45,311.45,311.45,50,18900
20220707,10:48,312.00,312.00,312.00,312.00,1000,18950
20220707,10:49,317.00,317.00,317.00,317.00,2000,18950
20220707,10:50,312.00,312.00,311.00,311.00,100,18950
20220707,10:51,310.10,310.10,310.10,310.10,100,20450
20220707,10:54,315.90,315.90,313.00,313.00,200,20550
20220707,10:55,315.25,315.25,315.25,315.25,100,20550
20220707,10:57,318.60,318.60,318.60,318.60,50,20500
20220707,10:58,319.25,319.25,319.25,319.25,650,20500
20220707,10:59,316.80,316.80,316.80,316.80,100,20500
20220707,11:01,324.80,325.00,324.80,325.00,200,21000
20220707,11:02,324.25,326.20,321.65,321.65,1600,21000
20220707,11:03,321.80,321.80,321.80,321.80,500,22200
20220707,11:04,324.85,324.85,323.70,323.70,100,22200
20220707,11:05,323.85,323.85,323.85,323.85,50,22200
20220707,11:06,323.70,323.70,317.70,318.35,350,22200
20220707,11:07,317.80,321.05,317.80,321.05,150,22200
20220707,11:08,320.75,320.75,320.75,320.75,50,22200
20220707,11:09,326.00,328.95,326.00,328.95,150,22200
20220707,11:11,330.65,330.65,327.45,327.45,200,22200
20220707,11:12,327.45,327.45,327.45,327.45,50,22200
20220707,11:14,327.45,329.80,327.30,329.00,400,22200
20220707,11:15,324.95,325.90,324.95,325.90,100,22300
20220707,11:16,328.00,328.00,328.00,328.00,50,22300
20220707,11:18,331.15,331.15,331.15,331.15,100,22200
20220707,11:20,331.65,331.65,331.65,331.65,50,22200
20220707,11:21,333.25,333.50,333.25,333.50,900,22150
20220707,11:23,331.10,331.10,331.10,331.10,50,22150
20220707,11:24,332.00,332.00,332.00,332.00,150,22550
20220707,11:25,328.35,328.35,328.35,328.35,50,22550
20220707,11:29,327.05,327.05,327.05,327.05,50,22350
20220707,11:30,323.00,323.00,323.00,323.00,100,22300
20220707,11:32,325.30,325.30,325.30,325.30,50,22300
20220707,11:33,318.95,318.95,318.95,318.95,1550,22350
20220707,11:34,323.60,324.75,323.60,324.75,100,22350
20220707,11:36,324.80,324.80,323.05,323.30,250,21500
20220707,11:39,312.85,314.30,312.65,314.30,450,21600
20220707,11:40,314.35,315.55,314.35,315.55,100,21600
20220707,11:43,322.50,322.50,320.40,320.40,200,21700
20220707,11:44,319.80,319.80,319.80,319.80,100,21700
20220707,11:45,318.20,318.20,318.20,318.20,100,21750
20220707,11:48,321.60,321.60,318.00,318.00,100,21650
20220707,11:51,317.60,317.60,317.60,317.60,900,21750
20220707,11:53,322.65,322.65,322.65,322.65,250,21750
20220707,11:54,322.20,322.20,320.90,320.90,150,21500
20220707,11:55,320.65,322.60,320.65,322.60,150,21500
20220707,12:01,314.20,314.20,314.20,314.20,50,21450
20220707,12:02,316.00,316.00,316.00,316.00,50,21450
20220707,12:03,317.25,317.25,317.25,317.25,100,21450
20220707,12:08,321.70,321.70,321.70,321.70,100,21400
20220707,12:09,323.15,324.80,322.75,324.80,200,21300
20220707,12:12,325.45,327.10,325.45,327.10,200,21400
20220707,12:13,328.25,328.25,327.40,327.40,100,21400
20220707,12:14,327.40,327.40,327.40,327.40,50,21400
20220707,12:15,330.60,331.20,329.90,329.90,500,21350
20220707,12:16,327.60,327.60,322.20,324.30,400,21350
20220707,12:17,321.35,321.35,321.35,321.35,50,21350
20220707,12:19,321.00,321.00,321.00,321.00,150,21300
20220707,12:20,319.15,319.15,319.15,319.15,200,21300
20220707,12:21,321.60,321.60,321.00,321.00,2850,21250
20220707,12:23,319.70,319.70,319.70,319.70,50,21250
20220707,12:25,320.00,320.00,320.00,320.00,100,20900
20220707,12:26,325.50,325.85,325.50,325.85,150,20900
20220707,12:27,324.00,324.65,323.65,324.65,200,20750
20220707,12:29,323.60,323.60,323.60,323.60,50,20750
20220707,12:30,325.95,325.95,325.95,325.95,50,20750
20220707,12:32,321.00,321.00,321.00,321.00,250,20550
20220707,12:33,321.25,321.25,321.25,321.25,50,20800
20220707,12:36,318.00,318.00,318.00,318.00,2100,20800
20220707,12:38,317.00,317.00,316.80,316.80,250,20800
20220707,12:43,322.85,322.85,322.85,322.85,500,19150
20220707,12:45,326.60,326.60,326.60,326.60,50,18950
20220707,12:46,327.10,327.10,327.10,327.10,50,18950
20220707,12:47,330.00,330.50,328.60,330.50,2200,18950
20220707,12:48,329.20,330.35,328.90,329.55,1500,21700
20220707,12:49,325.00,325.00,325.00,325.00,50,21700
20220707,12:50,326.15,326.15,326.15,326.15,50,21700
20220707,12:52,323.60,323.60,322.25,322.55,750,21700
20220707,12:53,323.10,323.10,323.10,323.10,100,21700
20220707,12:54,318.70,318.70,316.40,316.40,150,21650
20220707,12:57,323.50,323.50,323.50,323.50,50,21650
20220707,12:58,322.00,322.40,322.00,322.40,100,21600
20220707,13:00,313.50,313.50,313.50,313.50,50,21600
20220707,13:01,313.85,316.95,313.85,316.95,100,21600
20220707,13:02,311.80,312.80,309.75,309.75,400,21600
20220707,13:03,308.50,309.10,308.50,309.10,300,21650
20220707,13:04,308.00,308.00,305.85,307.40,1800,21650
20220707,13:05,303.80,305.80,302.65,305.80,1000,21650
20220707,13:06,311.75,311.75,310.60,310.60,3500,21850
20220707,13:08,309.00,311.95,309.00,311.95,5250,21850
20220707,13:09,310.90,310.90,309.95,310.70,3450,22400
20220707,13:10,310.00,310.00,310.00,310.00,50,22400
20220707,13:11,308.00,308.00,308.00,308.00,50,22400
20220707,13:12,310.50,312.25,310.50,312.25,200,20800
20220707,13:13,313.30,313.30,313.30,313.30,350,20800
20220707,13:15,309.35,309.35,309.35,309.35,100,20750
20220707,13:17,308.20,308.20,308.20,308.20,250,20750
20220707,13:18,306.00,306.00,304.35,304.35,200,20750
20220707,13:19,304.50,304.50,304.00,304.00,150,20700
20220707,13:20,309.15,309.15,309.15,309.15,50,20700
20220707,13:21,308.05,308.05,307.70,307.80,150,20600
20220707,13:22,306.55,307.20,306.55,307.15,400,20600
20220707,13:24,307.20,307.20,307.20,307.20,300,20600
20220707,13:25,305.55,305.55,305.55,305.55,50,20900
20220707,13:26,303.00,303.75,302.05,303.75,150,20900
20220707,13:28,304.15,305.45,304.15,305.45,100,20750
20220707,13:29,307.00,307.00,307.00,307.00,50,20750
20220707,13:30,305.85,305.85,303.65,303.85,150,20800
20220707,13:31,305.90,306.50,305.85,306.50,300,20800
20220707,13:33,304.70,306.40,304.25,304.25,250,20850
20220707,13:34,303.15,305.10,303.15,305.10,450,20850
20220707,13:35,303.10,303.60,303.10,303.60,200,20850
20220707,13:36,303.10,303.10,298.90,299.40,1800,21050
20220707,13:37,298.00,299.20,298.00,299.20,2550,21050
20220707,13:38,300.70,300.70,296.65,296.65,350,21050
20220707,13:39,296.65,297.00,296.00,296.00,300,20000
20220707,13:40,296.00,299.40,296.00,299.40,550,20000
20220707,13:41,297.80,297.80,297.80,297.80,50,20000
20220707,13:42,301.15,303.55,301.15,303.55,750,20200
20220707,13:43,300.80,302.45,300.80,302.45,700,20200
20220707,13:44,300.45,300.45,300.45,300.45,50,20200
20220707,13:45,302.75,307.00,302.75,307.00,500,20150
20220707,13:46,308.90,311.10,307.95,307.95,2650,20150
20220707,13:47,313.00,315.95,312.45,313.95,1500,20150
20220707,13:48,312.00,315.50,311.85,313.75,1600,22600
20220707,13:49,308.60,308.60,307.95,307.95,100,22600
20220707,13:52,314.00,314.00,310.25,310.25,300,22550
20220707,13:53,310.20,310.95,310.20,310.95,250,22550
20220707,13:54,310.95,310.95,310.00,310.00,550,22550
20220707,13:55,308.05,309.90,308.05,309.90,1050,23200
20220707,13:57,308.65,308.65,308.65,308.65,700,23200
20220707,13:58,315.00,315.00,311.05,311.05,100,22750
20220707,13:59,312.25,312.65,312.25,312.65,100,22750
20220707,14:00,315.45,315.45,310.00,310.00,400,22700
20220707,14:01,315.35,320.20,315.35,319.90,550,22700
20220707,14:02,318.35,321.50,318.35,319.25,750,22700
20220707,14:03,325.85,325.85,321.10,321.10,350,22750
20220707,14:04,319.00,319.20,319.00,319.20,1050,22750
20220707,14:05,321.05,321.05,315.30,317.00,400,22750
20220707,14:06,315.70,315.70,315.70,315.70,150,22250
20220707,14:07,315.00,315.00,315.00,315.00,400,22250
20220707,14:08,315.00,322.35,315.00,322.35,550,22250
20220707,14:09,322.90,322.90,321.75,321.75,1000,22250
20220707,14:10,320.00,321.55,320.00,321.55,650,22900
20220707,14:11,323.00,328.40,323.00,328.00,750,22900
20220707,14:12,329.50,330.65,327.20,327.20,800,22450
20220707,14:13,333.20,333.20,329.00,329.00,2550,22450
20220707,14:14,337.85,337.85,334.00,334.00,4550,22450
20220707,14:15,339.00,342.00,337.40,337.40,4650,26700
20220707,14:16,335.25,335.25,328.35,335.00,1150,26700
20220707,14:17,334.65,336.25,330.90,330.90,400,26700
20220707,14:18,331.40,334.85,331.40,334.85,150,26100
20220707,14:20,333.45,333.45,323.05,323.05,100,26100
20220707,14:21,324.20,324.20,322.80,322.85,450,26050
20220707,14:22,319.75,319.75,314.95,318.00,300,26050
20220707,14:23,316.70,316.70,316.70,316.70,150,26050
20220707,14:24,316.75,318.00,316.70,316.70,150,26050
20220707,14:25,313.85,316.40,313.85,314.55,450,25800
20220707,14:26,322.35,322.35,318.20,318.20,450,25800
20220707,14:27,316.85,316.85,316.00,316.00,100,25550
20220707,14:28,319.25,322.00,319.25,322.00,1450,25550
20220707,14:29,322.30,322.30,309.85,309.85,1000,25550
20220707,14:30,315.65,315.65,313.75,313.75,700,25550
20220707,14:31,306.35,306.35,306.35,306.35,200,24100
20220707,14:32,305.20,305.20,301.00,301.00,400,24100
20220707,14:33,301.40,301.65,301.40,301.65,150,24000
20220707,14:34,304.55,304.55,304.55,304.55,50,24000
20220707,14:35,301.85,308.65,301.85,306.70,500,24000
20220707,14:37,308.65,308.65,308.65,308.65,50,23750
20220707,14:38,304.75,304.95,303.65,303.65,400,23750
20220707,14:39,305.00,305.00,301.05,301.05,100,23850
20220707,14:40,300.30,301.30,300.30,301.30,150,23850
20220707,14:41,302.50,302.50,300.65,300.65,150,23850
20220707,14:42,302.65,303.85,302.65,303.85,300,23750
20220707,14:43,301.60,301.60,301.60,301.60,250,23750
20220707,14:44,301.60,301.60,300.00,300.00,100,23750
20220707,14:45,296.50,296.50,296.50,296.50,100,23750
20220707,14:46,295.00,296.00,295.00,296.00,1500,23750
20220707,14:47,297.60,297.90,297.60,297.90,150,23750
20220707,14:48,294.95,294.95,292.80,292.80,850,23950
20220707,14:49,290.00,290.00,290.00,290.00,100,23950
20220707,14:50,290.00,290.40,288.30,288.30,150,23950
20220707,14:51,286.95,293.30,286.95,293.30,450,23650
20220707,14:52,295.00,295.00,294.00,294.25,350,23650
20220707,14:53,294.00,294.00,294.00,294.00,100,23650
20220707,14:54,293.00,293.00,290.60,290.60,1250,24400
20220707,14:55,286.00,286.60,285.55,286.60,2500,24400
20220707,14:56,286.15,287.30,286.15,286.80,250,24400
20220707,14:57,284.60,284.60,282.80,282.80,900,25300
20220707,14:58,286.15,288.45,286.15,287.85,1450,25300
20220707,14:59,289.00,289.00,289.00,289.00,300,25300
20220707,15:00,288.80,291.00,288.80,291.00,550,26700
20220707,15:01,292.80,294.20,292.80,294.20,100,26700
20220707,15:02,292.80,292.80,285.00,285.00,1250,26700
20220707,15:03,285.65,285.65,281.00,281.00,150,26250
20220707,15:04,278.00,282.80,277.75,281.70,1750,26250
20220707,15:05,281.00,281.00,278.85,278.85,300,26250
20220707,15:06,278.40,278.40,273.30,273.30,1450,27750
20220707,15:07,273.00,278.50,273.00,278.50,1400,27750
20220707,15:08,278.50,282.00,278.00,281.70,950,27750
20220707,15:09,282.85,282.85,275.00,275.00,750,29250
20220707,15:10,272.10,275.35,272.10,275.00,5100,29250
20220707,15:11,277.45,277.95,275.40,277.95,2300,29250
20220707,15:12,278.00,281.55,278.00,280.85,6950,31950
20220707,15:13,280.75,282.00,280.15,282.00,6050,31950
20220707,15:14,282.15,284.35,282.15,284.35,700,31950
20220707,15:15,285.20,286.90,284.20,284.20,550,28550
20220707,15:16,283.80,283.80,282.00,282.10,1150,28550
20220707,15:17,283.50,284.00,282.05,284.00,300,28550
20220707,15:18,286.10,286.10,285.25,285.25,400,28600
20220707,15:19,284.90,284.90,280.00,280.00,250,28600
20220707,15:20,279.00,280.55,279.00,279.10,3100,28600
20220707,15:21,282.00,282.00,279.80,279.80,1600,27200
20220707,15:22,280.75,281.25,279.90,279.95,950,27200
20220707,15:23,279.10,279.95,278.80,278.80,300,27200
20220707,15:24,278.45,280.05,278.45,279.00,5650,31950
20220707,15:25,279.00,280.35,278.45,279.65,2050,31950
20220707,15:26,278.95,279.75,278.40,279.65,1200,31950
20220707,15:27,279.65,279.65,277.00,277.00,2200,33050
20220707,15:28,276.30,276.90,275.60,275.80,2950,33050
20220707,15:29,274.80,275.00,271.30,271.30,600,33050
20220707,15:30,271.30,271.30,271.30,271.30,50,33050
20220708,09:15,250.00,254.95,238.05,243.25,5051,32900
20220708,09:16,243.55,247.75,243.55,244.25,1400,32900
20220708,09:17,244.65,248.45,244.65,246.90,900,32200
20220708,09:18,246.45,250.00,245.00,250.00,650,32200
20220708,09:19,249.00,249.20,245.55,245.55,350,32200
20220708,09:20,250.60,253.00,250.30,250.30,2750,32400
20220708,09:21,250.55,254.65,250.55,254.65,2050,32400
20220708,09:22,252.00,252.00,247.05,247.40,1750,32400
20220708,09:23,247.65,248.50,245.00,245.00,900,31100
20220708,09:24,244.05,247.45,244.05,246.00,2750,31100
20220708,09:25,244.95,252.00,244.60,252.00,1250,31100
20220708,09:26,252.65,255.00,252.65,255.00,450,31450
20220708,09:27,255.00,255.00,255.00,255.00,100,31450
20220708,09:28,255.75,255.75,253.60,253.60,500,31450
20220708,09:29,255.70,255.70,255.70,255.70,100,31500
20220708,09:30,254.10,255.60,254.10,254.70,400,31500
20220708,09:31,248.10,248.10,246.25,246.25,400,31500
20220708,09:32,247.05,247.05,244.50,244.95,850,30500
20220708,09:33,246.70,247.75,246.70,247.75,200,30500
20220708,09:34,247.75,247.75,244.50,245.25,250,30500
20220708,09:35,241.70,243.15,241.70,243.15,200,30350
20220708,09:36,242.50,243.50,241.70,243.50,1250,30350
20220708,09:37,245.00,246.05,245.00,246.00,3800,30350
20220708,09:38,245.00,245.00,245.00,245.00,250,30350
20220708,09:39,240.60,242.70,240.60,242.70,100,31100
20220708,09:41,240.85,240.85,240.85,240.85,50,31050
20220708,09:42,243.85,243.85,240.00,240.00,450,31050
20220708,09:43,240.00,240.00,239.80,239.80,100,31050
20220708,09:44,240.40,240.40,239.00,239.00,350,31000
20220708,09:45,239.40,239.40,238.00,238.00,700,31000
20220708,09:47,235.00,235.00,235.00,235.00,400,30850
20220708,09:48,233.70,236.25,233.70,236.25,650,30850
20220708,09:49,236.75,239.90,236.75,239.90,150,30850
20220708,09:50,239.90,241.45,239.90,241.00,600,30950
20220708,09:51,243.90,243.90,243.90,243.90,50,30950
20220708,09:52,243.00,243.00,243.00,243.00,50,30950
20220708,09:53,244.35,244.35,241.10,241.60,500,30850
20220708,09:55,245.05,245.05,245.05,245.05,150,30850
20220708,09:56,245.00,245.00,242.00,242.00,550,30800
20220708,09:57,241.40,241.40,241.40,241.40,200,30800
20220708,09:58,246.20,246.20,246.20,246.20,300,30800
20220708,09:59,245.00,246.20,245.00,246.20,200,30400
20220708,10:00,246.20,246.20,245.00,246.05,150,30400
20220708,10:01,246.55,248.00,246.55,248.00,150,30400
20220708,10:02,249.55,249.55,248.00,248.00,200,30500
20220708,10:03,248.25,248.25,246.20,246.20,300,30500
20220708,10:04,244.60,244.60,244.60,244.60,100,30500
20220708,10:05,246.05,246.05,245.55,245.55,100,30500
20220708,10:06,248.00,250.95,248.00,250.80,600,30600
20220708,10:07,250.95,252.25,250.40,252.25,250,30600
20220708,10:08,252.50,253.95,252.50,253.95,150,31000
20220708,10:09,254.90,254.90,254.90,254.90,150,31000
20220708,10:10,256.00,256.95,253.60,253.60,2650,31000
20220708,10:11,253.95,253.95,250.50,252.00,3100,33250
20220708,10:12,252.00,254.05,252.00,254.05,500,33250
20220708,10:14,250.85,250.85,249.80,250.80,300,33200
20220708,10:16,250.80,250.80,250.80,250.80,50,33200
20220708,10:17,252.40,252.40,252.40,252.40,50,33200
20220708,10:20,248.35,248.35,248.35,248.35,500,33000
20220708,10:21,249.65,252.30,249.65,252.30,100,33000
20220708,10:25,245.95,247.40,245.55,245.55,250,33000
20220708,10:26,246.25,246.25,246.25,246.25,100,33000
20220708,10:27,245.75,245.75,244.00,244.00,800,32900
20220708,10:29,247.50,247.50,247.50,247.50,100,33350
20220708,10:30,251.35,251.35,251.35,251.35,100,33350
20220708,10:31,247.15,247.90,247.15,247.90,350,33350
20220708,10:34,246.90,246.90,246.90,246.90,50,33350
20220708,10:35,246.40,246.50,246.40,246.50,200,33200
20220708,10:36,247.05,247.05,245.35,245.35,200,33200
20220708,10:37,245.00,245.00,245.00,245.00,50,33200
20220708,10:38,243.05,244.00,243.05,244.00,350,33200
20220708,10:39,242.10,242.10,240.85,240.85,250,33500
20220708,10:40,240.45,240.45,239.80,239.80,100,33500
20220708,10:41,239.80,241.25,239.80,241.00,150,33500
20220708,10:42,242.45,244.20,242.45,244.20,150,33500
20220708,10:43,242.20,244.55,242.20,244.50,250,33500
20220708,10:44,244.95,245.75,244.95,245.45,300,33450
20220708,10:45,246.00,246.00,246.00,246.00,200,33450
20220708,10:50,244.20,244.20,244.20,244.20,100,33050
20220708,10:52,246.55,246.55,245.00,245.00,200,32950
20220708,10:54,246.10,246.95,246.10,246.95,150,33150
20220708,10:55,244.50,246.30,244.50,245.45,2050,33150
20220708,10:56,245.85,245.90,244.05,244.05,7000,37800
20220708,10:57,243.15,243.90,240.95,240.95,4300,37800
20220708,10:58,242.05,242.05,242.05,242.05,100,37800
20220708,10:59,243.05,243.05,243.00,243.00,1050,44150
20220708,11:00,243.70,243.70,243.70,243.70,100,44150
20220708,11:01,245.85,245.85,245.85,245.85,50,44150
20220708,11:02,245.45,245.45,245.45,245.45,50,44150
20220708,11:03,247.90,247.90,247.55,247.90,350,44200
20220708,11:04,247.05,247.05,247.05,247.05,50,44200
20220708,11:07,246.75,246.75,246.75,246.75,100,44200
20220708,11:08,246.00,246.00,246.00,246.00,50,43950
20220708,11:09,247.00,247.95,247.00,247.60,400,44000
20220708,11:10,249.05,250.20,249.05,250.20,200,44000
20220708,11:11,248.60,249.50,247.95,249.00,900,44450
20220708,11:13,248.95,248.95,247.40,247.40,150,44450
20220708,11:14,249.00,249.00,249.00,249.00,50,44500
20220708,11:15,251.40,251.40,251.40,251.40,50,44500
20220708,11:16,251.40,251.40,250.70,250.70,600,44500
20220708,11:17,250.30,250.55,250.30,250.55,150,44500
20220708,11:21,247.60,248.05,247.60,248.05,100,44750
20220708,11:22,251.05,251.25,250.55,250.55,250,44750
20220708,11:23,253.00,253.00,251.35,251.35,200,44850
20220708,11:24,254.00,254.40,254.00,254.05,250,44850
20220708,11:25,255.00,257.10,255.00,255.90,700,44850
20220708,11:26,254.95,255.45,254.70,254.80,300,45100
20220708,11:27,253.05,253.05,251.75,251.75,300,45100
20220708,11:28,252.55,252.55,252.55,252.55,100,45100
20220708,11:29,252.95,253.60,252.95,253.60,600,45100
20220708,11:30,255.00,255.00,252.00,252.00,600,44950
20220708,11:31,251.15,251.45,250.30,250.30,150,44950
20220708,11:32,250.15,250.95,250.15,250.95,750,44950
20220708,11:33,249.30,249.30,249.30,249.30,50,44800
20220708,11:35,250.85,250.85,250.85,250.85,100,44800
20220708,11:37,250.05,250.05,249.10,249.10,1000,44800
20220708,11:38,246.00,247.00,246.00,246.55,600,45200
20220708,11:39,246.85,246.85,246.85,246.85,100,45200
20220708,11:40,248.00,248.00,245.00,245.85,500,45200
20220708,11:41,246.95,246.95,246.95,246.95,50,45450
20220708,11:42,243.55,243.55,241.50,241.50,200,45450
20220708,11:43,242.45,242.45,242.45,242.45,50,45450
20220708,11:44,244.45,245.05,244.45,245.05,150,45350
20220708,11:45,246.55,246.55,246.55,246.55,50,45350
20220708,11:47,247.70,247.70,247.70,247.70,50,45350
20220708,11:48,247.80,247.80,247.80,247.80,500,45350
20220708,11:49,248.90,248.90,248.65,248.65,250,45350
20220708,11:50,249.55,250.30,249.55,249.55,250,45000
20220708,11:51,249.05,249.15,249.05,249.15,100,45000
20220708,11:52,249.10,249.10,249.10,249.10,50,45000
20220708,11:55,248.65,248.65,248.65,248.65,50,44950
20220708,11:56,251.50,251.50,251.15,251.40,650,44850
20220708,11:57,250.80,250.80,249.70,250.40,400,44850
20220708,11:58,252.95,252.95,252.95,252.95,500,44850
20220708,11:59,254.80,255.00,254.60,255.00,450,45200
20220708,12:00,256.35,258.85,255.95,256.50,1650,45200
20220708,12:01,257.10,258.00,257.00,257.00,250,45200
20220708,12:02,257.00,257.00,253.60,253.60,1350,45700
20220708,12:03,255.20,255.20,254.65,255.00,200,45700
20220708,12:04,255.80,255.80,255.80,255.80,100,45700
20220708,12:05,257.05,257.60,255.80,256.00,1400,45750
20220708,12:06,257.90,257.90,255.00,255.00,1200,45750
20220708,12:07,256.50,256.50,256.00,256.20,200,45750
20220708,12:08,253.25,254.00,253.25,254.00,200,45750
20220708,12:09,252.45,254.10,250.85,254.10,300,47400
20220708,12:10,255.95,256.30,255.95,256.30,1500,47400
20220708,12:11,254.90,256.75,254.90,256.75,550,47300
20220708,12:13,255.25,255.75,255.25,255.75,150,47300
20220708,12:14,253.60,253.60,253.60,253.60,100,47850
20220708,12:15,255.60,255.60,254.30,254.30,600,47850
20220708,12:16,254.30,256.50,254.30,256.50,100,47850
20220708,12:17,257.75,257.75,256.15,256.15,700,47550
20220708,12:18,255.00,255.00,254.00,254.00,100,47550
20220708,12:19,258.00,258.00,258.00,258.00,50,47550
20220708,12:21,254.95,254.95,254.95,254.95,50,47500
20220708,12:22,251.35,251.35,248.15,248.15,250,47500
20220708,12:23,246.00,246.60,246.00,246.60,300,47500
20220708,12:24,249.25,249.25,245.00,245.00,700,47150
20220708,12:25,246.20,246.20,246.00,246.00,150,47150
20220708,12:26,246.50,247.45,246.50,247.45,200,47150
20220708,12:27,247.50,247.50,246.20,246.20,150,46750
20220708,12:28,246.75,247.05,246.75,247.05,1150,46750
20220708,12:29,246.00,246.00,242.50,242.50,3000,45750
20220708,12:30,241.20,243.05,237.10,243.05,4450,45750
20220708,12:31,243.30,246.95,243.30,245.00,1350,45750
20220708,12:32,244.65,246.95,244.15,246.95,1300,41300
20220708,12:33,246.35,246.35,243.85,243.85,200,41300
20220708,12:34,243.00,243.00,241.65,242.10,300,41300
20220708,12:36,246.45,246.45,246.45,246.45,50,41350
20220708,12:37,246.50,246.50,246.00,246.00,350,41350
20220708,12:38,243.95,243.95,243.95,243.95,50,41350
20220708,12:39,243.95,243.95,243.95,243.95,50,41450
20220708,12:40,243.95,243.95,243.10,243.10,300,41450
20220708,12:41,242.70,242.70,241.90,241.90,100,41250
20220708,12:45,245.00,245.00,245.00,245.00,50,41250
20220708,12:46,242.85,242.85,242.85,242.85,50,41250
20220708,12:47,243.45,243.45,243.45,243.45,150,41250
20220708,12:48,241.55,241.55,241.55,241.55,300,41300
20220708,12:49,241.30,241.30,239.80,239.80,450,41300
20220708,12:50,241.25,242.70,241.25,242.70,200,41450
20220708,12:51,243.30,243.30,243.30,243.30,450,41450
20220708,12:52,240.85,240.85,240.00,240.00,200,41450
20220708,12:53,239.80,239.80,239.80,239.80,150,41450
20220708,12:56,243.80,244.15,243.80,244.15,100,41500
20220708,12:57,247.80,248.45,247.80,248.45,1550,41450
20220708,12:58,246.35,246.35,246.00,246.00,100,41450
20220708,13:00,241.65,242.95,241.65,242.95,250,41200
20220708,13:02,244.00,244.00,242.95,242.95,100,41200
20220708,13:04,241.00,241.00,241.00,241.00,50,41150
20220708,13:05,240.30,240.30,240.30,240.30,350,41150
20220708,13:06,236.85,236.85,235.00,235.45,450,40850
20220708,13:07,237.95,237.95,237.95,237.95,50,40850
20220708,13:09,240.40,240.40,239.45,239.45,1300,40700
20220708,13:10,239.90,240.80,239.45,240.80,150,40700
20220708,13:11,241.50,241.50,241.50,241.50,50,40700
20220708,13:15,244.40,246.50,244.40,246.50,300,40450
20220708,13:16,245.00,245.00,245.00,245.00,50,40450
20220708,13:17,246.50,246.50,245.10,245.10,100,40450
20220708,13:18,245.55,245.55,245.55,245.55,50,40400
20220708,13:19,244.05,244.05,244.05,244.05,50,40400
20220708,13:20,246.00,246.50,246.00,246.50,550,40400
20220708,13:21,247.90,247.90,247.15,247.15,150,40450
20220708,13:23,250.00,250.15,249.00,249.00,400,40450
20220708,13:24,245.50,245.50,245.50,245.50,200,40400
20220708,13:25,243.75,243.75,243.75,243.75,150,40400
20220708,13:26,241.25,241.25,241.25,241.25,50,40400
20220708,13:27,240.65,240.65,240.65,240.65,150,40350
20220708,13:31,241.80,241.80,241.30,241.30,150,40400
20220708,13:32,239.55,239.55,239.55,239.55,100,40400
20220708,13:33,239.55,239.55,238.75,238.75,100,40450
20220708,13:35,238.45,238.90,238.45,238.90,100,40450
20220708,13:36,238.00,238.00,236.95,236.95,400,40300
20220708,13:37,236.00,236.00,233.25,233.25,650,40300
20220708,13:38,231.45,231.95,228.80,231.95,2100,40300
20220708,13:39,230.15,232.50,230.15,231.45,200,39500
20220708,13:40,226.55,226.55,226.55,226.55,250,39500
20220708,13:41,230.75,232.50,230.75,232.45,150,39500
20220708,13:42,232.00,232.95,231.90,232.70,400,39600
20220708,13:43,231.00,231.80,231.00,231.80,100,39600
20220708,13:44,231.80,231.80,231.55,231.55,100,39600
20220708,13:45,232.20,233.00,232.20,233.00,100,39700
20220708,13:46,234.85,234.85,234.30,234.30,200,39700
20220708,13:48,236.55,236.55,236.55,236.55,50,39900
20220708,13:49,235.15,235.60,235.00,235.00,350,39900
20220708,13:50,236.20,236.20,236.20,236.20,50,39900
20220708,13:51,236.20,238.00,236.20,238.00,450,39750
20220708,13:53,239.40,240.65,239.40,240.65,100,39750
20220708,13:54,236.40,236.40,236.40,236.40,200,39500
20220708,13:56,239.05,239.05,239.00,239.00,200,39500
20220708,13:57,240.50,241.95,239.90,241.95,650,39550
20220708,13:58,243.80,244.50,243.80,244.50,300,39550
20220708,14:00,245.00,247.50,245.00,245.85,950,39500
20220708,14:01,247.00,247.00,245.55,245.55,400,39500
20220708,14:02,245.55,245.55,245.55,245.55,50,39500
20220708,14:03,242.10,242.65,241.20,242.65,350,39050
20220708,14:04,243.35,243.50,241.95,243.50,200,39050
20220708,14:06,245.50,246.00,245.30,246.00,1650,38800
20220708,14:07,244.60,245.90,244.60,245.90,100,38800
20220708,14:08,242.25,246.05,242.25,246.05,350,38800
20220708,14:10,246.25,246.25,244.00,244.00,650,40250
20220708,14:11,244.00,244.60,244.00,244.60,800,40250
20220708,14:12,242.95,242.95,242.95,242.95,50,40200
20220708,14:15,244.60,244.85,242.60,242.60,450,40250
20220708,14:16,242.90,244.55,242.90,244.55,350,40250
20220708,14:17,244.95,250.35,244.95,248.85,2850,40250
20220708,14:18,248.85,248.85,244.05,244.05,2300,42050
20220708,14:19,243.70,244.65,243.70,244.65,200,42050
20220708,14:20,247.15,248.70,247.05,247.05,700,42050
20220708,14:21,245.55,246.05,245.55,246.05,250,43000
20220708,14:22,246.05,246.05,240.60,241.30,2800,43000
20220708,14:23,242.10,242.10,242.10,242.10,200,43000
20220708,14:24,238.50,240.50,238.50,240.05,750,43450
20220708,14:25,240.30,240.90,239.35,239.50,650,43450
20220708,14:26,242.30,242.30,242.30,242.30,50,43450
20220708,14:27,244.50,245.20,244.30,244.30,500,43250
20220708,14:28,243.55,245.60,242.85,245.60,300,43250
20220708,14:29,250.00,256.50,250.00,256.50,2600,43250
20220708,14:30,257.00,258.35,255.55,255.55,1850,42650
20220708,14:31,253.05,253.05,249.55,252.40,450,42650
20220708,14:32,256.00,257.45,256.00,256.50,350,42650
20220708,14:33,256.75,258.40,253.00,255.70,650,43150
20220708,14:34,253.05,255.95,253.05,253.60,750,43150
20220708,14:35,252.50,252.50,252.50,252.50,100,43150
20220708,14:36,254.00,254.85,252.00,252.20,2500,42850
20220708,14:37,252.20,252.70,251.60,252.45,550,42850
20220708,14:38,254.25,257.95,254.25,255.20,250,42850
20220708,14:39,255.60,255.95,255.40,255.45,300,42050
20220708,14:40,255.75,256.35,253.30,256.35,900,42050
20220708,14:41,256.30,256.60,256.30,256.60,150,42050
20220708,14:42,256.70,256.70,251.40,251.40,350,42150
20220708,14:43,253.45,253.45,248.65,248.65,1800,42150
20220708,14:44,248.50,251.50,248.45,248.45,1200,42150
20220708,14:45,246.95,247.20,243.35,243.95,1550,42150
20220708,14:46,243.55,243.55,240.00,242.00,1800,42150
20220708,14:47,244.15,244.15,244.15,244.15,150,42150
20220708,14:48,244.75,245.70,243.95,243.95,1050,42450
20220708,14:49,243.50,244.00,243.50,244.00,150,42450
20220708,14:50,245.80,248.65,245.80,248.65,2200,42450
20220708,14:51,248.00,249.85,248.00,248.55,250,44200
20220708,14:52,248.30,249.35,247.70,249.35,1800,44200
20220708,14:53,246.25,248.55,246.25,248.55,1000,44200
20220708,14:54,249.70,249.70,249.70,249.70,100,44200
20220708,14:55,244.00,244.00,244.00,244.00,50,44000
20220708,14:56,242.35,243.35,242.30,242.80,900,44000
20220708,14:57,241.80,241.80,237.05,239.65,900,44400
20220708,14:58,240.00,241.10,239.70,239.70,300,44400
20220708,14:59,240.45,241.90,239.90,239.90,400,44400
20220708,15:00,240.10,240.10,237.20,237.20,800,44700
20220708,15:01,238.90,239.15,235.65,237.05,1300,44700
20220708,15:02,234.70,234.70,234.05,234.05,150,44700
20220708,15:03,233.00,233.20,230.00,231.50,650,45300
20220708,15:04,231.00,232.70,229.45,230.00,1450,45300
20220708,15:05,228.70,232.50,228.70,230.10,1300,45300
20220708,15:06,227.25,230.25,227.25,230.25,550,45450
20220708,15:07,230.50,232.40,230.00,231.45,250,45450
20220708,15:09,228.95,228.95,228.05,228.90,650,45800
20220708,15:10,225.50,227.00,225.35,225.35,250,45800
20220708,15:11,225.20,225.20,222.40,222.40,400,45800
20220708,15:12,221.10,221.35,218.35,218.35,5800,45300
20220708,15:13,219.15,220.00,217.80,220.00,3400,45300
20220708,15:14,219.55,221.85,219.50,221.85,1400,45300
20220708,15:15,221.50,222.35,219.40,222.25,2750,43650
20220708,15:16,222.45,222.45,221.85,222.30,900,43650
20220708,15:17,225.95,225.95,225.00,225.40,450,43650
20220708,15:18,228.05,228.05,226.50,228.05,750,43600
20220708,15:19,225.85,225.85,224.35,224.35,350,43600
20220708,15:20,225.15,227.50,224.95,226.60,3800,43600
20220708,15:21,226.45,226.55,225.00,226.00,1400,42600
20220708,15:22,226.00,226.80,225.55,226.80,900,42600
20220708,15:23,226.75,227.25,226.65,226.95,600,42600
20220708,15:24,227.05,228.50,227.05,227.90,500,41650
20220708,15:25,227.70,228.20,225.10,225.60,1650,41650
20220708,15:26,224.15,225.00,223.20,223.65,1250,41650
20220708,15:27,225.00,225.00,221.45,221.45,1200,40150
20220708,15:28,222.45,227.90,222.45,225.10,4200,40150
20220708,15:29,225.85,225.85,223.95,223.95,150,40150
20220711,09:15,259.95,264.95,254.55,259.50,1851,38400
20220711,09:16,260.85,265.30,259.00,259.00,1750,38400
20220711,09:17,256.45,256.45,249.40,252.20,900,39500
20220711,09:18,253.50,256.50,253.00,253.00,2500,39500
20220711,09:19,251.95,253.00,250.35,253.00,1450,39500
20220711,09:20,251.00,254.30,250.60,253.25,1200,40550
20220711,09:21,255.00,257.35,254.70,255.95,7100,40550
20220711,09:22,255.20,261.10,255.20,260.55,11650,40550
20220711,09:23,259.60,260.55,258.10,258.10,12500,53500
20220711,09:24,260.40,260.40,258.20,259.85,5850,53500
20220711,09:25,260.70,264.40,256.80,256.80,4400,53500
20220711,09:26,256.25,257.65,255.20,257.65,700,58650
20220711,09:27,259.30,260.00,258.30,258.30,750,58650
20220711,09:28,258.75,258.75,257.00,258.35,1450,58650
20220711,09:29,258.60,262.40,258.60,261.00,1950,59200
20220711,09:30,261.00,263.80,261.00,262.45,7700,59200
20220711,09:31,261.95,263.40,261.95,263.35,2450,59200
20220711,09:32,263.55,268.00,263.55,267.00,6200,62100
20220711,09:33,267.75,268.95,264.90,266.75,1500,62100
20220711,09:34,269.00,269.00,267.85,268.10,350,62100
20220711,09:35,267.05,271.65,267.05,268.15,1300,62650
20220711,09:36,269.45,269.45,263.15,263.25,1900,62650
20220711,09:37,263.55,265.80,263.20,263.20,4000,62650
20220711,09:38,265.30,270.00,265.25,270.00,550,62050
20220711,09:39,270.65,273.00,268.70,268.70,1100,62050
20220711,09:40,268.95,268.95,264.20,264.55,1550,62050
20220711,09:41,263.85,264.80,261.30,264.80,1050,63300
20220711,09:42,260.00,260.85,258.70,260.65,1400,63300
20220711,09:43,258.25,259.95,256.45,259.45,450,63300
20220711,09:44,256.95,256.95,252.55,253.15,2000,63700
20220711,09:45,252.95,253.25,247.05,252.00,5400,63700
20220711,09:46,252.10,254.95,250.85,253.45,800,63700
20220711,09:47,253.85,256.50,253.85,253.95,600,63550
20220711,09:48,256.20,259.50,255.25,255.55,4700,63550
20220711,09:49,255.55,255.55,253.20,253.20,1200,63550
20220711,09:50,255.00,256.95,254.85,254.95,400,65750
20220711,09:51,255.05,257.25,252.35,252.55,950,65750
20220711,09:52,252.75,253.45,252.75,253.25,700,65750
20220711,09:53,255.00,256.80,255.00,256.15,250,67250
20220711,09:54,257.00,259.40,256.70,257.45,350,67250
20220711,09:55,258.70,260.70,258.70,260.70,750,67250
20220711,09:56,260.40,260.40,256.10,256.20,900,67250
20220711,09:57,256.50,262.15,256.50,262.15,800,67250
20220711,09:58,262.00,262.45,259.40,259.60,1150,67250
20220711,09:59,258.00,259.35,258.00,258.10,450,67050
20220711,10:00,258.90,260.00,257.95,258.45,1850,67050
20220711,10:01,258.50,258.50,254.25,254.25,550,67050
20220711,10:02,252.60,254.40,252.00,254.40,1800,69150
20220711,10:03,253.30,253.80,252.40,253.40,550,69150
20220711,10:04,253.60,254.00,253.00,254.00,1100,69150
20220711,10:05,255.55,256.20,255.25,256.20,550,70000
20220711,10:06,255.65,255.65,254.30,254.30,400,70000
20220711,10:07,253.75,254.00,250.90,251.90,500,70000
20220711,10:08,252.15,253.75,251.80,253.00,2350,70100
20220711,10:09,254.15,254.15,251.05,251.05,150,70100
20220711,10:10,250.80,251.85,250.20,251.85,950,70100
20220711,10:11,251.85,252.15,250.65,252.15,500,70450
20220711,10:12,250.50,250.50,246.60,246.60,2150,70450
20220711,10:13,248.15,248.50,246.30,248.50,550,70450
20220711,10:14,250.00,250.25,250.00,250.25,100,71050
20220711,10:15,251.10,252.95,250.00,252.95,500,71050
20220711,10:16,251.95,251.95,248.50,249.00,15750,71050
20220711,10:17,248.60,251.00,248.10,251.00,11850,63650
20220711,10:18,251.35,253.35,251.35,252.45,600,63650
20220711,10:19,253.60,255.00,253.60,253.65,2800,63650
20220711,10:20,254.45,256.95,253.50,253.95,3750,57400
20220711,10:21,254.00,255.00,254.00,255.00,550,57400
20220711,10:22,255.00,255.30,254.50,255.00,950,57400
20220711,10:23,254.20,254.25,253.35,253.35,2550,58300
20220711,10:24,254.35,254.35,251.70,251.70,1100,58300
20220711,10:25,252.05,252.30,251.40,251.55,450,58300
20220711,10:26,252.20,252.50,251.60,251.60,400,58600
20220711,10:27,250.50,253.00,250.50,252.45,1100,58600
20220711,10:28,253.10,254.85,253.10,253.65,1700,58600
20220711,10:29,253.75,253.75,249.20,250.15,1050,59050
20220711,10:30,250.50,252.60,250.50,252.60,1050,59050
20220711,10:31,255.00,255.00,255.00,255.00,250,59050
20220711,10:32,255.10,256.70,254.25,256.70,500,59850
20220711,10:33,255.30,256.90,255.30,256.90,1750,59850
20220711,10:34,256.80,257.00,255.35,257.00,1450,59850
20220711,10:35,257.40,257.40,254.90,255.95,2600,59700
20220711,10:36,255.55,255.90,255.15,255.15,500,59700
20220711,10:37,255.75,256.00,255.75,256.00,1050,59700
20220711,10:38,257.00,257.00,257.00,257.00,150,59700
20220711,10:39,257.00,258.95,257.00,258.95,2950,61600
20220711,10:40,260.60,260.60,259.60,260.00,400,61600
20220711,10:41,259.55,259.55,257.40,257.40,300,61600
20220711,10:42,258.80,261.00,258.80,261.00,350,60450
20220711,10:43,261.00,261.00,258.00,258.00,400,60450
20220711,10:44,257.45,257.80,255.90,255.90,1200,59450
20220711,10:45,255.20,256.00,253.50,253.80,1550,59450
20220711,10:46,257.15,259.00,257.15,257.20,850,59450
20220711,10:47,255.20,257.00,254.95,257.00,1700,59400
20220711,10:48,256.80,256.80,256.75,256.75,100,59400
20220711,10:49,258.10,259.90,258.10,259.30,400,59400
20220711,10:50,258.75,259.70,258.75,259.70,300,59650
20220711,10:51,258.00,258.00,258.00,258.00,50,59650
20220711,10:52,253.65,255.00,253.65,255.00,650,59650
20220711,10:53,254.20,255.60,253.00,253.80,450,59600
20220711,10:54,253.85,253.85,251.60,252.45,650,59600
20220711,10:55,252.40,252.95,251.70,252.25,600,59600
20220711,10:56,252.60,252.60,251.15,251.15,450,59600
20220711,10:57,253.30,255.00,253.30,254.45,300,59600
20220711,10:58,254.75,255.70,254.75,255.25,400,59600
20220711,10:59,255.25,255.25,255.25,255.25,50,59600
20220711,11:00,254.00,256.25,254.00,254.95,800,60150
20220711,11:01,256.25,257.20,255.60,257.20,550,60150
20220711,11:02,257.10,257.10,257.10,257.10,100,60150
20220711,11:03,257.15,257.65,256.00,256.00,400,61000
20220711,11:04,256.80,256.85,256.55,256.55,1750,61000
20220711,11:05,255.25,255.25,254.60,254.60,550,60450
20220711,11:07,255.30,257.70,255.30,257.70,2250,60450
20220711,11:08,256.70,257.20,255.65,257.20,200,61850
20220711,11:09,254.60,254.75,253.55,254.75,350,61850
20220711,11:10,254.30,254.30,254.30,254.30,50,61850
20220711,11:11,253.35,253.40,253.35,253.40,350,61850
20220711,11:12,252.20,252.20,252.20,252.20,50,62100
20220711,11:13,251.85,251.85,249.75,249.75,2250,62100
20220711,11:14,250.25,251.35,250.25,251.00,150,62100
20220711,11:15,251.00,252.90,251.00,252.90,350,62000
20220711,11:16,254.60,254.60,254.15,254.15,250,62000
20220711,11:17,254.15,254.15,253.60,253.60,800,62050
20220711,11:18,254.35,254.35,253.90,253.90,150,62050
20220711,11:19,255.00,257.35,255.00,257.35,200,62050
20220711,11:20,255.60,255.95,255.60,255.95,100,62050
20220711,11:21,256.00,256.90,256.00,256.90,300,61900
20220711,11:22,257.55,257.55,256.25,256.25,800,61900
20220711,11:23,258.00,259.60,258.00,258.85,1950,61750
20220711,11:24,259.30,260.45,259.10,260.45,1300,61750
20220711,11:25,260.00,260.50,259.25,259.60,950,61750
20220711,11:26,259.20,259.60,258.40,258.40,1000,61000
20220711,11:27,257.40,257.40,256.50,256.50,150,61000
20220711,11:28,256.95,257.05,256.95,257.05,400,61000
20220711,11:29,259.05,262.20,259.05,262.20,1100,61200
20220711,11:30,264.45,264.45,262.75,262.75,2250,61200
20220711,11:31,261.05,263.30,260.00,260.00,800,61200
20220711,11:32,258.45,258.70,258.45,258.70,900,61000
20220711,11:33,260.00,260.00,259.25,259.25,750,61000
20220711,11:34,259.65,260.00,255.85,255.85,800,61000
20220711,11:35,258.50,258.50,257.00,257.00,400,61750
20220711,11:36,256.90,256.90,256.90,256.90,50,61750
20220711,11:37,255.20,256.90,255.20,256.90,1150,61750
20220711,11:38,260.30,261.50,259.80,261.50,300,62550
20220711,11:39,262.80,265.00,262.80,264.70,3700,62550
20220711,11:40,265.50,265.80,263.60,265.10,400,62550
20220711,11:41,264.80,265.10,263.80,263.80,250,61850
20220711,11:42,264.10,267.40,263.00,267.40,1750,61850
20220711,11:43,267.45,268.90,266.75,267.45,1150,61850
20220711,11:44,266.60,267.35,265.60,265.70,2550,62100
20220711,11:45,268.00,268.50,266.60,266.70,1450,62100
20220711,11:46,268.60,268.60,267.60,267.60,2950,62100
20220711,11:47,267.25,267.25,265.35,266.20,350,61650
20220711,11:48,264.35,264.40,261.00,261.00,550,61650
20220711,11:49,262.65,265.50,262.65,265.50,700,61650
20220711,11:50,262.25,262.25,262.25,262.25,2500,61650
20220711,11:51,265.25,265.95,262.45,262.45,1300,61050
20220711,11:52,265.00,265.00,265.00,265.00,1100,61050
20220711,11:53,265.30,265.30,264.30,264.30,200,61050
20220711,11:54,263.75,263.75,262.00,263.35,200,61800
20220711,11:55,262.90,262.90,261.75,261.90,1400,61800
20220711,11:56,262.60,263.75,262.60,263.75,300,61800
20220711,11:57,263.40,263.85,263.40,263.85,300,62150
20220711,11:58,263.95,263.95,263.95,263.95,100,62150
20220711,11:59,260.60,261.10,260.00,261.10,150,62400
20220711,12:00,260.40,260.40,258.25,259.40,500,62400
20220711,12:01,257.70,257.70,257.15,257.15,100,62400
20220711,12:02,258.30,258.30,257.75,258.00,600,62400
20220711,12:03,257.00,258.45,257.00,257.55,3150,62750
20220711,12:04,256.45,256.45,256.45,256.45,100,62750
20220711,12:05,258.30,259.00,258.00,259.00,1250,62750
20220711,12:06,260.35,260.35,260.35,260.35,150,62750
20220711,12:07,255.80,256.05,255.80,256.05,250,62750
20220711,12:08,257.20,257.20,256.10,256.10,300,62750
20220711,12:09,256.15,256.75,256.15,256.75,250,63650
20220711,12:10,258.40,258.40,258.40,258.40,50,63650
20220711,12:11,260.35,260.40,258.10,260.40,600,63550
20220711,12:12,261.80,261.80,260.50,260.50,250,63550
20220711,12:13,259.35,260.55,259.35,259.95,350,63550
20220711,12:14,259.35,259.35,259.00,259.30,700,63550
20220711,12:15,259.75,261.20,259.50,261.20,200,63500
20220711,12:16,260.85,260.85,259.75,259.90,650,63500
20220711,12:17,259.00,259.30,259.00,259.30,550,63600
20220711,12:18,258.60,258.60,257.85,257.85,800,63600
20220711,12:19,258.50,261.50,258.50,261.50,150,63600
20220711,12:20,262.00,262.00,261.70,261.70,850,64950
20220711,12:21,261.95,261.95,261.05,261.25,400,64950
20220711,12:22,263.45,263.45,262.45,262.45,1100,64950
20220711,12:23,264.00,264.00,263.05,263.05,550,64950
20220711,12:24,263.60,263.90,263.60,263.90,200,64900
20220711,12:25,263.95,264.35,262.95,264.35,1050,64900
20220711,12:26,263.45,263.45,262.00,262.00,950,64350
20220711,12:27,261.30,263.05,261.25,263.05,650,64350
20220711,12:28,263.05,263.05,263.05,263.05,450,64350
20220711,12:29,263.30,266.15,263.30,266.15,1550,63800
20220711,12:30,265.85,268.00,265.80,266.90,1300,63800
20220711,12:31,268.30,268.30,265.50,265.50,1050,63800
20220711,12:32,265.00,266.10,263.30,265.85,450,63350
20220711,12:33,263.50,266.00,263.50,266.00,1750,63350
20220711,12:34,266.05,266.05,260.85,261.25,1100,63350
20220711,12:35,260.55,260.55,257.25,257.25,1950,62800
20220711,12:36,257.35,257.35,256.00,256.60,550,62800
20220711,12:37,256.00,256.00,256.00,256.00,500,62800
20220711,12:38,259.90,259.90,259.90,259.90,400,62800
20220711,12:39,256.00,256.80,256.00,256.80,200,63700
20220711,12:40,255.20,256.20,255.20,256.20,1550,63700
20220711,12:41,257.40,257.40,255.50,255.50,350,63500
20220711,12:42,260.95,260.95,256.85,256.85,3300,63500
20220711,12:43,254.85,259.15,254.85,259.15,400,63500
20220711,12:44,258.25,259.55,258.25,259.55,500,63500
20220711,12:45,262.35,262.35,259.55,259.55,1300,63000
20220711,12:46,258.85,260.00,257.95,260.00,1600,63000
20220711,12:47,258.00,258.00,258.00,258.00,850,63000
20220711,12:48,259.75,259.85,256.40,256.40,950,61600
20220711,12:49,257.10,257.30,254.40,254.40,600,61600
20220711,12:50,254.00,254.00,251.15,251.90,1700,61600
20220711,12:51,254.55,254.55,253.55,253.55,250,62800
20220711,12:52,256.30,256.30,255.00,255.00,450,62800
20220711,12:53,255.00,256.85,255.00,256.85,1400,63350
20220711,12:54,255.05,255.15,255.05,255.15,100,63350
20220711,12:55,254.00,255.00,254.00,254.60,200,63350
20220711,12:57,254.65,254.65,253.80,253.80,300,63400
20220711,12:58,253.50,253.50,251.85,253.15,200,63400
20220711,12:59,253.15,253.15,252.25,252.25,100,63400
20220711,13:00,251.65,251.80,251.20,251.80,1100,63800
20220711,13:01,253.40,255.30,253.00,254.35,1950,63800
20220711,13:02,253.85,253.85,250.05,250.05,1300,64000
20220711,13:03,250.10,250.25,247.00,247.45,850,64000
20220711,13:04,246.80,248.50,246.80,247.05,800,64000
20220711,13:05,246.90,248.40,244.60,246.65,2450,64700
20220711,13:06,247.25,249.00,247.25,249.00,700,64700
20220711,13:07,247.75,248.00,246.80,248.00,350,64700
20220711,13:08,246.80,247.30,246.30,247.30,200,64700
20220711,13:09,248.35,250.00,248.35,250.00,500,65150
20220711,13:10,249.45,251.05,249.05,250.85,850,65150
20220711,13:11,250.00,250.00,245.15,245.15,600,65150
20220711,13:12,246.25,246.25,245.25,245.50,1050,66450
20220711,13:13,248.30,248.65,247.30,247.30,1050,66450
20220711,13:14,247.05,247.05,246.30,246.95,1100,66450
20220711,13:15,245.25,247.00,245.00,247.00,2450,67250
20220711,13:16,247.05,247.05,243.00,243.00,1800,67250
20220711,13:17,242.30,242.30,237.55,238.60,3050,65950
20220711,13:18,238.25,240.00,236.70,240.00,550,65950
20220711,13:19,240.95,243.90,240.95,243.65,1300,65950
20220711,13:20,243.40,245.65,242.55,245.65,1250,65950
20220711,13:21,245.70,245.70,242.85,242.85,950,66350
20220711,13:22,244.60,244.60,244.60,244.60,100,66350
20220711,13:23,248.25,248.35,247.45,247.95,550,66350
20220711,13:24,247.90,249.25,247.65,249.25,750,65950
20220711,13:25,248.40,250.00,247.70,247.70,1700,65950
20220711,13:26,246.15,246.15,246.05,246.05,250,65950
20220711,13:27,247.15,247.15,247.15,247.15,50,67200
20220711,13:28,247.50,248.70,246.50,248.70,200,67200
20220711,13:29,248.35,249.65,248.35,249.65,750,67200
20220711,13:30,250.00,250.50,248.65,248.65,1650,66700
20220711,13:31,247.30,247.30,244.00,244.50,350,66700
20220711,13:32,244.45,244.45,243.85,243.85,100,66700
20220711,13:33,243.40,247.55,243.40,247.55,150,67000
20220711,13:34,247.90,248.00,247.75,247.75,250,67000
20220711,13:35,247.25,247.25,243.40,243.40,250,67000
20220711,13:36,243.85,244.10,243.75,244.10,400,67300
20220711,13:37,244.00,244.00,243.00,243.00,1750,67300
20220711,13:38,241.90,241.90,239.60,240.70,800,67300
20220711,13:39,242.00,242.00,240.00,240.00,2150,67900
20220711,13:40,240.00,241.20,236.05,236.25,3750,67900
20220711,13:41,236.05,236.95,235.40,236.15,600,67900
20220711,13:42,236.25,237.75,235.70,237.75,1000,68450
20220711,13:43,235.00,235.00,231.10,232.10,2150,68450
20220711,13:44,231.50,235.25,231.50,235.25,1100,68450
20220711,13:45,233.85,235.20,230.00,233.90,2600,68100
20220711,13:46,233.90,235.00,233.90,235.00,650,68100
20220711,13:47,234.60,237.20,233.65,233.75,1300,68100
20220711,13:48,234.50,234.50,231.15,231.15,1050,68950
20220711,13:49,230.40,230.80,227.75,229.05,1350,68950
20220711,13:50,231.50,232.75,230.70,232.45,1850,68950
20220711,13:51,232.00,232.45,232.00,232.45,300,70150
20220711,13:52,233.45,233.45,231.75,231.75,200,70150
20220711,13:53,229.40,229.40,226.50,227.50,1100,70150
20220711,13:54,226.15,227.45,226.15,226.80,2500,70650
20220711,13:55,227.00,228.45,227.00,228.10,900,70650
20220711,13:56,229.20,230.15,229.20,230.15,5000,70650
20220711,13:57,229.95,230.50,228.65,230.25,850,70350
20220711,13:58,231.25,231.70,230.00,231.70,2300,70350
20220711,13:59,231.60,233.30,231.60,233.30,950,70350
20220711,14:00,233.50,233.50,229.20,229.20,800,72050
20220711,14:01,229.50,231.35,229.00,231.35,2200,72050
20220711,14:02,230.70,230.70,228.85,229.50,200,72050
20220711,14:03,229.05,229.45,227.60,227.60,250,72050
20220711,14:04,229.65,230.70,229.65,229.75,1450,72050
20220711,14:05,228.50,229.25,220.45,220.45,2450,72050
20220711,14:06,219.65,220.45,218.00,220.00,2550,72150
20220711,14:07,220.60,220.60,212.65,215.65,7550,72150
20220711,14:08,215.00,218.50,215.00,216.55,600,72150
20220711,14:09,215.90,218.40,215.90,218.40,250,67300
20220711,14:10,217.85,219.55,215.10,219.55,500,67300
20220711,14:11,219.60,220.30,219.35,219.75,700,67300
20220711,14:12,221.75,221.75,219.85,220.25,250,66950
20220711,14:13,220.25,221.45,220.00,220.00,850,66950
20220711,14:14,220.35,220.90,218.00,218.25,500,66950
20220711,14:15,218.00,218.75,215.10,215.10,5050,66900
20220711,14:16,213.45,214.35,209.95,214.35,3350,66900
20220711,14:17,216.20,217.20,215.95,217.20,1000,66900
20220711,14:18,216.65,216.95,215.10,216.55,1400,64200
20220711,14:19,217.00,217.25,216.45,216.45,950,64200
20220711,14:20,213.20,214.00,212.25,214.00,650,64200
20220711,14:21,213.65,216.45,213.65,216.45,2400,63950
20220711,14:22,215.85,217.05,215.85,216.75,450,63950
20220711,14:23,215.60,216.00,204.95,204.95,4950,63950
20220711,14:24,204.95,208.50,204.95,206.00,9350,65350
20220711,14:25,205.80,208.45,205.20,208.00,4350,65350
20220711,14:26,209.35,209.45,207.60,208.60,2550,65350
20220711,14:27,208.65,210.35,207.50,207.50,1950,65100
20220711,14:28,210.30,210.30,205.25,205.30,1950,65100
20220711,14:29,206.10,207.20,206.10,207.20,300,65100
20220711,14:30,206.70,208.40,206.35,208.40,250,67150
20220711,14:31,209.85,209.85,207.40,207.40,1450,67150
20220711,14:32,206.55,207.85,205.70,207.85,350,67150
20220711,14:33,208.25,208.25,201.00,201.00,3350,66750
20220711,14:34,201.00,203.10,200.80,200.80,350,66750
20220711,14:35,200.80,203.60,200.80,203.15,800,66750
20220711,14:36,202.45,204.50,202.45,204.05,350,65650
20220711,14:37,201.65,201.90,198.80,201.90,900,65650
20220711,14:38,201.75,203.60,201.50,203.10,850,65650
20220711,14:39,203.25,203.85,203.25,203.85,2000,66100
20220711,14:40,205.60,206.00,205.10,206.00,750,66100
20220711,14:41,207.90,207.90,206.05,206.75,1300,66100
20220711,14:42,209.15,210.00,209.00,209.05,400,67200
20220711,14:43,209.05,209.05,204.80,204.80,1050,67200
20220711,14:44,204.80,204.80,201.60,203.95,2750,67200
20220711,14:45,204.10,205.55,203.90,205.15,1750,64650
20220711,14:46,201.90,203.50,201.90,203.50,100,64650
20220711,14:47,203.75,205.20,203.65,205.20,550,64650
20220711,14:48,205.70,207.60,205.70,207.40,600,64600
20220711,14:49,208.75,211.45,208.75,211.10,2200,64600
20220711,14:50,212.00,213.20,209.45,209.45,3100,64600
20220711,14:51,208.85,214.35,208.85,211.10,950,65700
20220711,14:52,211.10,211.10,207.25,209.55,2650,65700
20220711,14:53,209.55,209.55,208.00,208.00,450,65700
20220711,14:54,207.50,207.50,204.90,206.60,1250,65850
20220711,14:55,205.75,205.75,204.20,204.20,1300,65850
20220711,14:56,204.60,205.00,204.00,205.00,750,65850
20220711,14:57,202.90,205.50,201.90,205.50,1350,66550
20220711,14:58,206.00,208.05,206.00,207.15,550,66550
20220711,14:59,207.95,209.65,207.60,209.65,300,66550
20220711,15:00,210.00,210.00,205.95,205.95,4150,66750
20220711,15:01,203.50,210.75,203.50,209.50,2250,66750
20220711,15:02,210.75,213.90,210.75,212.25,2850,66750
20220711,15:03,213.45,213.45,210.35,210.80,800,68600
20220711,15:04,211.00,211.75,208.90,210.75,1450,68600
20220711,15:05,210.85,210.85,205.05,205.90,1250,68600
20220711,15:06,205.30,205.30,203.25,204.40,5000,70650
20220711,15:07,206.00,206.00,204.90,204.90,100,70650
20220711,15:08,204.90,208.80,204.90,208.80,4400,70650
20220711,15:09,208.40,208.50,207.45,208.10,1000,69400
20220711,15:10,208.20,208.75,208.20,208.45,450,69400
20220711,15:11,207.60,210.50,207.60,210.50,850,69400
20220711,15:12,210.00,211.70,210.00,211.00,800,69900
20220711,15:13,209.75,213.50,209.35,212.35,1050,69900
20220711,15:14,213.50,214.80,213.40,213.40,1200,69900
20220711,15:15,214.00,214.80,208.55,208.55,2100,69750
20220711,15:16,211.00,216.65,211.00,216.15,1050,69750
20220711,15:17,215.35,217.40,215.10,216.10,2550,69750
20220711,15:18,216.50,216.50,214.35,215.25,2100,68250
20220711,15:19,215.00,215.25,214.25,215.25,1650,68250
20220711,15:20,216.95,217.55,215.95,216.65,3450,68250
20220711,15:21,218.00,218.00,216.15,216.65,950,66650
20220711,15:22,217.40,218.10,217.40,218.10,800,66650
20220711,15:23,218.25,220.80,218.25,220.80,1200,66650
20220711,15:24,222.00,225.50,222.00,225.50,700,66300
20220711,15:25,225.65,226.25,225.30,226.05,600,66300
20220711,15:26,222.85,222.95,222.40,222.40,1200,66300
20220711,15:27,222.25,224.80,221.80,224.75,2950,66150
20220711,15:28,225.00,225.20,223.05,223.05,2100,66150
20220711,15:29,223.75,223.80,221.80,223.80,1450,66150
20220712,09:15,219.95,259.30,219.95,255.00,5702,65400
20220712,09:16,258.15,264.00,257.70,263.75,5400,65400
20220712,09:17,265.00,265.00,258.60,259.30,2650,63800
20220712,09:18,259.60,260.70,256.20,256.20,1700,63800
20220712,09:19,256.20,256.20,250.00,252.00,600,63800
20220712,09:20,256.25,258.35,255.00,258.35,1600,62700
20220712,09:21,257.70,261.25,254.75,254.75,3600,62700
20220712,09:22,254.10,255.30,251.70,253.50,1050,62700
20220712,09:23,254.00,254.45,253.65,254.10,400,62400
20220712,09:24,254.05,255.05,248.95,248.95,1450,62400
20220712,09:25,250.00,255.05,250.00,255.05,1150,62400
20220712,09:26,254.50,255.75,252.90,255.75,500,62350
20220712,09:27,253.90,253.90,249.75,250.65,550,62350
20220712,09:28,251.00,251.00,249.30,249.30,2150,62350
20220712,09:29,249.05,253.70,249.05,253.10,300,63150
20220712,09:30,255.00,256.60,255.00,256.60,3200,63150
20220712,09:31,255.55,256.85,255.55,256.00,1000,63150
20220712,09:32,253.15,253.15,251.65,251.65,800,63500
20220712,09:33,251.00,251.00,246.15,246.15,700,63500
20220712,09:34,246.95,251.10,246.95,250.55,500,63500
20220712,09:35,248.60,250.20,246.75,246.75,1150,63900
20220712,09:36,246.75,248.90,246.40,248.90,400,63900
20220712,09:37,249.90,251.45,249.50,249.50,800,63900
20220712,09:38,251.10,252.15,251.10,251.90,1250,63900
20220712,09:39,251.75,251.75,250.80,250.80,350,64300
20220712,09:40,250.00,251.55,248.50,250.75,2550,64300
20220712,09:41,250.85,250.85,247.05,247.50,1000,64500
20220712,09:42,247.95,250.75,246.40,250.75,1000,64500
20220712,09:43,251.60,252.15,249.85,250.50,1300,64500
20220712,09:44,251.55,252.25,250.50,250.50,800,65550
20220712,09:45,251.90,252.50,251.15,251.15,550,65550
20220712,09:46,251.40,251.40,250.40,250.40,300,65550
20220712,09:47,248.40,249.75,247.95,247.95,300,65900
20220712,09:48,246.75,249.20,245.90,247.55,600,65900
20220712,09:49,247.50,250.10,247.50,250.00,550,65900
20220712,09:50,251.30,252.20,250.05,252.00,450,66000
20220712,09:51,251.60,251.60,250.00,250.50,800,66000
20220712,09:52,250.60,251.15,250.05,250.05,150,66000
20220712,09:53,249.50,249.90,248.10,249.90,300,66400
20220712,09:54,248.85,249.55,248.00,249.55,1250,66400
20220712,09:55,249.95,250.95,249.95,250.80,200,66400
20220712,09:56,250.45,251.50,250.45,251.50,1150,67050
20220712,09:57,251.70,252.50,251.65,252.50,300,67050
20220712,09:58,252.40,252.40,249.95,249.95,1650,67050
20220712,09:59,248.45,248.45,239.45,246.65,4150,67650
20220712,10:00,245.75,246.65,245.00,245.60,400,67650
20220712,10:01,244.60,246.00,244.60,245.20,850,67650
20220712,10:02,244.85,245.70,244.00,244.50,250,68550
20220712,10:03,244.00,244.00,243.15,244.00,1450,68550
20220712,10:04,243.00,243.65,243.00,243.65,150,68550
20220712,10:05,243.15,243.15,238.95,239.60,650,68750
20220712,10:06,238.70,239.35,236.50,238.90,1800,68750
20220712,10:07,239.55,240.50,239.10,239.85,450,68750
20220712,10:08,240.75,241.00,239.75,240.50,500,68900
20220712,10:09,238.50,239.15,237.60,239.15,850,68900
20220712,10:10,238.40,241.10,238.40,240.95,3100,68900
20220712,10:11,239.95,241.50,239.95,241.50,2850,71150
20220712,10:12,241.00,241.00,241.00,241.00,100,71150
20220712,10:13,241.00,242.50,241.00,242.00,1800,71150
20220712,10:14,242.00,244.30,242.00,243.80,200,68750
20220712,10:15,245.00,245.85,245.00,245.00,400,68750
20220712,10:16,245.85,246.95,245.85,246.75,500,68750
20220712,10:17,246.75,247.00,246.25,246.25,450,69000
20220712,10:18,246.75,247.80,246.75,247.55,250,69000
20220712,10:19,247.50,248.95,247.50,247.90,250,69000
20220712,10:20,245.65,245.65,245.65,245.65,50,69000
20220712,10:21,247.05,248.50,246.80,248.50,750,69000
20220712,10:22,249.50,249.90,248.50,249.50,650,69000
20220712,10:23,247.95,247.95,247.95,247.95,100,69050
20220712,10:24,247.95,247.95,247.95,247.95,100,69050
20220712,10:25,246.95,246.95,244.00,244.00,800,69050
20220712,10:26,244.00,244.00,242.00,242.00,600,69200
20220712,10:27,242.00,242.00,240.50,241.15,350,69200
20220712,10:28,240.60,242.60,240.60,242.60,550,69200
20220712,10:29,241.00,241.40,240.00,241.40,3550,69650
20220712,10:30,240.60,241.90,240.00,241.65,450,69650
20220712,10:31,242.50,242.75,242.50,242.75,150,69650
20220712,10:32,243.70,243.70,240.75,240.95,1900,68750
20220712,10:33,241.80,242.75,241.80,242.75,350,68750
20220712,10:34,241.00,243.05,241.00,243.05,750,68750
20220712,10:36,243.80,244.05,239.75,239.75,450,68750
20220712,10:37,239.75,242.55,239.75,241.65,400,68750
20220712,10:38,242.70,244.00,242.40,243.45,700,69100
20220712,10:39,242.65,243.00,242.00,242.00,250,69100
20220712,10:40,243.00,244.00,243.00,244.00,150,69100
20220712,10:41,245.00,245.00,242.00,242.05,1300,68850
20220712,10:42,242.80,242.80,242.05,242.50,1200,68850
20220712,10:44,244.35,245.00,244.35,245.00,3350,69450
20220712,10:45,245.15,245.15,245.15,245.15,150,69450
20220712,10:46,245.50,246.00,245.35,245.35,1700,69450
20220712,10:47,242.95,242.95,242.25,242.25,1200,70300
20220712,10:48,242.50,242.50,242.50,242.50,50,70300
20220712,10:49,240.75,240.75,240.75,240.75,800,70300
20220712,10:50,239.55,239.55,239.55,239.55,100,70000
20220712,10:51,240.00,240.00,239.75,239.75,1150,70000
20220712,10:52,239.05,239.95,238.55,239.95,2500,70000
20220712,10:53,239.00,240.80,238.75,240.80,400,70450
20220712,10:54,239.80,239.80,239.35,239.35,950,70450
20220712,10:55,239.80,240.70,239.55,239.55,200,70450
20220712,10:56,239.85,239.85,238.60,238.60,300,71150
20220712,10:57,238.00,238.70,238.00,238.00,400,71150
20220712,10:58,237.55,238.90,237.45,238.90,950,71150
20220712,10:59,238.35,239.65,238.35,238.75,450,72300
20220712,11:00,240.00,241.15,240.00,241.15,1500,72300
20220712,11:01,240.75,241.35,240.55,241.00,2350,72300
20220712,11:02,241.15,241.90,241.15,241.90,150,72100
20220712,11:03,241.00,241.00,240.80,240.80,150,72100
20220712,11:04,240.00,241.75,240.00,241.00,1400,72100
20220712,11:05,240.90,240.95,240.90,240.95,150,72200
20220712,11:06,241.40,242.00,241.30,241.40,950,72200
20220712,11:07,240.80,241.40,239.55,239.55,1750,72200
20220712,11:08,238.90,239.70,237.75,239.70,1100,71700
20220712,11:09,244.15,244.15,242.85,242.85,550,71700
20220712,11:10,243.35,243.45,243.00,243.25,1250,71700
20220712,11:11,243.10,243.10,243.10,243.10,50,72050
20220712,11:12,242.55,242.55,242.55,242.55,50,72050
20220712,11:13,242.50,242.50,240.35,240.35,300,72050
20220712,11:15,242.35,243.70,242.35,243.70,1100,71900
20220712,11:16,244.50,244.50,243.00,243.75,800,71900
20220712,11:17,243.75,245.00,243.75,245.00,100,72150
20220712,11:18,246.00,246.00,244.10,244.75,700,72150
20220712,11:19,244.80,245.60,243.95,245.60,600,72150
20220712,11:20,246.15,247.95,246.15,247.10,5350,74800
20220712,11:21,247.00,247.95,247.00,247.90,550,74800
20220712,11:22,247.00,247.80,246.35,246.90,1350,74800
20220712,11:23,245.75,246.00,245.70,245.70,800,73050
20220712,11:24,246.55,246.70,246.55,246.70,550,73050
20220712,11:25,246.00,246.35,246.00,246.35,100,73050
20220712,11:26,246.70,248.00,246.70,247.95,1250,73350
20220712,11:27,248.00,248.85,248.00,248.80,1300,73350
20220712,11:28,248.25,248.25,248.25,248.25,300,73350
20220712,11:29,248.80,251.50,248.80,251.30,4200,73700
20220712,11:30,251.30,254.50,251.30,254.50,2500,73700
20220712,11:31,255.00,256.00,254.05,254.25,1800,73700
20220712,11:32,255.10,255.10,251.60,252.05,1450,74050
20220712,11:33,252.05,252.25,252.05,252.15,150,74050
20220712,11:34,251.60,253.35,251.60,253.35,550,74050
20220712,11:35,254.00,255.00,254.00,254.35,500,73850
20220712,11:36,255.80,255.80,255.50,255.80,450,73850
20220712,11:37,255.70,255.85,251.15,253.45,2050,73850
20220712,11:38,253.65,253.65,252.15,252.15,1400,73850
20220712,11:39,254.25,257.80,254.25,257.20,500,74900
20220712,11:40,258.00,259.10,257.00,258.60,1750,74900
20220712,11:41,258.80,258.80,255.95,256.90,550,74300
20220712,11:42,254.40,254.40,254.40,254.40,50,74300
20220712,11:43,256.55,258.35,256.55,258.00,650,74300
20220712,11:44,259.00,259.55,256.65,256.65,1550,73900
20220712,11:45,257.00,259.55,256.65,259.55,350,73900
20220712,11:46,258.50,258.50,251.95,251.95,450,73900
20220712,11:47,251.90,253.70,251.40,251.40,350,74150
20220712,11:48,250.50,253.45,250.50,253.45,1250,74150
20220712,11:49,252.00,252.65,251.30,252.65,300,74150
20220712,11:50,252.85,252.90,249.80,251.35,400,74150
20220712,11:51,253.10,253.10,251.65,251.65,100,73500
20220712,11:52,249.45,249.45,247.20,248.35,2100,73500
20220712,11:53,249.45,250.25,249.45,250.25,100,73500
20220712,11:54,250.25,250.25,250.25,250.25,500,73300
20220712,11:55,252.20,252.20,251.25,251.25,750,73300
20220712,11:57,250.75,250.75,250.00,250.50,750,73550
20220712,11:58,251.20,252.10,251.20,252.10,100,73550
20220712,11:59,252.00,252.00,252.00,252.00,50,73550
20220712,12:01,255.00,256.35,254.40,254.65,950,74000
20220712,12:02,254.50,254.50,254.50,254.50,50,74000
20220712,12:03,254.40,254.40,253.15,254.40,850,74200
20220712,12:04,253.90,253.90,253.90,253.90,50,74200
20220712,12:05,250.00,252.20,250.00,251.75,150,74500
20220712,12:06,253.25,253.25,253.25,253.25,50,74500
20220712,12:07,251.75,253.00,251.75,253.00,450,74500
20220712,12:08,253.00,253.00,253.00,253.00,200,74500
20220712,12:09,254.30,254.40,254.30,254.40,100,73950
20220712,12:10,254.20,255.00,254.20,254.20,200,73950
20220712,12:11,255.00,255.25,255.00,255.05,150,73950
20220712,12:15,255.00,255.00,255.00,255.00,150,73850
20220712,12:16,255.00,255.05,255.00,255.05,550,73850
20220712,12:17,255.70,257.00,255.70,257.00,600,73850
20220712,12:18,256.80,257.80,256.80,257.80,400,73100
20220712,12:19,257.00,258.40,257.00,258.40,250,73100
20220712,12:20,258.50,263.45,258.00,263.45,4050,73000
20220712,12:21,263.85,270.00,263.85,269.00,5450,73000
20220712,12:22,268.20,271.00,268.20,271.00,2200,73000
20220712,12:23,271.00,271.00,267.75,270.20,1150,73000
20220712,12:24,271.00,272.30,268.00,269.55,4800,69850
20220712,12:25,269.95,271.75,267.20,268.95,3350,69850
20220712,12:26,267.95,269.05,267.55,268.80,3050,71850
20220712,12:27,268.55,268.55,266.10,266.35,2150,71850
20220712,12:28,267.10,268.85,266.70,268.85,600,71850
20220712,12:29,267.70,269.60,267.70,269.10,500,70750
20220712,12:30,268.25,272.90,267.90,270.00,3100,70750
20220712,12:31,268.75,268.95,260.00,264.90,4300,70750
20220712,12:32,263.40,263.40,262.95,262.95,550,70750
20220712,12:33,263.30,263.30,257.25,258.30,3000,71700
20220712,12:34,260.15,262.00,259.45,261.05,2500,71700
20220712,12:35,260.50,261.75,259.90,261.75,1000,69750
20220712,12:36,263.05,263.80,259.60,259.60,2800,69750
20220712,12:37,257.95,257.95,253.30,255.75,2600,69750
20220712,12:38,257.95,259.60,256.05,256.05,2450,71650
20220712,12:39,258.65,260.05,258.65,259.90,200,71650
20220712,12:40,262.35,262.35,260.25,260.25,200,71650
20220712,12:41,261.35,262.00,261.35,262.00,200,71650
20220712,12:42,261.45,262.00,261.45,262.00,150,71750
20220712,12:43,264.00,266.30,264.00,265.90,2650,71750
20220712,12:44,264.80,266.20,264.00,264.00,250,71750
20220712,12:45,266.75,272.15,266.75,267.45,400,72950
20220712,12:46,264.45,271.40,264.10,271.40,2500,72950
20220712,12:47,268.05,271.30,268.05,269.05,750,72950
20220712,12:48,271.00,271.00,270.10,270.10,150,72150
20220712,12:49,271.00,273.00,271.00,272.25,700,72150
20220712,12:50,274.50,275.00,274.45,275.00,550,72150
20220712,12:51,275.00,275.00,272.70,272.70,250,71200
20220712,12:52,270.60,279.90,270.60,279.90,1800,71200
20220712,12:53,280.20,280.20,278.30,278.80,1050,71200
20220712,12:54,279.30,279.30,276.40,276.40,900,70350
20220712,12:55,275.00,276.90,272.55,276.30,5950,70350
20220712,12:56,276.30,276.30,274.30,274.30,400,70200
20220712,12:57,274.80,274.80,272.50,272.80,4950,70200
20220712,12:59,276.70,276.70,275.65,275.65,300,70200
20220712,13:00,276.25,276.70,276.00,276.00,350,69200
20220712,13:01,271.95,272.00,271.80,271.80,150,69200
20220712,13:03,275.20,278.30,275.20,278.30,150,69100
20220712,13:04,278.85,280.00,278.60,278.60,400,69100
20220712,13:05,280.00,280.00,277.35,277.35,2500,69100
20220712,13:06,275.90,275.90,274.20,274.85,550,68000
20220712,13:07,276.80,276.80,275.90,275.90,150,68000
20220712,13:08,276.75,276.75,276.60,276.60,250,68000
20220712,13:09,275.45,275.45,273.00,273.00,300,68100
20220712,13:10,273.90,274.15,270.90,270.90,600,68100
20220712,13:11,268.35,269.95,268.35,269.70,350,68100
20220712,13:12,268.85,269.30,268.80,269.30,300,68200
20220712,13:13,273.75,273.75,273.75,273.75,50,68200
20220712,13:14,274.40,274.40,271.70,271.70,450,68200
20220712,13:15,269.00,269.00,268.55,268.55,100,68350
20220712,13:16,267.95,267.95,266.25,266.25,150,68350
20220712,13:17,266.10,266.10,265.25,266.00,950,68350
20220712,13:18,265.30,265.30,265.30,265.30,50,67850
20220712,13:19,266.15,266.15,266.15,266.15,50,67850
20220712,13:20,265.55,268.20,265.55,268.20,200,67850
20220712,13:21,268.40,268.40,263.00,266.00,650,67900
20220712,13:22,265.20,265.20,264.90,264.90,350,67900
20220712,13:23,267.50,267.50,267.50,267.50,50,67900
20220712,13:24,268.65,269.20,268.65,269.20,250,68100
20220712,13:25,268.00,268.00,268.00,268.00,50,68100
20220712,13:26,270.00,270.00,270.00,270.00,50,68100
20220712,13:27,270.95,270.95,270.95,270.95,300,68150
20220712,13:29,270.35,270.35,265.05,265.05,300,68150
20220712,13:30,265.00,269.55,265.00,269.55,350,68350
20220712,13:32,270.00,270.00,269.55,269.55,350,68350
20220712,13:33,267.90,267.90,265.00,265.00,250,68300
20220712,13:34,263.30,263.30,259.05,259.65,3250,68300
20220712,13:35,256.30,257.80,255.05,257.80,2550,68300
20220712,13:36,258.00,258.00,258.00,258.00,50,70250
20220712,13:37,260.45,260.45,260.45,260.45,50,70250
20220712,13:38,261.95,261.95,261.95,261.95,50,70250
20220712,13:39,262.20,265.10,262.20,264.00,800,70200
20220712,13:40,264.15,265.10,262.60,263.10,2800,70200
20220712,13:41,263.60,263.60,263.60,263.60,50,70200
20220712,13:43,257.95,257.95,256.35,257.00,2150,70900
20220712,13:44,258.00,258.00,258.00,258.00,100,70900
20220712,13:45,260.25,263.55,260.25,263.50,400,70000
20220712,13:46,263.00,263.00,261.55,262.00,1850,70000
20220712,13:47,263.00,263.00,263.00,263.00,100,70000
20220712,13:49,262.30,262.30,261.30,261.30,150,69950
20220712,13:50,260.95,260.95,260.95,260.95,50,69950
20220712,13:51,263.00,263.00,260.30,260.30,100,69950
20220712,13:52,258.50,258.50,258.50,258.50,50,69950
20220712,13:53,259.45,259.45,251.90,251.90,850,69950
20220712,13:54,255.45,256.70,255.45,256.70,100,69950
20220712,13:55,254.65,257.40,254.65,257.40,300,69950
20220712,13:57,259.15,263.00,259.15,263.00,400,70000
20220712,13:58,264.00,266.00,264.00,266.00,3200,70000
20220712,13:59,266.75,269.85,266.75,268.00,1200,70000
20220712,14:00,268.50,268.50,267.65,267.65,250,69550
20220712,14:01,267.50,267.50,263.70,263.90,2600,69550
20220712,14:02,262.80,263.50,262.50,263.50,2500,69550
20220712,14:03,263.10,263.75,263.10,263.75,100,70900
20220712,14:04,263.05,263.05,260.50,260.50,1500,70900
20220712,14:05,260.00,260.00,258.90,258.90,100,70900
20220712,14:06,257.45,257.45,250.30,250.75,1200,71600
20220712,14:08,249.75,249.75,249.20,249.50,2850,71600
20220712,14:09,249.50,251.90,249.50,251.15,3900,70400
20220712,14:10,249.75,249.75,249.75,249.75,100,70400
20220712,14:11,249.75,249.75,246.95,249.30,300,70400
20220712,14:12,248.95,248.95,247.35,247.35,200,69050
20220712,14:13,247.65,248.05,247.65,247.75,150,69050
20220712,14:14,248.45,248.45,243.95,243.95,800,69050
20220712,14:15,242.40,246.60,242.00,246.60,900,69250
20220712,14:16,247.45,247.45,245.00,245.00,250,69250
20220712,14:17,245.70,246.90,245.70,246.60,1050,69250
20220712,14:18,247.00,247.00,245.65,245.65,500,69400
20220712,14:19,246.00,246.00,246.00,246.00,2050,69400
20220712,14:20,244.05,245.40,243.60,245.40,350,69400
20220712,14:21,247.90,248.05,247.90,248.05,350,70700
20220712,14:22,249.75,250.05,249.70,249.75,1150,70700
20220712,14:23,248.70,248.85,248.70,248.75,150,70700
20220712,14:24,250.00,250.00,250.00,250.00,150,71000
20220712,14:25,250.10,250.10,250.10,250.10,100,71000
20220712,14:26,252.00,252.75,251.85,251.85,350,71000
20220712,14:27,247.50,247.50,247.50,247.50,250,70650
20220712,14:28,246.50,247.40,246.50,247.40,150,70650
20220712,14:29,247.40,247.40,247.00,247.00,200,70650
20220712,14:30,244.60,245.80,244.60,245.80,200,70650
20220712,14:31,241.20,241.20,236.65,237.00,2900,70650
20220712,14:32,237.95,240.70,237.95,240.70,2150,70650
20220712,14:33,240.00,242.15,239.70,240.00,850,71050
20220712,14:34,240.00,240.80,239.85,240.50,500,71050
20220712,14:35,241.05,241.50,240.00,240.00,400,71050
20220712,14:36,240.00,242.10,239.65,242.10,300,71250
20220712,14:37,242.50,242.50,241.80,242.50,150,71250
20220712,14:38,244.70,244.90,243.90,244.05,850,71250
20220712,14:39,245.25,247.45,245.25,247.35,800,71850
20220712,14:40,248.00,248.15,245.00,245.00,650,71850
20220712,14:41,245.80,247.80,245.80,247.80,150,71850
20220712,14:42,250.70,250.70,249.10,249.50,500,72150
20220712,14:43,249.50,250.65,249.50,250.65,200,72150
20220712,14:44,250.50,250.50,250.10,250.10,100,72150
20220712,14:45,247.35,248.75,247.20,248.75,500,72450
20220712,14:46,248.70,248.70,248.00,248.00,100,72450
20220712,14:47,251.00,252.45,251.00,251.00,2750,72450
20220712,14:48,252.45,254.00,252.45,254.00,200,71500
20220712,14:49,254.55,254.55,253.00,253.00,700,71500
20220712,14:50,255.05,255.05,253.00,253.55,500,71500
20220712,14:51,251.70,253.90,251.70,253.90,850,70950
20220712,14:52,258.10,258.10,258.10,258.10,50,70950
20220712,14:53,260.00,262.00,259.20,262.00,1350,70950
20220712,14:54,259.95,259.95,258.05,258.05,750,70300
20220712,14:55,258.05,263.05,258.05,263.05,1000,70300
20220712,14:56,263.10,267.20,262.65,267.20,1700,70300
20220712,14:57,265.95,265.95,265.40,265.40,100,70300
20220712,14:58,266.90,268.70,266.90,268.70,100,69950
20220712,14:59,270.00,272.65,269.60,271.70,2200,69950
20220712,15:00,273.60,286.85,273.60,286.85,7150,68350
20220712,15:01,288.15,288.70,280.10,282.30,1650,68350
20220712,15:02,281.65,281.65,276.75,280.00,1950,68350
20220712,15:03,280.00,283.45,278.65,279.00,5100,66850
20220712,15:04,280.55,280.55,273.75,273.75,900,66850
20220712,15:05,277.65,279.55,275.65,275.65,650,66850
20220712,15:06,278.90,278.90,278.90,278.90,50,66850
20220712,15:07,280.70,280.70,279.00,279.00,100,65900
20220712,15:08,278.00,278.00,278.00,278.00,1000,65900
20220712,15:09,278.70,280.65,278.70,279.80,350,66300
20220712,15:10,276.15,278.55,276.15,276.50,450,66300
20220712,15:11,275.40,280.80,275.40,280.80,1150,66300
20220712,15:12,282.90,285.90,282.35,282.35,3000,67050
20220712,15:13,284.15,286.50,284.15,286.20,1000,67050
20220712,15:14,287.50,290.00,287.50,290.00,3200,67050
20220712,15:15,290.25,291.00,287.80,287.80,6200,65550
20220712,15:16,287.40,288.50,287.00,287.00,5050,65550
20220712,15:17,290.00,293.15,290.00,293.15,3650,65550
20220712,15:18,290.50,295.00,290.50,295.00,2700,63500
20220712,15:19,295.00,295.05,294.30,295.00,5050,63500
20220712,15:20,291.70,295.00,290.55,295.00,1700,63500
20220712,15:21,295.70,295.70,293.55,293.55,300,61750
20220712,15:22,294.00,295.15,291.00,293.20,1000,61750
20220712,15:23,290.15,292.10,290.15,292.10,1250,61750
20220712,15:24,291.15,291.15,290.15,290.15,350,60800
20220712,15:25,291.50,292.85,290.85,290.85,700,60800
20220712,15:26,292.75,292.75,291.15,292.00,950,60800
20220712,15:27,291.55,291.55,290.85,290.85,1300,60150
20220712,15:28,291.30,294.80,291.30,294.80,950,60150
20220712,15:29,295.95,297.70,294.80,295.20,650,60150
20220713,09:15,241.55,250.90,232.80,240.95,4152,55650
20220713,09:16,239.20,240.30,236.85,240.30,5550,55650
20220713,09:17,238.35,238.35,236.00,236.70,3100,55100
20220713,09:18,240.20,242.80,239.75,242.80,1600,55100
20220713,09:19,242.80,245.25,242.80,244.50,1100,55100
20220713,09:20,244.90,249.30,244.80,247.10,10650,52900
20220713,09:21,249.05,254.30,249.05,254.30,1100,52900
20220713,09:22,251.45,251.45,249.30,249.30,250,52900
20220713,09:23,249.85,251.30,249.25,249.25,1100,52550
20220713,09:24,247.00,247.00,246.85,247.00,600,52550
20220713,09:25,243.00,243.00,240.95,242.00,450,52550
20220713,09:26,242.55,242.55,240.00,241.15,1300,52700
20220713,09:27,238.00,239.55,237.85,239.55,450,52700
20220713,09:28,239.55,242.05,239.55,242.05,500,52700
20220713,09:29,241.60,242.80,241.60,242.80,1300,53300
20220713,09:30,240.10,241.25,238.15,238.15,2450,53300
20220713,09:31,237.85,239.00,237.85,239.00,500,53300
20220713,09:32,238.85,241.00,238.85,240.00,750,52650
20220713,09:33,241.50,241.50,241.00,241.00,450,52650
20220713,09:34,241.30,242.10,241.20,242.10,150,52650
20220713,09:35,244.40,244.55,243.00,243.85,1300,52600
20220713,09:36,243.75,243.75,243.30,243.30,550,52600
20220713,09:37,242.45,242.45,242.45,242.45,150,52600
20220713,09:38,239.60,239.60,238.55,238.55,150,52600
20220713,09:39,237.85,239.70,237.85,239.70,150,53100
20220713,09:40,242.20,243.30,242.20,243.00,600,53100
20220713,09:41,242.75,242.75,242.75,242.75,800,53100
20220713,09:42,245.00,245.00,242.55,242.55,2750,53750
20220713,09:43,241.20,241.20,239.90,240.00,500,53750
20220713,09:44,238.00,238.50,238.00,238.50,250,55000
20220713,09:45,238.55,240.35,236.80,238.70,1800,55000
20220713,09:46,236.65,237.70,234.50,237.70,1950,55000
20220713,09:47,237.55,238.30,236.75,236.75,450,56700
20220713,09:48,236.60,236.60,236.50,236.50,150,56700
20220713,09:49,236.45,236.90,236.45,236.75,350,56700
20220713,09:50,237.10,238.15,237.10,238.15,700,57000
20220713,09:51,237.85,238.45,236.80,236.80,350,57000
20220713,09:52,237.90,237.90,237.90,237.90,50,57000
20220713,09:53,239.50,239.50,237.90,237.90,250,57400
20220713,09:54,238.70,238.70,238.70,238.70,50,57400
20220713,09:55,238.65,238.65,238.65,238.65,50,57400
20220713,09:56,239.85,239.85,239.85,239.85,250,57550
20220713,09:57,240.00,240.00,240.00,240.00,100,57550
20220713,09:58,237.80,237.80,237.45,237.45,150,57550
20220713,09:59,237.60,237.60,237.45,237.45,350,57500
20220713,10:00,237.30,237.30,237.00,237.00,200,57500
20220713,10:01,237.80,237.80,237.55,237.55,300,57500
20220713,10:02,239.00,239.00,238.00,238.00,100,57500
20220713,10:03,240.00,241.75,240.00,241.50,1400,57650
20220713,10:04,241.20,241.20,239.20,239.20,200,57650
20220713,10:05,239.00,239.00,238.30,238.30,400,57650
20220713,10:06,239.00,239.00,239.00,239.00,500,57600
20220713,10:07,237.50,237.50,237.50,237.50,100,57600
20220713,10:08,238.50,238.50,236.95,236.95,150,57750
20220713,10:09,236.00,236.00,231.75,231.75,1050,57750
20220713,10:10,231.75,231.75,231.00,231.50,400,57750
20220713,10:11,229.50,230.00,227.40,230.00,3350,59050
20220713,10:12,230.05,231.60,229.95,231.60,900,59050
20220713,10:13,230.30,230.30,230.20,230.20,550,59050
20220713,10:14,231.25,231.25,231.25,231.25,50,59050
20220713,10:15,230.50,232.00,230.00,232.00,1650,59000
20220713,10:16,231.50,234.70,231.50,234.70,600,59000
20220713,10:17,234.75,235.35,234.15,235.15,350,60250
20220713,10:18,236.00,236.00,236.00,236.00,50,60250
20220713,10:19,237.10,242.30,237.10,242.30,1400,60250
20220713,10:20,243.00,245.00,243.00,244.80,1550,60550
20220713,10:21,244.00,246.00,244.00,246.00,300,60550
20220713,10:22,245.25,250.05,245.25,247.95,1650,60550
20220713,10:23,247.00,250.00,247.00,250.00,550,60450
20220713,10:24,251.55,254.15,251.15,253.50,1450,60450
20220713,10:25,252.70,252.70,250.00,250.00,1050,60450
20220713,10:26,250.35,250.35,249.00,249.00,550,60000
20220713,10:27,250.20,251.20,249.60,251.20,600,60000
20220713,10:28,252.00,254.50,252.00,253.40,1750,60000
20220713,10:29,249.75,249.75,249.75,249.75,500,60000
20220713,10:30,251.10,258.00,251.10,255.75,1800,60250
20220713,10:31,254.15,255.00,254.00,254.45,200,60250
20220713,10:32,254.45,259.80,254.45,259.70,1650,60600
20220713,10:33,258.80,259.00,258.05,258.05,200,60600
20220713,10:34,255.60,256.00,255.60,255.65,1750,60600
20220713,10:35,256.65,262.20,256.65,261.50,1100,59300
20220713,10:36,261.50,265.00,261.50,263.00,1200,59300
20220713,10:37,263.00,263.00,262.65,262.65,200,59300
20220713,10:38,263.00,264.50,263.00,264.15,200,59300
20220713,10:39,264.60,264.60,264.60,264.60,100,58900
20220713,10:40,262.05,264.05,258.20,258.65,1300,58900
20220713,10:41,260.65,260.65,258.30,258.30,650,58550
20220713,10:42,259.30,260.00,259.30,259.95,900,58550
20220713,10:43,261.60,263.00,261.60,262.95,250,58550
20220713,10:44,260.00,260.00,260.00,260.00,150,58550
20220713,10:45,256.30,256.30,256.10,256.10,1050,58400
20220713,10:46,255.05,257.55,255.05,257.55,700,58400
20220713,10:47,257.25,257.25,257.25,257.25,1000,58400
20220713,10:48,255.15,258.40,255.15,257.15,350,57850
20220713,10:49,260.00,260.00,260.00,260.00,50,57850
20220713,10:50,262.00,263.90,262.00,263.80,200,57850
20220713,10:51,268.00,270.50,268.00,268.85,500,57450
20220713,10:52,269.00,270.00,266.00,266.00,3000,57450
20220713,10:53,263.85,263.85,262.95,262.95,250,54750
20220713,10:54,260.80,261.20,260.20,261.20,450,54750
20220713,10:55,260.10,262.45,259.45,262.45,500,54750
20220713,10:56,262.40,262.40,262.40,262.40,1100,54750
20220713,10:57,257.65,257.65,257.65,257.65,1000,54800
20220713,10:58,256.70,256.70,256.70,256.70,100,54800
20220713,10:59,256.70,256.70,256.70,256.70,50,54800
20220713,11:00,260.00,260.20,259.40,260.00,450,55000
20220713,11:03,264.00,264.00,264.00,264.00,50,54700
20220713,11:04,261.00,264.50,261.00,264.50,150,54700
20220713,11:05,265.00,265.00,264.95,264.95,1150,54700
20220713,11:08,264.95,264.95,264.95,264.95,50,54750
20220713,11:09,263.40,263.40,263.40,263.40,100,54750
20220713,11:10,260.15,260.25,260.00,260.25,200,54750
20220713,11:11,260.20,260.60,258.10,258.10,200,54650
20220713,11:14,258.75,258.75,257.55,257.55,150,54650
20220713,11:15,258.60,258.60,258.60,258.60,50,54500
20220713,11:16,256.60,256.60,255.80,255.80,100,54500
20220713,11:17,257.50,257.50,257.50,257.50,50,54500
20220713,11:18,258.55,258.55,258.55,258.55,150,54550
20220713,11:19,253.45,253.45,251.35,251.35,250,54550
20220713,11:20,252.80,255.00,252.80,255.00,150,54400
20220713,11:21,254.25,255.40,254.25,255.40,150,54400
20220713,11:22,253.05,253.05,253.05,253.05,50,54400
20220713,11:23,253.35,253.55,253.35,253.55,150,54400
20220713,11:24,250.20,250.20,248.75,249.35,3300,54400
20220713,11:25,248.10,248.10,246.75,248.00,400,54400
20220713,11:26,246.50,247.30,246.25,247.30,600,54400
20220713,11:27,245.55,245.70,245.25,245.70,2350,55250
20220713,11:28,245.10,245.10,245.10,245.10,150,55250
20220713,11:29,249.85,250.10,249.85,250.10,1150,56700
20220713,11:30,251.10,251.10,248.00,248.00,100,56700
20220713,11:31,250.45,250.45,250.45,250.45,50,56700
20220713,11:32,251.65,251.65,250.20,250.20,150,56700
20220713,11:33,254.60,254.75,251.85,251.85,1800,56650
20220713,11:34,251.85,251.85,248.60,248.60,650,56650
20220713,11:35,247.95,247.95,247.85,247.95,350,56650
20220713,11:36,249.00,251.00,249.00,251.00,200,56950
20220713,11:38,249.45,251.00,249.45,251.00,650,56950
20220713,11:39,251.00,251.15,250.05,250.05,700,56400
20220713,11:41,254.00,254.00,254.00,254.00,50,56400
20220713,11:42,255.40,255.60,254.35,254.35,200,56650
20220713,11:43,256.20,257.55,256.20,257.55,450,56650
20220713,11:44,257.65,257.65,255.30,255.30,300,56750
20220713,11:45,258.35,260.65,258.35,260.65,200,56750
20220713,11:46,261.70,261.70,260.00,260.00,150,56750
20220713,11:47,255.95,256.35,255.95,256.35,100,56700
20220713,11:48,258.15,258.15,257.00,257.40,250,56700
20220713,11:49,255.55,255.55,255.50,255.50,650,56700
20220713,11:50,254.55,254.55,251.95,253.40,400,56700
20220713,11:51,250.90,250.90,250.90,250.90,50,56500
20220713,11:52,249.60,250.35,249.60,250.35,250,56500
20220713,11:53,252.25,252.25,250.80,250.80,200,56500
20220713,11:54,252.00,252.65,252.00,252.65,100,56500
20220713,11:55,254.50,254.75,254.50,254.75,500,56500
20220713,11:57,257.85,257.85,257.85,257.85,50,56200
20220713,11:59,258.15,258.15,255.00,255.00,300,56200
20220713,12:00,255.00,256.50,255.00,256.50,250,56200
20220713,12:01,259.05,260.45,259.05,260.45,200,56200
20220713,12:02,260.10,261.00,260.10,261.00,400,56300
20220713,12:03,263.35,263.35,263.35,263.35,50,56300
20220713,12:04,261.20,261.20,261.20,261.20,50,56300
20220713,12:05,264.55,264.55,261.60,261.60,1050,56300
20220713,12:06,259.25,259.25,259.25,259.25,500,56350
20220713,12:07,261.55,263.30,261.55,262.55,150,56350
20220713,12:08,261.50,261.55,261.50,261.55,700,56350
20220713,12:10,260.70,260.70,256.10,258.00,2350,56450
20220713,12:11,257.80,257.90,257.15,257.15,350,56450
20220713,12:12,255.10,255.10,254.35,254.35,300,55850
20220713,12:14,251.80,253.00,251.00,252.95,450,55850
20220713,12:15,253.00,254.80,253.00,253.55,500,55700
20220713,12:16,248.25,248.25,247.05,247.05,250,55700
20220713,12:17,247.05,249.50,246.25,249.50,350,55700
20220713,12:18,249.50,251.30,249.50,251.30,700,55400
20220713,12:20,250.00,250.00,250.00,250.00,500,55400
20220713,12:21,250.40,250.50,250.40,250.50,200,56100
20220713,12:22,250.80,250.80,250.80,250.80,50,56100
20220713,12:23,251.10,256.70,251.10,256.50,1050,56100
20220713,12:24,256.80,256.80,254.85,254.85,550,55950
20220713,12:26,255.00,255.00,254.45,254.45,150,55950
20220713,12:27,251.95,251.95,249.30,249.70,1400,56450
20220713,12:28,255.00,255.00,254.45,254.45,100,56450
20220713,12:29,254.90,257.60,254.90,257.60,2100,56450
20220713,12:30,259.00,260.60,258.75,258.75,250,54550
20220713,12:34,261.25,261.25,258.95,258.95,150,54650
20220713,12:35,259.75,261.65,259.75,261.65,100,54650
20220713,12:36,267.25,267.25,267.25,267.25,50,54550
20220713,12:37,265.90,266.05,263.50,264.95,500,54550
20220713,12:38,265.25,266.20,265.25,266.20,100,54550
20220713,12:39,269.05,269.05,268.10,268.10,150,54600
20220713,12:40,267.00,267.30,263.45,267.30,2450,54600
20220713,12:41,269.05,269.05,269.05,269.05,50,54600
20220713,12:42,269.10,269.10,268.00,268.05,1950,52900
20220713,12:43,268.35,272.00,268.35,272.00,450,52900
20220713,12:44,272.00,272.00,269.40,271.45,1300,52900
20220713,12:45,268.00,269.35,268.00,269.35,400,52800
20220713,12:46,273.20,277.35,273.20,273.60,4150,52800
20220713,12:47,274.95,277.60,274.95,277.60,1300,52800
20220713,12:48,279.00,280.50,278.90,279.50,450,49550
20220713,12:49,279.65,279.65,278.00,278.85,200,49550
20220713,12:50,280.00,282.00,278.75,282.00,900,49550
20220713,12:51,282.00,283.25,282.00,283.25,150,49350
20220713,12:52,281.80,281.80,277.30,277.30,250,49350
20220713,12:53,276.65,280.40,276.35,280.40,550,49350
20220713,12:54,279.15,279.45,279.15,279.45,200,49300
20220713,12:55,280.35,286.75,280.35,286.75,550,49300
20220713,12:56,288.40,297.70,288.40,297.00,2650,49300
20220713,12:57,298.60,301.80,298.60,301.80,1600,49450
20220713,12:58,301.80,305.10,297.05,297.05,850,49450
20220713,12:59,295.75,297.55,293.35,297.55,700,49450
20220713,13:00,300.00,304.50,300.00,301.75,600,48250
20220713,13:01,301.55,302.70,297.25,297.25,1000,48250
20220713,13:02,295.05,295.05,295.00,295.00,150,48250
20220713,13:03,293.40,295.75,293.40,294.30,1100,48050
20220713,13:04,296.00,297.00,295.55,295.55,350,48050
20220713,13:05,296.05,302.00,296.00,302.00,1800,48050
20220713,13:06,302.75,302.75,298.00,298.00,850,46750
20220713,13:07,297.60,300.30,297.00,300.00,200,46750
20220713,13:08,302.90,306.80,302.90,306.80,200,46750
20220713,13:09,303.65,305.05,303.65,305.05,100,46450
20220713,13:10,304.65,311.35,304.65,309.15,1250,46450
20220713,13:11,311.20,315.25,311.20,314.30,450,46450
20220713,13:12,316.40,317.35,315.90,315.90,1050,46350
20220713,13:13,314.40,314.40,314.40,314.40,100,46350
20220713,13:14,307.25,307.25,306.60,306.60,100,46350
20220713,13:15,308.05,310.10,308.05,308.30,750,46250
20220713,13:16,307.50,313.60,307.50,313.60,300,46250
20220713,13:17,310.70,310.70,310.70,310.70,50,46250
20220713,13:18,309.65,309.65,304.00,304.00,250,46350
20220713,13:19,306.00,306.00,304.85,304.85,150,46350
20220713,13:20,310.00,310.00,310.00,310.00,250,46350
20220713,13:21,313.35,313.35,305.50,306.20,750,45800
20220713,13:22,309.25,310.45,308.75,309.70,200,45800
20220713,13:24,309.50,309.50,309.50,309.50,50,46050
20220713,13:25,315.00,320.00,315.00,319.65,850,46050
20220713,13:26,320.00,320.00,320.00,320.00,100,46050
20220713,13:27,322.10,322.10,321.60,321.60,500,45600
20220713,13:28,322.25,322.25,322.25,322.25,500,45600
20220713,13:29,320.25,322.00,318.60,322.00,800,45600
20220713,13:30,323.35,326.90,323.35,326.90,250,45550
20220713,13:31,319.50,321.75,319.50,320.50,450,45550
20220713,13:32,320.50,322.80,320.50,321.05,350,45550
20220713,13:33,322.10,322.10,319.30,319.30,150,45250
20220713,13:34,317.45,317.45,315.40,315.40,300,45250
20220713,13:35,314.25,314.80,308.45,308.45,1000,45250
20220713,13:36,312.05,312.05,312.05,312.05,50,45700
20220713,13:37,309.10,310.00,307.85,310.00,150,45700
20220713,13:38,317.35,319.45,317.35,319.45,200,45700
20220713,13:39,322.00,328.85,321.80,328.85,800,45650
20220713,13:40,325.90,325.90,324.15,325.85,700,45650
20220713,13:41,324.00,324.00,322.20,322.20,200,45650
20220713,13:43,321.95,328.20,321.95,327.20,350,45550
20220713,13:47,322.00,322.00,321.35,321.35,200,45450
20220713,13:48,321.35,322.05,319.75,319.75,150,45500
20220713,13:49,315.25,315.25,310.80,310.80,450,45500
20220713,13:50,308.80,309.55,304.00,304.00,300,45500
20220713,13:51,304.20,304.20,302.90,302.90,150,44950
20220713,13:52,305.45,305.45,305.45,305.45,50,44950
20220713,13:53,309.30,309.30,309.30,309.30,100,44950
20220713,13:54,314.10,314.10,314.10,314.10,50,44950
20220713,13:56,314.10,317.55,314.10,317.55,200,44750
20220713,13:57,318.00,323.00,318.00,323.00,100,44950
20220713,13:58,321.25,322.25,321.25,322.25,450,44950
20220713,13:59,319.15,319.15,319.15,319.15,50,44950
20220713,14:00,315.50,320.80,313.20,313.20,400,44750
20220713,14:01,311.55,311.55,308.25,308.25,900,44750
20220713,14:02,309.20,309.30,309.20,309.30,550,44750
20220713,14:03,307.00,307.00,306.80,306.80,100,44350
20220713,14:04,306.70,306.70,302.55,302.55,2050,44350
20220713,14:06,300.00,301.45,300.00,301.45,150,42850
20220713,14:07,302.20,302.20,295.60,295.60,300,42850
20220713,14:08,296.35,297.00,296.35,297.00,100,42850
20220713,14:09,303.40,304.30,303.40,304.30,400,42950
20220713,14:10,305.30,305.30,305.30,305.30,50,42950
20220713,14:12,310.00,310.00,308.70,308.70,150,42600
20220713,14:13,308.30,308.30,308.30,308.30,50,42600
20220713,14:14,313.30,313.30,312.10,313.05,1650,42600
20220713,14:15,308.60,308.60,308.60,308.60,50,43950
20220713,14:16,308.95,308.95,308.95,308.95,50,43950
20220713,14:17,305.00,305.20,299.55,299.55,1800,43950
20220713,14:18,297.55,299.00,297.10,299.00,650,43450
20220713,14:19,303.50,304.50,302.20,304.50,350,43450
20220713,14:20,304.15,304.15,304.15,304.15,200,43450
20220713,14:21,304.15,307.00,304.15,307.00,100,43000
20220713,14:22,301.15,303.75,301.15,303.75,100,43000
20220713,14:23,305.50,306.15,304.20,306.15,1250,43000
20220713,14:24,306.15,306.15,306.15,306.15,50,43000
20220713,14:27,298.00,299.40,296.95,299.40,500,43400
20220713,14:28,297.35,297.35,297.35,297.35,50,43400
20220713,14:29,306.30,310.45,301.85,302.25,900,43400
20220713,14:30,299.30,302.00,298.00,302.00,850,43650
20220713,14:31,300.00,300.00,299.40,299.40,400,43650
20220713,14:32,298.60,298.60,298.60,298.60,50,43650
20220713,14:34,302.85,302.85,301.70,302.85,250,44200
20220713,14:35,305.00,305.00,305.00,305.00,50,44200
20220713,14:36,303.30,303.30,301.85,301.85,300,44200
20220713,14:37,302.30,302.30,302.30,302.30,100,44200
20220713,14:38,305.85,305.85,305.85,305.85,50,44200
20220713,14:39,304.35,304.35,304.35,304.35,50,44250
20220713,14:40,303.30,306.15,303.30,306.15,500,44250
20220713,14:41,310.45,310.45,310.00,310.00,2300,44250
20220713,14:43,305.00,305.00,305.00,305.00,100,43200
20220713,14:44,302.90,304.40,302.90,304.40,550,43200
20220713,14:45,302.70,302.70,302.70,302.70,50,43050
20220713,14:46,301.00,301.00,301.00,301.00,50,43050
20220713,14:47,311.90,316.85,311.90,316.85,200,43050
20220713,14:48,316.60,317.65,313.35,313.35,850,43150
20220713,14:51,310.70,310.70,310.70,310.70,200,43400
20220713,14:52,307.70,307.70,307.70,307.70,50,43400
20220713,14:53,310.20,310.20,310.20,310.20,500,43400
20220713,14:54,314.90,314.90,314.90,314.90,500,43550
20220713,14:55,312.45,312.45,312.45,312.45,50,43550
20220713,14:56,310.00,310.00,309.35,309.35,200,43550
20220713,14:57,309.50,309.50,309.50,309.50,4800,43550
20220713,14:59,303.75,303.75,302.60,302.60,100,42550
20220713,15:00,300.00,316.55,300.00,315.85,750,42250
20220713,15:01,314.90,320.45,313.15,319.15,1600,42250
20220713,15:02,323.05,323.25,323.00,323.25,350,42250
20220713,15:03,328.00,328.00,323.60,323.60,850,42900
20220713,15:04,325.65,325.65,325.65,325.65,150,42900
20220713,15:05,322.90,326.10,322.90,324.75,350,42900
20220713,15:06,321.10,321.10,321.10,321.10,150,42550
20220713,15:07,319.45,325.60,318.60,323.05,1300,42550
20220713,15:08,326.50,326.50,323.45,323.45,2450,42550
20220713,15:09,327.15,331.80,327.15,331.80,900,42900
20220713,15:10,328.45,328.45,326.90,326.90,200,42900
20220713,15:11,327.45,327.45,326.25,326.25,250,42900
20220713,15:12,327.25,329.00,327.25,329.00,300,42800
20220713,15:14,327.45,327.45,323.80,324.30,400,42800
20220713,15:15,323.70,326.95,323.70,325.15,600,42750
20220713,15:16,324.35,324.80,323.70,323.70,650,42750
20220713,15:17,323.00,323.50,319.45,319.45,300,42750
20220713,15:18,320.00,320.00,316.55,318.50,350,41900
20220713,15:19,315.25,316.60,315.25,316.60,300,41900
20220713,15:20,316.55,320.00,316.55,319.20,1650,41900
20220713,15:21,318.50,318.50,318.50,318.50,500,40950
20220713,15:23,315.70,315.70,315.70,315.70,150,40950
20220713,15:24,316.00,316.70,316.00,316.70,300,40350
20220713,15:25,315.10,315.15,314.85,314.85,1100,40350
20220713,15:26,313.35,313.35,312.10,312.10,250,40350
20220713,15:27,314.15,314.65,314.15,314.65,1200,40150
20220713,15:28,314.55,314.55,314.25,314.25,500,40150
20220713,15:29,314.95,315.00,314.95,315.00,550,40150
20220714,09:16,302.95,302.95,301.05,301.05,201,37800
20220714,09:17,301.05,308.45,301.05,303.15,1250,37750
20220714,09:18,300.95,300.95,293.10,293.10,500,37750
20220714,09:19,293.10,293.10,293.10,293.10,100,37750
20220714,09:20,291.25,291.25,286.30,286.30,350,37500
20220714,09:21,282.80,286.15,282.05,286.15,1750,37500
20220714,09:22,287.25,288.45,287.25,288.45,100,37500
20220714,09:23,290.90,290.90,288.10,288.10,150,37500
20220714,09:24,294.75,296.00,294.00,296.00,350,39100
20220714,09:25,294.60,294.60,294.60,294.60,50,39100
20220714,09:27,298.60,298.60,298.60,298.60,500,39100
20220714,09:29,302.05,302.05,295.80,295.80,650,39550
20220714,09:30,296.40,296.40,294.00,294.00,850,39550
20220714,09:31,293.15,293.15,289.40,289.40,150,39550
20220714,09:32,288.60,292.20,288.60,292.20,450,39250
20220714,09:33,293.65,293.65,285.40,285.40,250,39250
20220714,09:34,279.00,279.00,279.00,279.00,500,39250
20220714,09:35,273.95,273.95,273.95,273.95,100,39900
20220714,09:36,278.35,282.20,278.00,282.20,150,39900
20220714,09:37,280.75,281.45,280.75,281.45,100,39900
20220714,09:41,282.15,282.15,282.15,282.15,50,39900
20220714,09:42,278.55,279.80,278.55,279.80,200,39900
20220714,09:43,282.25,282.25,282.25,282.25,50,39900
20220714,09:44,284.00,285.00,284.00,285.00,150,39950
20220714,09:46,280.80,280.80,280.80,280.80,50,39950
20220714,09:47,280.80,280.80,280.80,280.80,50,39950
20220714,09:48,278.10,281.05,278.10,281.05,100,39950
20220714,09:49,276.60,276.60,275.80,275.80,300,39950
20220714,09:50,273.90,274.45,271.90,274.45,350,40050
20220714,09:51,273.15,273.15,273.15,273.15,50,40050
20220714,09:52,270.20,270.20,270.20,270.20,50,40050
20220714,09:53,270.20,271.35,270.20,271.35,100,40200
20220714,09:54,271.50,272.60,270.85,272.60,350,40200
20220714,09:55,266.90,266.90,265.00,265.75,450,40200
20220714,09:56,261.55,261.55,261.55,261.55,100,40250
20220714,09:57,260.00,260.00,260.00,260.00,50,40250
20220714,09:58,260.00,262.25,260.00,261.50,350,40250
20220714,09:59,264.45,264.45,264.45,264.45,50,40250
20220714,10:01,264.20,264.20,264.20,264.20,50,40200
20220714,10:02,263.00,263.00,261.60,261.60,2000,40250
20220714,10:03,262.65,262.65,262.65,262.65,50,40250
20220714,10:05,258.50,258.50,258.50,258.50,50,40250
20220714,10:06,258.50,258.50,258.50,258.50,250,40150
20220714,10:07,268.25,268.25,268.25,268.25,50,40150
20220714,10:12,269.70,269.70,269.70,269.70,50,40150
20220714,10:13,270.05,270.05,268.00,268.00,200,40150
20220714,10:14,269.40,269.80,267.05,267.05,750,39900
20220714,10:15,262.35,268.95,262.35,268.95,350,39900
20220714,10:16,272.45,272.45,271.75,271.75,100,39900
20220714,10:17,269.45,269.45,269.45,269.45,50,39550
20220714,10:18,269.80,270.75,269.80,270.10,800,39550
20220714,10:19,269.00,270.35,266.95,267.45,800,39550
20220714,10:20,268.40,268.40,268.40,268.40,50,38700
20220714,10:21,267.95,269.05,267.95,269.05,200,38700
20220714,10:22,270.00,270.00,270.00,270.00,50,38700
20220714,10:23,273.45,273.45,271.75,273.10,600,38550
20220714,10:25,273.80,273.90,273.80,273.90,100,38550
20220714,10:26,278.00,279.05,277.50,278.00,350,38650
20220714,10:27,280.00,280.00,280.00,280.00,100,38650
20220714,10:28,277.50,277.50,277.50,277.50,50,38650
20220714,10:29,278.65,278.65,278.65,278.65,100,38450
20220714,10:30,280.00,280.00,277.50,277.50,550,38450
20220714,10:31,275.00,275.10,273.90,275.10,350,38450
20220714,10:34,275.10,275.10,275.10,275.10,50,38650
20220714,10:38,279.60,279.60,279.60,279.60,250,38700
20220714,10:40,287.95,288.00,287.95,288.00,150,38550
20220714,10:41,283.40,285.00,283.40,285.00,300,38250
20220714,10:45,281.40,281.40,280.80,280.80,100,38250
20220714,10:46,285.00,285.35,285.00,285.35,100,38250
20220714,10:47,285.00,285.50,285.00,285.50,100,38150
20220714,10:50,285.50,285.50,285.50,285.50,100,38150
20220714,10:52,284.40,284.40,284.40,284.40,450,38000
20220714,10:55,278.00,278.00,278.00,278.00,50,38000
20220714,10:56,282.15,282.15,281.50,281.50,250,37700
20220714,10:58,281.50,281.50,281.50,281.50,50,37700
20220714,10:59,277.80,277.80,277.75,277.75,100,37700
20220714,11:00,278.30,280.20,278.30,280.20,100,37650
20220714,11:01,274.90,274.90,274.90,274.90,50,37650
20220714,11:02,279.05,285.00,279.05,285.00,100,37650
20220714,11:03,285.60,287.45,285.60,287.45,200,37650
20220714,11:04,285.90,285.90,285.90,285.90,100,37650
20220714,11:08,290.20,290.20,290.20,290.20,1500,37500
20220714,11:09,288.90,288.90,288.90,288.90,50,37200
20220714,11:10,292.95,292.95,292.95,292.95,50,37200
20220714,11:11,295.00,295.00,291.85,291.85,250,37200
20220714,11:12,298.00,298.00,298.00,298.00,50,37200
20220714,11:13,296.20,296.20,295.15,295.15,350,37200
20220714,11:14,296.00,296.00,296.00,296.00,400,37400
20220714,11:15,299.20,301.00,297.90,301.00,400,37400
20220714,11:16,306.80,306.80,305.05,305.05,100,37400
20220714,11:17,307.95,310.75,306.95,309.15,1300,36950
20220714,11:18,314.95,315.25,312.10,312.10,850,36950
20220714,11:19,312.55,313.25,312.40,313.25,800,36950
20220714,11:20,314.45,314.45,309.35,310.05,1300,35700
20220714,11:21,314.95,315.30,314.15,315.30,150,35700
20220714,11:22,315.30,315.30,315.30,315.30,50,35700
20220714,11:23,315.05,315.05,315.05,315.05,50,35700
20220714,11:24,314.30,320.00,314.30,320.00,250,35450
20220714,11:25,319.75,319.75,319.70,319.70,100,35450
20220714,11:26,316.25,316.25,316.25,316.25,50,35450
20220714,11:27,312.55,312.55,311.20,311.20,150,35450
20220714,11:28,313.95,315.30,313.95,314.15,150,35450
20220714,11:29,316.25,316.25,316.25,316.25,100,35500
20220714,11:30,315.35,319.00,315.35,318.60,150,35500
20220714,11:31,325.95,326.25,325.95,326.25,150,35500
20220714,11:32,323.50,331.65,323.50,331.65,600,35400
20220714,11:33,332.45,332.45,326.50,326.50,200,35400
20220714,11:35,332.95,332.95,328.55,328.65,1100,35050
20220714,11:36,326.95,326.95,326.50,326.50,150,35050
20220714,11:37,323.15,323.15,323.15,323.15,100,35050
20220714,11:40,315.00,318.15,314.20,315.85,650,35100
20220714,11:42,315.00,315.00,315.00,315.00,50,35150
20220714,11:43,318.00,318.00,318.00,318.00,50,35150
20220714,11:44,318.40,318.40,318.40,318.40,100,35150
20220714,11:46,325.00,325.00,325.00,325.00,150,35200
20220714,11:50,326.75,326.75,326.75,326.75,50,35150
20220714,11:51,326.75,326.75,326.75,326.75,150,35200
20220714,11:52,322.90,322.90,322.90,322.90,50,35200
20220714,11:55,330.85,330.85,327.85,327.85,150,35250
20220714,11:56,327.85,331.15,327.00,331.15,700,35100
20220714,11:57,331.80,331.80,331.80,331.80,50,35100
20220714,11:58,331.80,331.80,331.80,331.80,50,35100
20220714,11:59,330.50,330.50,330.50,330.50,50,35100
20220714,12:00,334.20,334.20,334.20,334.20,100,35100
20220714,12:01,334.60,335.25,334.60,335.25,250,35100
20220714,12:02,334.80,335.10,334.80,335.10,100,35100
20220714,12:03,337.45,338.60,337.45,338.60,100,35250
20220714,12:04,338.60,338.60,336.00,336.00,100,35250
20220714,12:05,337.60,337.60,333.25,333.25,200,35250
20220714,12:06,336.90,336.90,334.55,334.55,150,35450
20220714,12:09,340.75,340.75,336.05,336.05,500,35500
20220714,12:11,338.25,338.25,333.90,333.90,800,35500
20220714,12:12,333.95,333.95,332.25,333.25,450,35350
20220714,12:15,322.25,322.25,320.90,320.90,150,35500
20220714,12:16,320.00,324.95,320.00,322.85,200,35500
20220714,12:17,323.05,325.00,320.00,320.00,200,35500
20220714,12:18,315.00,315.20,315.00,315.20,150,35400
20220714,12:19,315.20,318.00,315.20,318.00,100,35400
20220714,12:20,317.40,318.40,316.20,316.20,150,35400
20220714,12:21,314.35,314.35,314.35,314.35,50,35450
20220714,12:22,318.00,318.00,317.75,317.75,100,35450
20220714,12:23,324.35,324.35,324.35,324.35,50,35450
20220714,12:24,325.60,326.00,325.60,326.00,150,35500
20220714,12:25,326.55,326.55,326.55,326.55,100,35500
20220714,12:26,327.00,327.00,327.00,327.00,50,35500
20220714,12:27,329.50,329.65,329.50,329.65,150,35400
20220714,12:28,330.90,332.50,330.90,332.50,2050,35400
20220714,12:29,332.80,332.80,332.80,332.80,50,35400
20220714,12:30,330.30,333.25,320.55,320.55,550,37400
20220714,12:31,319.80,320.95,317.40,318.50,4200,37400
20220714,12:32,318.55,318.55,317.60,317.60,2350,37400
20220714,12:33,323.40,323.40,323.40,323.40,500,35450
20220714,12:34,326.55,326.55,324.55,324.55,500,35450
20220714,12:35,333.00,333.00,333.00,333.00,50,35450
20220714,12:36,335.40,335.40,335.15,335.15,100,36150
20220714,12:38,335.15,335.55,335.15,335.55,250,36150
20220714,12:40,338.25,338.25,338.25,338.25,50,36250
20220714,12:41,331.80,331.80,326.70,326.70,250,36250
20220714,12:42,331.50,331.50,331.50,331.50,50,36200
20220714,12:45,337.60,338.00,336.80,336.80,200,36200
20220714,12:47,327.70,327.70,327.70,327.70,50,36200
20220714,12:48,325.85,329.90,325.85,329.90,350,36200
20220714,12:50,325.15,325.15,325.15,325.15,50,36200
20220714,12:51,326.75,327.85,326.75,327.85,100,36200
20220714,12:56,328.25,328.25,328.25,328.25,50,36150
20220714,12:58,323.35,323.35,323.35,323.35,100,36150
20220714,12:59,321.35,321.35,311.55,311.60,800,36150
20220714,13:00,308.90,308.90,303.50,307.80,350,36050
20220714,13:01,307.15,307.15,302.20,302.20,300,36050
20220714,13:02,305.20,305.20,305.20,305.20,50,36050
20220714,13:03,310.25,310.95,309.75,310.95,200,36200
20220714,13:04,319.90,319.90,317.85,317.85,300,36200
20220714,13:05,321.75,321.75,321.75,321.75,50,36200
20220714,13:06,315.60,315.60,315.60,315.60,50,35950
20220714,13:07,313.75,315.10,312.20,315.10,250,35950
20220714,13:10,325.95,325.95,325.95,325.95,50,35900
20220714,13:11,326.30,326.30,326.30,326.30,50,35900
20220714,13:12,326.45,326.45,320.85,320.85,150,35900
20220714,13:13,316.55,316.55,316.55,316.55,50,35900
20220714,13:14,320.10,320.10,320.10,320.10,50,35900
20220714,13:15,321.55,323.50,321.55,323.50,100,35900
20220714,13:16,323.90,323.90,323.50,323.50,100,35900
20220714,13:17,325.00,325.00,324.10,324.10,550,35900
20220714,13:19,323.00,323.00,323.00,323.00,50,35900
20220714,13:20,328.40,328.40,327.85,327.85,100,35900
20220714,13:21,330.00,333.95,330.00,333.45,1600,36000
20220714,13:22,332.95,343.70,332.95,343.70,800,36000
20220714,13:23,347.75,347.75,343.70,343.70,250,36000
20220714,13:24,344.35,344.35,343.90,343.90,150,36900
20220714,13:25,343.00,343.50,339.60,341.60,450,36900
20220714,13:26,340.10,340.10,340.10,340.10,50,36900
20220714,13:27,345.00,345.00,345.00,345.00,50,36650
20220714,13:28,344.90,346.55,344.90,345.40,350,36650
20220714,13:29,338.70,338.70,337.05,337.05,200,36650
20220714,13:30,347.50,347.50,346.85,347.35,300,36550
20220714,13:31,339.30,339.30,339.30,339.30,50,36550
20220714,13:32,339.00,339.00,337.00,338.05,1050,36550
20220714,13:34,346.40,346.40,343.00,343.00,100,36400
20220714,13:35,340.50,344.00,340.50,344.00,200,36400
20220714,13:36,345.00,345.00,345.00,345.00,50,36450
20220714,13:37,344.00,350.20,344.00,350.20,300,36450
20220714,13:38,350.20,350.20,340.05,340.05,100,36450
20220714,13:40,347.00,347.00,347.00,347.00,50,36450
20220714,13:41,344.65,344.65,344.65,344.65,50,36450
20220714,13:44,342.20,342.20,341.50,341.50,150,36450
20220714,13:46,339.45,339.45,339.45,339.45,100,36300
20220714,13:48,340.80,340.80,340.80,340.80,100,36300
20220714,13:49,342.95,342.95,342.95,342.95,50,36300
20220714,13:50,335.35,337.85,335.35,337.85,100,36300
20220714,13:51,343.00,343.00,343.00,343.00,50,36250
20220714,13:52,341.90,341.90,341.90,341.90,100,36250
20220714,13:53,343.00,343.45,343.00,343.45,100,36250
20220714,13:54,347.45,347.45,346.65,346.65,150,36050
20220714,13:55,350.00,350.00,350.00,350.00,50,36050
20220714,13:56,347.10,349.10,346.15,349.10,350,36050
20220714,13:57,350.25,351.85,349.30,351.85,400,35800
20220714,13:59,355.55,356.95,355.55,356.95,200,35800
20220714,14:00,359.95,359.95,359.95,359.95,50,35700
20220714,14:01,362.70,362.95,362.70,362.95,250,35700
20220714,14:03,359.10,359.10,357.35,357.35,250,35750
20220714,14:04,360.30,360.30,360.30,360.30,50,35750
20220714,14:05,357.35,357.35,352.55,352.55,450,35750
20220714,14:06,350.25,350.40,348.45,350.40,150,35500
20220714,14:07,354.70,354.70,353.35,353.35,100,35500
20220714,14:08,352.70,353.95,352.70,353.95,250,35500
20220714,14:09,355.55,355.55,355.55,355.55,50,35500
20220714,14:10,360.70,362.00,360.70,361.80,200,35500
20220714,14:12,371.75,376.85,371.75,376.85,150,35350
20220714,14:13,377.60,380.30,377.60,380.30,1850,35350
20220714,14:14,381.35,381.35,379.75,379.75,300,35350
20220714,14:15,381.35,381.35,373.15,376.75,1000,36650
20220714,14:16,379.25,379.25,377.65,377.65,350,36650
20220714,14:17,376.00,376.00,372.40,372.40,350,36650
20220714,14:18,372.40,373.60,370.30,370.30,1050,37150
20220714,14:19,369.25,369.25,366.95,367.55,1900,37150
20220714,14:20,371.55,371.55,371.35,371.35,100,37150
20220714,14:21,373.50,379.00,373.50,379.00,2050,36800
20220714,14:22,379.40,382.50,379.40,382.50,350,36800
20220714,14:23,386.00,386.75,385.50,385.50,2000,36800
20220714,14:24,386.65,387.00,379.60,379.60,850,35600
20220714,14:25,386.00,386.00,386.00,386.00,50,35600
20220714,14:26,386.05,386.85,377.65,377.65,500,35600
20220714,14:28,374.55,375.20,374.55,375.20,100,35100
20220714,14:29,381.00,382.15,381.00,381.85,200,35100
20220714,14:30,377.00,377.00,377.00,377.00,50,34950
20220714,14:31,375.10,375.10,375.10,375.10,100,34950
20220714,14:33,371.30,372.65,370.85,370.85,450,34900
20220714,14:34,370.60,370.60,363.80,363.80,500,34900
20220714,14:35,362.00,363.00,360.00,363.00,300,34900
20220714,14:36,365.80,365.80,355.25,355.25,350,35600
20220714,14:37,352.20,352.90,349.00,352.90,400,35600
20220714,14:38,354.95,354.95,351.25,351.25,500,35600
20220714,14:39,356.55,357.70,353.15,353.15,500,35500
20220714,14:40,353.00,356.50,348.50,348.50,2100,35500
20220714,14:41,354.10,354.10,354.10,354.10,50,35500
20220714,14:42,355.45,355.95,354.50,355.95,200,37100
20220714,14:43,358.00,358.00,358.00,358.00,50,37100
20220714,14:44,356.85,356.85,356.85,356.85,100,37100
20220714,14:45,359.95,359.95,357.55,357.55,150,37200
20220714,14:46,361.60,362.70,357.35,357.35,200,37200
20220714,14:47,356.90,359.25,356.90,358.30,1500,37200
20220714,14:48,363.95,363.95,363.95,363.95,100,35950
20220714,14:49,366.20,366.20,360.95,360.95,150,35950
20220714,14:50,364.40,364.40,364.40,364.40,50,35950
20220714,14:53,363.10,365.80,363.00,365.80,500,35950
20220714,14:54,366.70,370.00,366.70,368.00,200,36400
20220714,14:56,358.90,358.90,358.90,358.90,50,36400
20220714,14:57,359.00,359.00,359.00,359.00,300,36400
20220714,15:00,345.00,345.00,345.00,345.00,100,36400
20220714,15:01,341.30,345.25,341.30,345.25,100,36400
20220714,15:02,346.05,355.95,346.05,355.95,200,36400
20220714,15:03,351.00,351.00,346.25,346.25,950,35550
20220714,15:04,347.40,347.40,347.40,347.40,100,35550
20220714,15:06,343.90,343.90,343.90,343.90,50,35550
20220714,15:07,347.15,347.15,345.00,345.00,550,35200
20220714,15:08,342.30,343.00,342.30,343.00,300,35200
20220714,15:09,342.15,342.15,342.15,342.15,50,35200
20220714,15:10,335.90,335.90,335.90,335.90,700,34900
20220714,15:11,334.90,334.90,334.00,334.00,150,34900
20220714,15:12,334.85,334.85,332.55,334.45,600,34450
20220714,15:13,333.25,333.25,328.55,331.40,450,34450
20220714,15:15,334.60,337.00,334.60,335.85,600,34200
20220714,15:16,335.65,335.65,335.65,335.65,50,34200
20220714,15:17,338.70,338.85,338.70,338.80,600,34200
20220714,15:18,336.00,336.00,336.00,336.00,200,34200
20220714,15:19,335.00,335.00,332.20,332.20,100,33650
20220714,15:20,325.95,327.50,325.95,327.50,350,33650
20220714,15:22,331.10,331.10,331.10,331.10,50,33400
20220714,15:23,328.35,328.35,326.65,326.65,100,33400
20220714,15:25,329.75,329.75,329.75,329.75,550,33450
20220714,15:26,329.20,330.00,328.80,328.80,350,33450
20220714,15:27,329.55,330.00,329.30,329.50,400,33500
20220714,15:28,329.90,330.20,329.80,330.20,200,33500
20220714,15:29,330.35,331.20,328.15,328.15,300,33500
20220715,09:15,269.00,275.15,264.85,271.15,1703,32200
20220715,09:16,269.05,270.20,266.00,270.20,1300,32200
20220715,09:17,270.60,271.55,269.10,271.55,750,31750
20220715,09:18,270.30,272.65,269.55,269.55,700,31750
20220715,09:19,270.15,270.15,270.15,270.15,100,31750
20220715,09:20,266.00,266.00,261.35,261.35,450,31950
20220715,09:21,262.35,269.40,262.35,269.40,300,31950
20220715,09:22,268.05,270.45,266.70,267.75,500,31950
20220715,09:23,270.90,273.35,270.90,272.50,1300,32300
20220715,09:24,272.75,274.20,272.75,274.20,200,32300
20220715,09:25,274.05,274.80,272.45,274.80,300,32300
20220715,09:26,274.45,275.75,274.45,275.75,600,32600
20220715,09:27,275.90,277.40,275.45,275.45,750,32600
20220715,09:28,276.50,279.95,276.15,279.95,300,32600
20220715,09:29,286.45,286.45,286.45,286.45,50,32550
20220715,09:30,286.50,286.50,279.70,279.70,250,32550
20220715,09:31,278.80,282.00,278.60,282.00,500,32550
20220715,09:32,284.95,284.95,284.95,284.95,50,32800
20220715,09:33,289.35,289.35,289.35,289.35,450,32800
20220715,09:34,284.50,287.00,284.50,287.00,300,32800
20220715,09:35,285.85,286.20,284.45,286.20,150,32150
20220715,09:36,283.30,283.30,279.20,279.20,100,32150
20220715,09:37,286.20,286.20,286.20,286.20,50,32150
20220715,09:38,287.95,290.65,287.45,289.30,500,32400
20220715,09:39,289.45,290.10,287.20,290.10,950,32400
20220715,09:40,290.00,290.00,290.00,290.00,100,32400
20220715,09:41,286.65,286.65,286.65,286.65,50,31750
20220715,09:42,286.95,286.95,286.95,286.95,50,31750
20220715,09:43,286.00,286.00,286.00,286.00,50,31750
20220715,09:44,286.70,286.70,286.70,286.70,150,31750
20220715,09:47,281.80,281.80,279.60,279.60,100,31750
20220715,09:48,282.90,282.90,282.90,282.90,50,31600
20220715,09:51,287.55,290.00,287.55,290.00,150,31550
20220715,09:52,293.65,293.65,293.65,293.65,100,31550
20220715,09:53,290.45,290.45,290.45,290.45,50,31500
20220715,09:54,290.00,290.00,285.60,285.60,100,31500
20220715,09:57,290.85,290.85,290.85,290.85,50,31500
20220715,09:58,291.60,291.60,291.60,291.60,50,31500
20220715,10:00,286.80,286.80,286.00,286.00,250,31600
20220715,10:01,287.00,289.00,287.00,289.00,450,31600
20220715,10:02,291.30,297.00,291.30,295.40,550,31350
20220715,10:03,296.05,296.05,296.05,296.05,50,31350
20220715,10:05,293.75,293.75,291.00,293.35,200,31550
20220715,10:06,293.35,293.35,293.35,293.35,50,31550
20220715,10:07,294.80,294.80,294.80,294.80,50,31550
20220715,10:08,293.40,293.40,293.40,293.40,50,31550
20220715,10:09,291.75,291.75,290.90,290.90,100,31400
20220715,10:10,288.90,288.90,286.50,286.50,100,31400
20220715,10:11,284.05,284.05,284.05,284.05,50,31300
20220715,10:12,284.70,284.70,284.70,284.70,50,31300
20220715,10:13,283.80,283.80,283.80,283.80,50,31300
20220715,10:14,283.20,283.20,282.45,282.45,150,31250
20220715,10:15,281.95,281.95,278.30,280.50,750,31250
20220715,10:16,284.40,284.40,284.40,284.40,50,31250
20220715,10:17,283.05,283.05,283.05,283.05,50,31400
20220715,10:18,280.00,280.00,275.95,276.40,550,31400
20220715,10:19,275.05,279.55,275.05,279.55,100,31400
20220715,10:20,279.20,279.20,279.20,279.20,50,31400
20220715,10:21,277.55,280.00,277.55,280.00,200,31400
20220715,10:23,283.35,284.15,283.35,284.15,200,31200
20220715,10:24,284.75,287.45,284.75,286.25,150,31200
20220715,10:26,285.95,285.95,285.95,285.95,50,31300
20220715,10:27,288.00,291.00,288.00,291.00,400,31300
20220715,10:28,288.90,288.90,288.90,288.90,100,31300
20220715,10:30,288.75,288.75,288.75,288.75,50,31350
20220715,10:32,289.20,289.20,287.25,287.25,150,31500
20220715,10:36,285.85,285.85,285.85,285.85,100,31500
20220715,10:37,282.60,282.60,282.60,282.60,50,31500
20220715,10:40,285.10,285.10,285.10,285.10,50,31500
20220715,10:44,284.55,284.55,284.55,284.55,50,31500
20220715,10:46,291.75,291.75,291.75,291.75,150,31500
20220715,10:47,295.00,295.40,294.15,294.15,450,31500
20220715,10:48,292.55,292.55,292.55,292.55,50,31700
20220715,10:49,294.90,294.90,294.00,294.00,200,31700
20220715,10:50,295.00,296.15,295.00,296.15,400,31700
20220715,10:51,296.45,296.45,296.45,296.45,50,31400
20220715,10:52,297.50,297.50,297.50,297.50,50,31400
20220715,10:53,297.50,297.50,295.25,295.25,1550,31500
20220715,10:54,294.55,294.55,293.50,293.50,100,31500
20220715,10:55,292.40,293.65,292.40,293.65,150,31500
20220715,10:56,289.75,289.75,289.75,289.75,50,32750
20220715,10:57,290.40,290.40,290.40,290.40,1550,32750
20220715,10:59,289.45,289.45,289.45,289.45,50,31650
20220715,11:03,298.00,299.90,298.00,299.90,1800,31700
20220715,11:04,300.30,301.70,300.30,301.70,100,31700
20220715,11:05,301.70,301.70,299.85,300.00,150,33050
20220715,11:07,306.20,306.35,306.20,306.35,100,33050
20220715,11:08,306.35,306.35,303.60,303.60,300,33050
20220715,11:09,308.35,309.75,308.00,309.75,400,32950
20220715,11:10,312.65,314.95,312.65,314.95,100,32950
20220715,11:11,314.95,314.95,312.65,312.85,150,33000
20220715,11:12,308.75,308.75,308.75,308.75,50,33000
20220715,11:14,311.15,311.15,311.15,311.15,50,33000
20220715,11:15,310.45,310.45,308.05,308.05,200,32950
20220715,11:16,305.30,305.30,305.30,305.30,50,32950
20220715,11:18,302.75,305.20,302.15,305.20,300,32850
20220715,11:20,302.55,302.55,302.55,302.55,50,32900
20220715,11:21,303.00,303.00,303.00,303.00,50,32900
20220715,11:22,299.70,299.70,299.50,299.50,450,32900
20220715,11:25,299.90,300.70,299.45,299.45,200,32900
20220715,11:26,298.65,298.65,298.65,298.65,50,32900
20220715,11:30,302.50,302.50,302.50,302.50,100,32800
20220715,11:31,295.20,295.20,295.20,295.20,1750,32800
20220715,11:35,289.75,289.75,289.75,289.75,100,31500
20220715,11:36,294.70,294.70,294.70,294.70,50,31500
20220715,11:38,292.75,292.75,292.75,292.75,50,31450
20220715,11:41,297.20,297.20,297.20,297.20,50,31450
20220715,11:42,293.75,293.75,293.75,293.75,100,31400
20220715,11:43,293.00,293.00,293.00,293.00,100,31400
20220715,11:44,294.05,294.05,294.05,294.05,50,31350
20220715,11:45,291.50,291.50,288.75,288.80,200,31350
20220715,11:46,285.00,285.00,285.00,285.00,250,31350
20220715,11:47,280.85,282.85,280.25,282.00,500,31400
20220715,11:48,282.65,282.65,282.65,282.65,250,31400
20220715,11:49,282.00,282.00,282.00,282.00,50,31400
20220715,11:53,286.50,286.50,286.50,286.50,50,31400
20220715,11:58,289.25,289.25,289.25,289.25,150,31450
20220715,11:59,289.25,289.25,289.25,289.25,50,31450
20220715,12:03,294.00,294.00,294.00,294.00,50,31400
20220715,12:04,299.45,300.00,299.45,300.00,250,31400
20220715,12:05,303.05,306.60,303.05,306.60,250,31400
20220715,12:07,303.20,305.55,303.20,305.55,150,31400
20220715,12:08,308.95,308.95,308.40,308.40,200,31400
20220715,12:09,309.35,311.90,309.35,311.90,200,31550
20220715,12:10,312.65,312.65,312.65,312.65,100,31550
20220715,12:14,304.20,304.20,304.00,304.00,150,31550
20220715,12:16,303.45,303.45,303.45,303.45,50,31550
20220715,12:18,306.85,306.85,306.85,306.85,50,31500
20220715,12:19,307.50,311.80,307.50,311.80,100,31500
20220715,12:20,309.95,311.35,309.95,311.35,400,31800
20220715,12:21,308.00,308.25,308.00,308.00,150,31800
20220715,12:22,310.80,310.80,310.80,310.80,50,31800
20220715,12:24,312.90,312.90,310.80,310.80,400,31700
20220715,12:25,315.00,315.00,315.00,315.00,50,31700
20220715,12:26,323.25,323.25,323.25,323.25,150,31700
20220715,12:28,316.10,316.10,316.10,316.10,150,31650
20220715,12:29,311.15,311.55,311.15,311.55,300,31750
20220715,12:30,311.50,311.50,303.40,304.55,300,31750
20220715,12:31,312.90,312.90,312.90,312.90,50,31750
20220715,12:33,306.05,306.05,306.05,306.05,300,31550
20220715,12:35,303.35,303.35,303.35,303.35,50,31550
20220715,12:36,313.80,314.50,313.80,314.50,400,31800
20220715,12:37,313.20,313.20,313.20,313.20,100,31800
20220715,12:39,308.95,308.95,308.95,308.95,100,31850
20220715,12:43,316.65,316.65,316.10,316.10,400,31800
20220715,12:45,306.15,306.15,305.00,305.00,350,31550
20220715,12:47,297.65,299.00,297.65,299.00,100,31550
20220715,12:48,295.95,295.95,295.95,295.95,50,31900
20220715,12:49,298.15,298.15,295.00,295.00,100,31900
20220715,12:50,295.75,295.75,295.75,295.75,50,31900
20220715,12:51,293.45,293.45,293.45,293.45,50,31950
20220715,12:52,288.95,290.75,288.95,290.75,350,31950
20220715,12:53,289.90,289.90,289.90,289.90,100,31950
20220715,12:58,298.10,298.10,298.10,298.10,50,31900
20220715,12:59,296.05,296.05,295.00,295.00,100,31900
20220715,13:00,286.65,286.65,286.65,286.65,50,31950
20220715,13:01,287.10,287.10,287.10,287.10,100,31950
20220715,13:03,292.05,292.05,292.05,292.05,50,32100
20220715,13:05,286.70,286.70,286.70,286.70,50,32100
20220715,13:06,286.70,286.70,286.70,286.70,50,32150
20220715,13:08,285.00,285.00,285.00,285.00,100,32150
20220715,13:09,283.90,283.90,283.90,283.90,150,32250
20220715,13:12,287.85,287.85,287.85,287.85,100,32250
20220715,13:13,289.00,289.00,289.00,289.00,50,32250
20220715,13:14,289.00,289.00,289.00,289.00,50,32250
20220715,13:16,285.10,285.10,285.10,285.10,300,32100
20220715,13:17,285.55,285.55,285.55,285.55,50,32100
20220715,13:18,290.90,290.90,290.90,290.90,50,32250
20220715,13:23,292.05,292.05,292.05,292.05,250,32300
20220715,13:24,294.35,294.35,293.25,293.25,100,32450
20220715,13:26,288.30,288.30,288.30,288.30,50,32450
20220715,13:27,295.40,295.40,294.15,294.15,100,32450
20220715,13:28,290.70,290.70,289.95,289.95,300,32450
20220715,13:30,287.50,287.50,287.50,287.50,100,32650
20220715,13:32,302.55,302.55,299.95,300.00,350,32650
20220715,13:33,303.55,303.55,303.55,303.55,50,32400
20220715,13:34,305.00,305.00,305.00,305.00,450,32400
20220715,13:35,304.90,304.90,302.00,302.00,350,32400
20220715,13:36,300.10,300.10,300.10,300.10,50,32250
20220715,13:37,297.45,297.45,297.45,297.45,50,32250
20220715,13:38,298.00,298.00,298.00,298.00,100,32250
20220715,13:41,298.65,298.65,298.65,298.65,50,32150
20220715,13:42,301.15,301.15,301.15,301.15,50,32150
20220715,13:44,298.40,298.40,298.40,298.40,50,32150
20220715,13:46,306.90,306.90,306.90,306.90,50,32150
20220715,13:48,301.05,301.05,298.80,298.80,100,32100
20220715,13:50,298.00,298.00,298.00,298.00,50,32100
20220715,13:53,294.15,294.15,294.15,294.15,150,32150
20220715,13:55,287.90,289.60,287.90,289.60,450,32100
20220715,13:56,290.00,290.00,290.00,290.00,50,32100
20220715,13:57,291.50,291.50,290.25,290.25,850,32750
20220715,13:59,285.75,288.25,285.75,288.25,150,32750
20220715,14:00,286.80,287.25,285.00,287.15,300,33050
20220715,14:02,291.50,291.50,291.50,291.50,350,33050
20220715,14:11,285.00,285.00,281.65,281.65,100,33500
20220715,14:14,281.75,281.75,273.45,274.25,1600,33500
20220715,14:15,270.00,273.00,270.00,272.05,1300,34300
20220715,14:16,272.35,272.35,272.35,272.35,50,34300
20220715,14:17,273.00,273.00,273.00,273.00,50,34300
20220715,14:18,274.45,274.45,271.05,271.25,650,33850
20220715,14:20,267.15,267.15,263.90,266.05,300,33850
20220715,14:21,263.55,263.55,262.30,262.30,250,33750
20220715,14:22,265.65,269.00,265.65,268.90,400,33750
20220715,14:23,270.05,270.05,270.05,270.05,50,33750
20220715,14:25,267.95,267.95,267.95,267.95,1600,33950
20220715,14:26,267.45,267.45,267.45,267.45,1600,33950
20220715,14:28,263.00,266.80,263.00,266.80,100,33850
20220715,14:29,268.15,268.15,268.15,268.15,50,33850
20220715,14:30,267.80,268.20,267.80,268.20,200,33900
20220715,14:31,260.00,266.35,260.00,266.35,750,33900
20220715,14:32,266.20,266.95,266.20,266.95,200,33900
20220715,14:33,266.80,266.80,266.80,266.80,50,34350
20220715,14:34,266.00,266.00,266.00,266.00,200,34350
20220715,14:35,268.45,268.45,267.25,267.25,150,34350
20220715,14:36,263.15,263.15,260.00,260.00,200,34300
20220715,14:37,256.80,256.80,250.00,252.85,2450,34300
20220715,14:38,251.85,252.85,250.85,251.10,700,34300
20220715,14:39,250.25,250.25,250.25,250.25,50,34300
20220715,14:40,245.60,246.40,245.60,246.20,350,33600
20220715,14:41,249.55,250.15,248.20,248.20,200,33600
20220715,14:42,247.20,248.10,247.20,247.90,300,33450
20220715,14:43,249.00,250.70,249.00,250.70,350,33450
20220715,14:44,252.20,253.15,252.05,252.70,1450,33450
20220715,14:45,250.00,250.00,250.00,250.00,50,33950
20220715,14:47,254.60,254.60,254.40,254.40,150,33950
20220715,14:48,255.85,257.75,255.85,257.75,200,34000
20220715,14:49,259.90,260.70,259.90,260.70,300,34000
20220715,14:50,262.00,262.75,262.00,262.75,100,34000
20220715,14:51,260.00,261.70,260.00,261.70,100,33900
20220715,14:52,258.95,260.00,258.15,258.15,1250,33900
20220715,14:54,260.95,260.95,260.05,260.05,100,33000
20220715,14:55,258.85,260.70,258.85,260.70,1400,33000
20220715,14:56,258.15,258.15,255.45,255.45,250,33000
20220715,14:59,251.00,253.65,251.00,253.65,150,33050
20220715,15:00,248.10,248.10,244.70,245.00,200,32950
20220715,15:01,240.35,244.85,240.35,243.35,600,32950
20220715,15:02,245.15,245.15,243.35,243.70,1400,32950
20220715,15:03,244.20,244.20,238.00,238.00,1450,33300
20220715,15:04,239.10,239.75,237.30,237.30,500,33300
20220715,15:05,237.30,239.35,236.25,237.35,950,33300
20220715,15:06,237.75,240.00,236.75,240.00,700,33500
20220715,15:07,235.75,235.75,233.80,233.80,200,33500
20220715,15:08,233.80,240.95,233.80,238.05,250,33500
20220715,15:09,239.15,239.15,234.80,234.80,150,33350
20220715,15:10,236.30,237.25,236.30,237.25,1100,33350
20220715,15:11,236.00,237.55,235.95,237.55,450,33350
20220715,15:12,237.00,239.80,237.00,237.30,750,33750
20220715,15:13,237.25,237.25,234.10,234.50,250,33750
20220715,15:14,235.00,235.00,233.50,233.50,450,33750
20220715,15:15,233.00,233.00,229.75,230.00,1050,33550
20220715,15:16,229.00,229.00,227.00,227.00,4300,33550
20220715,15:17,226.00,228.85,226.00,228.85,400,33550
20220715,15:18,230.05,231.15,229.75,230.15,350,33550
20220715,15:19,234.05,234.40,234.05,234.40,100,35250
20220715,15:20,235.00,237.50,234.35,236.55,1300,35250
20220715,15:21,236.55,236.55,233.45,233.45,450,34750
20220715,15:22,233.30,233.45,230.05,230.05,850,34750
20220715,15:23,231.75,233.00,231.75,231.80,900,34750
20220715,15:24,231.25,232.90,231.25,232.90,750,36200
20220715,15:25,232.75,232.75,229.05,229.05,400,36200
20220715,15:26,228.00,229.00,228.00,229.00,800,36200
20220715,15:27,228.00,231.75,228.00,230.30,3700,36750
20220715,15:28,230.60,230.60,229.80,230.45,600,36750
20220715,15:29,230.90,232.55,230.20,232.00,750,36750
20220718,09:15,161.40,171.40,160.00,160.00,10401,36350
20220718,09:16,160.00,164.95,156.50,164.65,9400,36350
20220718,09:17,165.35,166.85,165.35,166.45,5100,42850
20220718,09:18,167.30,167.30,164.95,165.00,6100,42850
20220718,09:19,164.65,165.00,162.20,162.90,3850,42850
20220718,09:20,163.00,163.80,160.90,162.90,4400,45500
20220718,09:21,161.30,162.70,160.50,162.15,1550,45500
20220718,09:22,162.00,162.00,160.10,161.80,3250,45500
20220718,09:23,163.40,164.00,161.00,162.70,1700,48200
20220718,09:24,163.20,163.75,163.10,163.75,600,48200
20220718,09:25,162.65,166.65,162.00,166.65,3050,48200
20220718,09:26,168.55,168.70,166.65,167.10,1900,50550
20220718,09:27,167.10,168.00,166.20,167.30,3100,50550
20220718,09:28,168.00,169.70,167.70,167.70,5000,50550
20220718,09:29,167.00,167.00,164.40,164.40,9450,50400
20220718,09:30,163.50,164.15,161.05,161.05,1900,50400
20220718,09:31,160.80,160.80,158.00,158.50,7400,50400
20220718,09:32,158.40,158.40,156.00,156.80,3600,55100
20220718,09:33,158.85,158.85,158.00,158.45,5150,55100
20220718,09:34,158.95,160.30,158.55,159.45,2300,55100
20220718,09:35,158.45,160.15,157.20,160.00,3800,57700
20220718,09:36,161.10,161.65,160.75,161.25,850,57700
20220718,09:37,161.25,162.80,161.25,162.25,1100,57700
20220718,09:38,162.95,165.10,162.95,164.20,900,60000
20220718,09:39,164.30,166.00,164.15,165.45,1900,60000
20220718,09:40,165.50,167.00,165.50,166.30,4450,60000
20220718,09:41,167.15,168.25,164.75,164.75,6150,57500
20220718,09:42,164.00,165.00,162.80,162.80,4100,57500
20220718,09:43,163.35,163.35,161.35,162.85,1050,57500
20220718,09:44,165.10,165.50,164.20,165.50,550,57050
20220718,09:45,164.25,166.05,162.40,162.40,1250,57050
20220718,09:46,162.00,162.00,159.90,159.95,2300,57050
20220718,09:47,160.30,161.35,159.00,160.45,4250,58200
20220718,09:48,160.10,163.35,160.10,162.90,8400,58200
20220718,09:49,162.50,166.35,162.05,165.65,1100,58200
20220718,09:50,167.00,167.00,164.65,164.65,4350,58850
20220718,09:51,164.95,166.15,163.45,163.45,2150,58850
20220718,09:52,162.75,163.75,162.50,163.75,1900,58850
20220718,09:53,163.00,163.00,161.00,162.10,1150,61450
20220718,09:54,162.40,166.85,162.40,166.85,2850,61450
20220718,09:55,167.00,167.40,163.85,163.85,1600,61450
20220718,09:56,163.00,166.50,163.00,166.50,1300,61250
20220718,09:57,166.65,168.00,163.80,163.80,2600,61250
20220718,09:58,166.05,166.05,164.00,164.30,1150,61250
20220718,09:59,164.60,164.60,162.00,162.60,2000,61700
20220718,10:00,160.80,162.70,160.80,162.70,600,61700
20220718,10:01,161.50,162.90,161.00,162.45,2500,61700
20220718,10:02,162.60,163.50,162.45,163.30,2150,63750
20220718,10:03,163.80,163.90,162.20,163.70,900,63750
20220718,10:04,164.25,164.25,163.90,163.90,200,63750
20220718,10:05,163.90,163.90,161.10,163.20,1850,64850
20220718,10:06,162.05,162.05,161.40,161.40,750,64850
20220718,10:07,161.00,161.00,158.20,160.10,7700,64850
20220718,10:08,159.70,159.80,153.65,156.10,3950,68500
20220718,10:09,156.00,156.05,154.00,154.15,2400,68500
20220718,10:10,153.50,156.30,152.75,156.30,4500,68500
20220718,10:11,156.50,158.10,156.50,157.25,1700,72950
20220718,10:12,156.60,158.00,156.60,157.60,2300,72950
20220718,10:13,157.60,157.60,154.45,154.60,5450,72950
20220718,10:14,155.15,157.70,155.15,157.00,3750,78550
20220718,10:15,156.50,156.50,153.70,154.10,6350,78550
20220718,10:16,155.55,158.05,155.55,158.05,1000,78550
20220718,10:17,158.40,160.45,158.40,159.95,1450,78800
20220718,10:18,160.50,161.40,159.60,159.65,3500,78800
20220718,10:19,159.00,160.65,159.00,159.95,1000,78800
20220718,10:20,159.50,160.35,158.65,160.35,1750,76300
20220718,10:21,160.65,161.10,160.40,160.50,1750,76300
20220718,10:22,161.00,161.40,159.90,159.90,1700,76300
20220718,10:23,158.50,158.50,155.75,156.00,1050,78000
20220718,10:24,155.55,157.50,154.85,157.50,1350,78000
20220718,10:25,158.00,158.10,157.00,157.65,600,78000
20220718,10:26,157.00,159.00,156.40,158.75,900,78350
20220718,10:27,157.95,158.25,155.30,155.95,3150,78350
20220718,10:28,156.00,156.40,155.60,156.15,300,78350
20220718,10:29,156.15,156.15,155.00,155.00,5450,82150
20220718,10:30,155.00,155.30,154.60,154.95,5700,82150
20220718,10:31,154.95,157.75,154.95,157.10,1600,82150
20220718,10:32,156.90,158.85,156.35,158.85,2100,88200
20220718,10:33,158.00,158.70,157.30,157.30,1000,88200
20220718,10:34,158.00,160.25,158.00,158.80,1250,88200
20220718,10:35,158.55,159.55,158.00,159.05,350,88900
20220718,10:36,160.00,160.00,158.00,158.00,1100,88900
20220718,10:37,160.00,160.65,159.30,159.35,1250,88900
20220718,10:38,159.15,159.30,157.20,158.40,1800,89450
20220718,10:39,157.00,159.45,156.60,159.40,2450,89450
20220718,10:40,157.30,157.85,156.95,156.95,400,89450
20220718,10:41,156.00,156.00,155.65,156.00,850,88400
20220718,10:42,156.40,157.75,156.40,157.10,2050,88400
20220718,10:43,158.00,158.25,157.40,158.25,450,88400
20220718,10:44,158.50,158.50,155.10,155.80,2500,90050
20220718,10:45,155.00,155.40,153.95,155.10,4050,90050
20220718,10:46,155.80,156.85,155.80,156.85,2950,90050
20220718,10:47,156.00,156.00,154.15,154.15,1900,93900
20220718,10:48,154.30,155.55,154.05,155.55,850,93900
20220718,10:49,156.10,157.60,155.45,157.60,8650,93900
20220718,10:50,157.30,157.35,153.00,153.05,3950,96050
20220718,10:51,153.00,153.00,150.65,152.25,7350,96050
20220718,10:52,153.20,153.75,151.95,152.25,3900,96050
20220718,10:53,152.00,152.00,149.90,151.70,2400,101500
20220718,10:54,150.65,151.35,150.00,150.00,4150,101500
20220718,10:55,150.00,150.00,147.30,147.30,6300,101500
20220718,10:56,147.30,148.35,146.25,146.80,7750,108700
20220718,10:57,146.80,147.45,145.35,147.45,5700,108700
20220718,10:58,147.00,147.15,145.45,146.00,3200,108700
20220718,10:59,146.75,147.20,145.00,145.00,6450,111600
20220718,11:00,143.55,146.40,143.55,146.20,2650,111600
20220718,11:01,146.25,147.50,146.00,146.00,2400,111600
20220718,11:02,145.55,146.20,145.30,145.75,2650,113900
20220718,11:03,145.65,145.90,144.75,145.60,3000,113900
20220718,11:04,146.10,146.10,143.50,143.50,2200,113900
20220718,11:05,143.50,144.00,141.45,142.20,4000,114700
20220718,11:06,142.50,143.00,141.35,143.00,5300,114700
20220718,11:07,144.80,146.00,144.70,145.90,2400,114700
20220718,11:08,145.45,145.95,145.15,145.65,600,114700
20220718,11:09,146.20,146.20,143.75,143.95,1250,115850
20220718,11:10,144.25,145.20,143.10,145.05,3900,115850
20220718,11:11,144.75,145.50,144.40,144.40,3050,116450
20220718,11:12,144.25,146.20,144.25,145.55,1350,116450
20220718,11:13,145.90,146.65,145.90,146.15,1250,116450
20220718,11:14,146.10,146.15,144.05,144.35,850,116650
20220718,11:15,144.35,146.25,144.35,145.70,850,116650
20220718,11:16,145.90,145.90,144.75,144.75,450,116650
20220718,11:17,145.65,145.65,144.45,144.45,900,116650
20220718,11:18,144.45,144.45,143.85,143.85,1100,117000
20220718,11:19,143.50,144.20,143.45,144.20,200,117000
20220718,11:20,144.20,144.20,142.15,142.75,1950,117350
20220718,11:21,143.40,143.40,142.75,142.75,300,117350
20220718,11:22,143.10,143.30,142.75,143.30,1550,117350
20220718,11:23,143.05,143.30,141.00,142.30,2950,117950
20220718,11:24,142.20,143.35,142.20,143.35,300,117950
20220718,11:25,143.00,145.00,143.00,145.00,1600,117950
20220718,11:26,145.05,146.45,145.05,146.45,600,117950
20220718,11:27,146.65,147.35,146.00,146.30,2000,117000
20220718,11:28,146.75,146.75,145.85,145.85,5700,117000
20220718,11:29,145.80,145.90,145.00,145.25,1350,118750
20220718,11:30,144.90,145.40,142.50,142.50,1200,118750
20220718,11:31,143.85,144.75,143.70,144.00,1750,118750
20220718,11:32,143.95,147.65,143.95,147.65,1850,118900
20220718,11:33,148.00,148.00,146.75,147.35,3000,118900
20220718,11:34,147.25,148.50,147.25,148.00,2400,118900
20220718,11:35,147.80,149.50,147.80,148.50,1150,119450
20220718,11:36,148.20,149.00,147.75,148.50,2700,119450
20220718,11:37,148.50,148.70,147.00,147.00,1100,119450
20220718,11:38,148.00,148.45,147.00,147.00,750,120200
20220718,11:39,147.25,147.45,145.60,146.05,1600,120200
20220718,11:40,146.40,147.80,146.40,147.80,850,120200
20220718,11:41,147.10,147.80,147.10,147.80,300,120700
20220718,11:42,148.00,149.10,148.00,148.25,1900,120700
20220718,11:43,148.75,149.05,147.90,147.90,2250,120700
20220718,11:44,149.20,149.70,149.10,149.15,2000,122100
20220718,11:45,149.25,149.55,147.90,147.90,650,122100
20220718,11:46,147.40,147.95,147.00,147.00,900,122100
20220718,11:47,146.50,147.00,145.90,145.90,450,122300
20220718,11:48,146.00,146.00,144.75,145.35,1650,122300
20220718,11:49,146.00,146.25,145.65,145.75,400,122300
20220718,11:51,145.40,147.00,144.75,147.00,850,122300
20220718,11:52,148.00,148.00,147.65,147.65,1000,122300
20220718,11:53,147.10,148.50,147.10,148.25,1450,122400
20220718,11:54,148.95,148.95,148.05,148.45,1050,122400
20220718,11:55,148.70,151.50,148.70,150.00,5200,122400
20220718,11:56,151.15,152.20,151.15,152.10,2600,125250
20220718,11:57,151.35,152.65,151.20,151.70,3100,125250
20220718,11:58,152.55,152.55,150.00,150.00,3250,125250
20220718,11:59,148.00,149.05,147.75,148.60,1250,125250
20220718,12:00,147.95,148.75,146.85,148.75,550,124300
20220718,12:01,148.40,149.15,146.05,147.35,3100,124300
20220718,12:02,147.55,147.55,146.10,146.50,650,124300
20220718,12:03,147.90,147.90,146.00,146.50,350,124900
20220718,12:04,147.80,147.95,146.70,147.55,1900,124900
20220718,12:05,147.00,147.00,146.80,146.80,150,124900
20220718,12:06,147.50,147.55,147.00,147.00,350,125900
20220718,12:07,146.45,146.45,145.05,145.05,3750,125900
20220718,12:08,145.85,146.00,145.50,145.95,2750,128650
20220718,12:09,145.95,145.95,144.00,144.00,3000,128650
20220718,12:10,144.50,144.50,143.10,143.10,700,128650
20220718,12:11,141.30,142.05,141.30,141.90,500,130500
20220718,12:12,141.85,142.90,141.50,142.00,2850,130500
20220718,12:13,141.90,141.90,140.35,140.35,3300,130500
20220718,12:14,140.15,142.25,140.15,142.00,650,133550
20220718,12:15,142.05,142.50,141.15,141.15,250,133550
20220718,12:16,140.35,140.70,139.50,139.80,3000,133550
20220718,12:17,139.75,139.80,138.00,139.20,1400,133550
20220718,12:18,138.90,139.45,137.90,139.25,850,134800
20220718,12:19,138.60,138.90,138.10,138.90,900,134800
20220718,12:20,138.85,140.15,138.70,140.15,450,134900
20220718,12:21,140.00,140.90,139.40,140.65,1300,134900
20220718,12:22,140.25,140.25,139.10,139.10,1150,134900
20220718,12:23,139.00,139.85,138.80,139.85,950,136450
20220718,12:24,140.75,142.25,140.75,142.00,2750,136450
20220718,12:25,142.80,143.25,142.05,142.45,2300,136450
20220718,12:26,142.15,142.30,141.20,141.80,1450,136450
20220718,12:27,141.30,141.30,140.15,140.50,300,136850
20220718,12:28,141.00,141.00,140.40,140.40,250,136850
20220718,12:29,141.00,141.10,141.00,141.10,200,136850
20220718,12:30,143.00,143.85,141.90,142.20,300,137100
20220718,12:31,142.80,143.40,141.40,141.40,1900,137100
20220718,12:33,143.90,144.15,143.00,143.00,1750,138250
20220718,12:34,144.05,145.40,144.00,145.40,800,138250
20220718,12:35,144.15,144.15,143.70,143.70,250,138250
20220718,12:36,143.95,144.90,141.50,144.90,400,136500
20220718,12:37,144.35,144.65,142.80,142.80,2100,136500
20220718,12:38,142.85,143.05,140.65,140.65,500,137050
20220718,12:39,142.20,143.00,142.20,143.00,350,137050
20220718,12:40,141.45,141.55,139.00,139.65,900,137050
20220718,12:41,140.20,140.20,139.75,139.80,150,137050
20220718,12:42,140.35,140.35,140.20,140.20,250,137150
20220718,12:43,141.00,141.00,139.80,139.80,150,137150
20220718,12:44,140.50,140.70,139.60,139.60,300,137150
20220718,12:45,139.00,139.65,138.80,139.00,1200,137350
20220718,12:46,138.30,138.45,136.35,136.35,2050,137350
20220718,12:47,136.85,138.65,136.85,137.25,3800,137350
20220718,12:48,137.95,138.30,137.95,138.30,100,139750
20220718,12:49,140.50,141.30,140.50,140.80,300,139750
20220718,12:50,141.50,142.10,140.60,140.95,3800,139750
20220718,12:51,140.70,140.70,137.15,137.70,1900,136900
20220718,12:52,136.85,137.90,136.85,136.90,1200,136900
20220718,12:53,135.00,137.15,135.00,136.95,2450,136900
20220718,12:54,138.80,139.60,138.65,138.90,3050,137900
20220718,12:55,138.65,140.40,138.60,140.40,350,137900
20220718,12:56,140.80,141.25,140.80,141.25,350,137900
20220718,12:57,139.50,139.65,138.85,138.85,700,136850
20220718,12:58,137.60,137.60,137.60,137.60,250,136850
20220718,12:59,138.05,138.05,136.90,136.90,650,136850
20220718,13:00,138.70,139.00,138.70,139.00,150,137850
20220718,13:01,139.50,139.50,136.50,137.20,250,137850
20220718,13:02,137.65,137.65,137.60,137.60,150,137850
20220718,13:03,137.60,137.60,137.40,137.40,500,138100
20220718,13:04,136.80,137.00,136.50,137.00,650,138100
20220718,13:05,137.15,137.80,137.10,137.75,550,138100
20220718,13:06,138.00,139.45,137.30,137.60,650,138150
20220718,13:07,137.65,139.10,137.65,138.75,550,138150
20220718,13:08,139.00,140.00,138.35,139.10,2350,138150
20220718,13:09,138.55,141.00,138.55,141.00,600,138000
20220718,13:10,141.50,142.30,140.05,140.05,1450,138000
20220718,13:11,140.40,140.45,139.80,139.80,650,138000
20220718,13:12,138.70,138.70,137.50,138.35,400,137750
20220718,13:13,138.10,140.40,137.80,138.75,1650,137750
20220718,13:14,139.65,139.75,138.75,138.75,200,137750
20220718,13:15,139.75,140.30,139.75,139.75,650,137950
20220718,13:16,139.40,139.40,138.25,138.55,1700,137950
20220718,13:17,139.90,139.90,139.60,139.60,150,137950
20220718,13:18,139.60,139.60,138.10,138.60,950,138450
20220718,13:19,139.25,139.95,138.60,139.95,750,138450
20220718,13:20,140.20,140.20,139.10,139.10,300,138450
20220718,13:21,139.10,139.10,139.00,139.00,150,139450
20220718,13:22,140.50,141.20,140.50,141.20,900,139450
20220718,13:23,141.20,142.55,141.20,142.50,400,139450
20220718,13:24,142.75,143.85,141.60,143.20,1950,138400
20220718,13:25,143.30,143.75,142.80,143.00,1750,138400
20220718,13:26,142.20,144.40,142.20,144.25,3000,138400
20220718,13:27,144.40,144.70,143.45,143.45,1100,138100
20220718,13:28,143.70,144.00,143.45,144.00,250,138100
20220718,13:29,143.80,144.50,143.30,144.50,250,138100
20220718,13:30,143.55,145.60,143.00,144.85,450,138450
20220718,13:31,144.80,146.15,144.45,145.85,1350,138450
20220718,13:32,146.80,147.00,143.35,143.40,1600,138450
20220718,13:33,143.80,143.80,140.25,141.10,1900,138700
20220718,13:34,141.45,142.20,141.45,142.20,200,138700
20220718,13:35,141.85,141.85,141.50,141.60,1150,138700
20220718,13:36,141.60,142.20,141.60,142.20,150,138950
20220718,13:37,141.30,142.50,141.30,142.50,2150,138950
20220718,13:38,141.60,142.10,140.00,140.00,3150,138950
20220718,13:39,140.75,140.75,138.15,139.65,3400,139150
20220718,13:40,139.70,141.15,139.70,141.00,400,139150
20220718,13:41,140.85,141.15,140.85,141.15,200,139150
20220718,13:42,138.85,138.85,137.00,138.40,2350,138250
20220718,13:43,137.30,137.95,136.90,137.95,550,138250
20220718,13:44,137.65,138.25,137.65,138.25,150,138250
20220718,13:45,137.40,137.85,137.40,137.40,1650,137850
20220718,13:46,138.85,138.85,138.85,138.85,100,137850
20220718,13:47,138.90,140.00,138.90,140.00,200,137850
20220718,13:48,139.00,139.10,139.00,139.10,150,138400
20220718,13:49,138.50,138.50,138.50,138.50,100,138400
20220718,13:50,137.45,137.45,136.55,136.95,1550,138400
20220718,13:51,136.85,138.45,136.85,138.00,300,139000
20220718,13:52,137.75,137.75,137.75,137.75,50,139000
20220718,13:53,138.50,138.50,137.70,137.70,150,139000
20220718,13:54,138.40,138.70,138.40,138.70,100,139050
20220718,13:55,137.25,137.25,136.65,136.65,100,139050
20220718,13:56,135.55,136.00,130.05,130.65,2900,139050
20220718,13:57,130.00,130.00,128.65,130.00,3050,140050
20220718,13:58,129.00,130.55,128.90,130.15,2250,140050
20220718,13:59,130.00,131.20,129.65,131.20,2150,140050
20220718,14:00,130.35,130.65,129.10,130.65,2050,142750
20220718,14:01,130.65,131.15,130.10,130.95,2150,142750
20220718,14:02,131.50,131.50,130.10,130.75,2150,142750
20220718,14:03,130.55,132.60,130.55,132.25,2200,143350
20220718,14:04,133.00,133.65,131.95,131.95,1050,143350
20220718,14:05,133.20,133.40,132.95,133.40,250,143350
20220718,14:06,134.10,134.25,133.50,133.50,2600,143700
20220718,14:07,133.90,134.00,133.45,134.00,1100,143700
20220718,14:08,132.25,132.70,131.75,131.75,900,143700
20220718,14:09,131.70,131.70,130.00,131.00,1250,144300
20220718,14:10,131.00,131.05,130.00,130.30,1350,144300
20220718,14:11,130.30,130.90,129.90,130.15,650,144300
20220718,14:12,130.00,130.95,130.00,130.80,850,144550
20220718,14:13,130.30,131.35,130.20,131.15,2400,144550
20220718,14:14,131.00,131.55,130.90,131.55,350,144550
20220718,14:15,131.30,131.30,130.40,131.10,300,146250
20220718,14:16,130.15,130.15,130.15,130.15,100,146250
20220718,14:17,131.15,131.80,131.15,131.35,2300,146250
20220718,14:18,131.55,132.25,131.55,131.70,300,146400
20220718,14:19,132.20,133.00,132.20,132.50,2550,146400
20220718,14:20,132.75,132.95,132.00,132.00,2100,146400
20220718,14:21,132.50,132.70,132.40,132.40,900,145800
20220718,14:22,131.85,132.40,130.00,130.00,1350,145800
20220718,14:23,130.00,130.65,129.10,130.15,750,145800
20220718,14:24,129.00,129.50,126.30,127.50,4150,145750
20220718,14:25,127.40,127.40,126.20,127.00,4400,145750
20220718,14:26,127.55,128.25,127.45,128.25,300,145750
20220718,14:27,128.15,128.95,128.15,128.70,600,142750
20220718,14:28,130.00,130.30,129.60,130.25,4950,142750
20220718,14:29,130.70,130.70,130.00,130.35,4900,142750
20220718,14:30,130.15,130.15,129.20,129.20,6200,140150
20220718,14:31,129.20,129.20,127.75,129.05,5050,140150
20220718,14:32,129.05,129.20,127.60,128.35,1850,140150
20220718,14:33,128.35,129.70,128.10,129.70,1750,136650
20220718,14:34,129.70,130.15,129.70,130.15,150,136650
20220718,14:35,130.50,130.80,130.25,130.80,2050,136650
20220718,14:36,132.20,133.60,132.20,133.45,1050,135550
20220718,14:37,132.05,133.80,132.05,132.95,1450,135550
20220718,14:38,132.25,132.75,132.00,132.00,1200,135550
20220718,14:39,132.20,132.25,131.70,131.85,800,135550
20220718,14:40,131.15,132.30,131.15,131.30,400,135550
20220718,14:41,131.45,131.45,129.95,130.05,600,135550
20220718,14:42,131.10,131.10,130.75,130.75,400,136100
20220718,14:43,130.20,130.30,129.80,129.90,2500,136100
20220718,14:44,128.35,128.35,126.05,126.05,2000,136100
20220718,14:45,126.05,127.00,125.05,127.00,1500,138550
20220718,14:46,127.55,127.55,127.30,127.30,250,138550
20220718,14:47,127.00,127.40,127.00,127.10,1350,138550
20220718,14:48,127.40,127.40,125.85,125.85,850,138750
20220718,14:49,125.00,125.20,123.25,123.40,3200,138750
20220718,14:50,123.25,123.65,122.30,123.00,3550,138750
20220718,14:51,123.85,123.85,122.60,122.60,1300,139250
20220718,14:52,122.25,122.25,121.50,121.85,1650,139250
20220718,14:53,121.35,122.00,120.25,120.40,2800,139250
20220718,14:54,120.65,121.10,119.70,119.70,3500,140800
20220718,14:55,119.70,121.40,119.70,120.45,2650,140800
20220718,14:56,120.60,122.00,120.25,121.95,350,140800
20220718,14:57,122.00,122.00,121.00,121.00,2800,141750
20220718,14:58,121.00,122.20,121.00,122.20,3700,141750
20220718,14:59,121.55,121.85,121.05,121.05,700,141750
20220718,15:00,120.25,120.25,116.65,117.25,7750,141100
20220718,15:01,116.90,116.90,115.30,116.65,6800,141100
20220718,15:02,116.40,116.60,114.00,114.00,4150,141100
20220718,15:03,114.00,115.00,113.00,113.25,8100,135500
20220718,15:04,113.50,115.20,113.50,115.20,5700,135500
20220718,15:05,115.00,115.25,114.40,114.65,5250,135500
20220718,15:06,114.95,115.65,113.25,113.30,7650,132350
20220718,15:07,113.30,113.30,111.90,112.55,6150,132350
20220718,15:08,112.25,113.00,111.85,112.60,8750,132350
20220718,15:09,113.00,113.80,112.20,112.20,1950,128500
20220718,15:10,113.10,114.00,112.05,114.00,10050,128500
20220718,15:11,114.15,115.05,113.40,114.60,4350,128500
20220718,15:12,115.30,115.85,114.85,115.20,2350,121650
20220718,15:13,114.50,115.75,114.50,114.90,3000,121650
20220718,15:14,115.35,116.30,115.15,115.60,1700,121650
20220718,15:15,115.35,118.10,115.35,116.80,2300,120650
20220718,15:16,116.70,116.70,113.10,113.10,2900,120650
20220718,15:17,113.45,114.25,113.25,114.15,2300,120650
20220718,15:18,114.75,114.75,113.50,113.50,1050,121950
20220718,15:19,113.85,113.85,112.60,113.25,2800,121950
20220718,15:20,113.45,114.80,113.05,113.55,4850,121950
20220718,15:21,114.00,115.00,113.20,113.35,2500,118400
20220718,15:22,113.05,113.10,112.00,112.85,4850,118400
20220718,15:23,113.00,114.25,113.00,113.50,850,118400
20220718,15:24,113.95,114.25,113.05,113.75,4000,120600
20220718,15:25,113.90,114.05,112.10,112.10,4550,120600
20220718,15:26,112.55,113.15,112.30,112.75,2000,120600
20220718,15:27,112.95,113.00,111.50,111.50,6400,121550
20220718,15:28,111.35,111.95,111.25,111.70,3050,121550
20220718,15:29,111.75,112.00,110.00,110.00,5500,121550
20220719,09:15,140.00,147.35,132.00,135.00,23401,125050
20220719,09:16,135.95,136.50,132.95,134.30,16950,125050
20220719,09:17,133.95,134.00,130.50,131.65,8850,136150
20220719,09:18,131.65,133.20,130.50,132.25,5350,136150
20220719,09:19,132.25,132.35,130.25,130.25,4200,136150
20220719,09:20,130.00,133.00,130.00,132.65,7450,138600
20220719,09:21,132.35,133.50,130.00,130.20,3550,138600
20220719,09:22,129.60,131.00,129.00,130.70,3750,138600
20220719,09:23,131.30,131.95,130.00,130.45,9550,140550
20220719,09:24,130.50,131.25,127.80,128.55,6800,140550
20220719,09:25,128.60,130.20,128.40,130.00,4150,140550
20220719,09:26,129.25,130.90,128.25,130.85,5900,139050
20220719,09:27,129.95,129.95,125.75,125.95,5050,139050
20220719,09:28,125.45,126.85,125.45,126.45,1050,139050
20220719,09:29,125.65,127.45,125.25,126.60,7750,143550
20220719,09:30,125.80,126.20,124.00,124.00,3900,143550
20220719,09:31,123.85,125.00,122.90,125.00,10000,143550
20220719,09:32,124.75,125.55,124.00,125.15,5800,149500
20220719,09:33,125.55,127.85,125.55,126.90,7300,149500
20220719,09:34,127.20,128.85,127.20,128.15,2350,149500
20220719,09:35,128.60,129.95,128.30,129.85,4300,152550
20220719,09:36,130.00,130.30,129.20,129.65,12450,152550
20220719,09:37,128.80,129.25,128.25,128.25,1800,152550
20220719,09:38,128.25,130.00,128.25,129.35,850,156400
20220719,09:39,130.20,131.00,130.15,130.80,2450,156400
20220719,09:40,130.55,131.10,128.00,128.00,1350,156400
20220719,09:41,128.45,128.45,126.80,127.50,1050,156150
20220719,09:42,127.50,127.50,122.25,123.20,8150,156150
20220719,09:43,123.15,123.15,120.80,122.60,5100,156150
20220719,09:44,122.85,123.50,122.10,123.40,4400,156050
20220719,09:45,123.00,123.80,120.50,121.35,5650,156050
20220719,09:46,121.15,121.15,119.25,121.00,5150,156050
20220719,09:47,121.00,121.20,120.30,120.30,3200,157200
20220719,09:48,119.00,120.00,118.50,120.00,6400,157200
20220719,09:49,120.60,122.00,120.60,121.30,2150,157200
20220719,09:50,121.00,121.00,119.80,119.80,4200,159900
20220719,09:51,118.80,119.80,118.50,119.20,550,159900
20220719,09:52,118.40,118.40,116.75,116.75,1550,159900
20220719,09:53,116.10,117.15,115.80,116.85,2700,160600
20220719,09:54,117.55,118.35,117.15,117.85,4100,160600
20220719,09:55,118.15,120.10,118.15,119.05,5000,160600
20220719,09:56,119.50,122.05,119.50,120.50,1150,161500
20220719,09:57,122.15,122.15,120.75,121.50,650,161500
20220719,09:58,122.10,122.10,120.60,121.05,5450,161500
20220719,09:59,120.50,120.50,119.00,119.40,1350,159950
20220719,10:00,119.60,121.50,119.50,121.50,1400,159950
20220719,10:01,121.25,121.35,120.20,120.45,750,159950
20220719,10:02,120.25,122.15,120.25,120.85,700,160900
20220719,10:03,120.05,120.05,120.00,120.00,100,160900
20220719,10:04,118.85,119.50,118.85,119.50,1700,160900
20220719,10:05,120.10,122.00,120.10,122.00,600,159550
20220719,10:06,122.00,122.50,121.50,122.25,2100,159550
20220719,10:07,122.25,122.25,120.45,120.45,550,159550
20220719,10:08,120.10,120.10,117.45,117.45,2850,159900
20220719,10:09,117.00,117.55,115.00,115.55,1700,159900
20220719,10:10,115.65,115.65,114.30,115.55,2250,159900
20220719,10:11,115.30,115.30,113.60,114.30,1500,161200
20220719,10:12,113.20,114.20,113.20,114.20,1750,161200
20220719,10:13,114.20,115.35,114.10,115.35,1200,161200
20220719,10:14,115.75,115.80,115.15,115.65,750,162100
20220719,10:15,115.55,116.00,115.45,115.50,600,162100
20220719,10:16,116.00,117.00,116.00,117.00,1000,162100
20220719,10:17,116.55,116.55,114.05,114.25,600,162650
20220719,10:18,114.00,115.00,114.00,115.00,850,162650
20220719,10:19,114.70,114.70,114.70,114.70,50,162650
20220719,10:20,117.00,117.20,116.15,116.15,2750,162600
20220719,10:21,116.00,117.65,115.55,117.55,800,162600
20220719,10:22,117.75,118.85,117.35,117.35,950,162600
20220719,10:23,116.85,116.85,115.15,115.40,450,162850
20220719,10:24,115.05,115.40,113.65,113.75,4850,162850
20220719,10:25,114.80,117.00,114.15,117.00,3250,162850
20220719,10:26,118.00,118.15,116.85,117.50,850,163250
20220719,10:27,118.00,118.00,118.00,118.00,250,163250
20220719,10:28,117.95,119.20,117.95,119.20,600,163250
20220719,10:29,119.15,119.55,118.75,119.55,250,163250
20220719,10:30,118.65,121.15,118.65,120.45,1700,163100
20220719,10:31,119.75,119.75,118.85,118.85,550,163100
20220719,10:32,118.40,118.40,117.70,117.70,1000,164100
20220719,10:33,117.95,118.70,117.85,118.70,1100,164100
20220719,10:34,119.00,119.00,117.70,118.90,700,164100
20220719,10:35,116.95,116.95,116.25,116.25,250,164100
20220719,10:36,116.30,116.30,115.20,116.15,850,164100
20220719,10:37,116.70,118.25,116.70,118.15,600,164100
20220719,10:38,117.15,117.15,116.00,116.40,300,164150
20220719,10:39,116.60,116.60,113.90,114.00,2700,164150
20220719,10:40,113.85,113.85,112.55,113.10,1600,164150
20220719,10:41,112.85,112.85,111.50,111.50,1450,165000
20220719,10:42,111.50,113.45,111.50,113.45,750,165000
20220719,10:43,113.65,113.85,112.15,112.45,1250,165000
20220719,10:44,112.05,112.20,111.25,111.50,2050,165750
20220719,10:45,111.20,113.55,111.20,113.40,1650,165750
20220719,10:46,113.60,114.30,113.55,114.00,500,165750
20220719,10:47,113.55,113.55,112.00,112.00,250,166600
20220719,10:48,111.70,112.00,109.10,109.10,1600,166600
20220719,10:49,109.10,109.15,108.60,109.15,700,166600
20220719,10:50,109.00,110.40,109.00,110.05,550,167100
20220719,10:51,110.65,110.65,109.90,110.05,650,167100
20220719,10:52,110.35,110.80,110.35,110.35,300,167100
20220719,10:53,110.60,111.50,110.60,111.50,200,167300
20220719,10:54,111.20,111.25,110.60,110.70,250,167300
20220719,10:55,110.30,110.90,109.75,109.75,800,167300
20220719,10:56,110.10,110.10,106.50,106.50,1850,167300
20220719,10:57,106.75,107.70,106.70,106.80,3250,167900
20220719,10:58,106.70,107.00,105.70,106.05,1050,167900
20220719,10:59,107.00,107.00,105.90,106.55,3000,168350
20220719,11:00,106.00,107.35,105.70,107.35,2400,168350
20220719,11:01,107.15,107.15,106.35,106.45,2950,168350
20220719,11:02,107.15,107.15,106.00,106.05,350,173250
20220719,11:03,106.00,106.10,105.75,106.00,550,173250
20220719,11:04,105.65,105.65,105.00,105.00,2300,173250
20220719,11:05,105.25,105.25,103.55,103.90,6050,172350
20220719,11:06,103.95,104.00,103.80,103.80,400,172350
20220719,11:07,103.80,104.30,103.55,104.30,1300,172350
20220719,11:08,104.40,105.20,104.40,105.00,1450,172350
20220719,11:09,104.50,104.50,102.80,103.65,3150,171450
20220719,11:10,103.50,103.95,103.15,103.30,2100,171450
20220719,11:11,103.75,104.10,103.20,103.35,900,170050
20220719,11:12,102.70,103.55,102.70,102.75,3400,170050
20220719,11:13,102.90,103.40,102.60,103.35,2100,170050
20220719,11:14,103.55,104.85,103.55,104.55,2000,166900
20220719,11:15,104.60,105.50,104.60,105.50,3200,166900
20220719,11:16,104.75,106.70,104.75,106.30,6900,166900
20220719,11:17,105.60,108.50,105.60,108.50,1350,170250
20220719,11:18,108.15,108.50,107.75,108.25,2950,170250
20220719,11:19,107.75,109.00,107.70,108.65,950,170250
20220719,11:20,108.05,108.05,107.50,107.55,1350,170450
20220719,11:21,107.00,107.55,106.50,106.80,950,170450
20220719,11:22,106.05,106.10,105.35,105.50,1950,170450
20220719,11:23,105.80,107.00,105.80,107.00,1050,170450
20220719,11:24,106.20,106.20,105.85,105.85,550,170450
20220719,11:25,106.45,108.90,106.45,108.90,200,170450
20220719,11:26,107.45,108.00,107.45,108.00,350,170450
20220719,11:27,109.10,111.00,109.10,111.00,500,170500
20220719,11:28,111.25,112.10,111.20,111.80,1450,170500
20220719,11:29,112.50,114.00,112.40,114.00,5550,171300
20220719,11:30,115.00,116.00,114.10,115.40,6900,171300
20220719,11:31,113.75,115.35,112.45,112.45,1850,171300
20220719,11:32,112.00,112.00,109.05,110.10,2750,171300
20220719,11:33,112.00,112.25,111.25,112.15,3250,173600
20220719,11:34,111.60,112.25,110.95,112.25,3150,173600
20220719,11:35,112.30,113.10,112.30,112.30,600,174250
20220719,11:36,113.40,115.25,113.40,114.70,2950,174250
20220719,11:37,114.60,116.65,114.45,116.05,1000,174250
20220719,11:38,116.45,117.10,113.00,113.45,2950,175850
20220719,11:39,112.85,113.35,112.85,113.25,1050,175850
20220719,11:40,113.20,113.20,111.90,113.00,1050,175850
20220719,11:41,113.05,118.05,113.05,117.80,550,174700
20220719,11:42,118.45,118.80,117.45,118.50,2600,174700
20220719,11:43,118.20,119.75,118.20,119.25,900,174700
20220719,11:44,119.90,121.05,119.80,120.75,4450,172850
20220719,11:45,123.00,125.85,122.25,125.05,11500,172850
20220719,11:46,124.85,126.30,120.00,121.25,6250,172850
20220719,11:47,121.00,121.00,117.00,118.10,5200,168300
20220719,11:48,118.40,120.00,117.95,120.00,550,168300
20220719,11:49,119.30,123.30,119.30,123.30,3700,168300
20220719,11:50,123.55,124.10,120.60,121.15,4450,168050
20220719,11:51,121.35,122.35,120.65,120.70,1950,168050
20220719,11:52,120.60,120.60,119.10,120.05,1200,168050
20220719,11:53,121.00,122.00,119.95,119.95,1300,167650
20220719,11:54,121.55,122.80,121.55,122.80,1200,167650
20220719,11:55,123.90,124.10,123.00,123.25,2350,167650
20220719,11:56,122.20,122.20,122.20,122.20,150,167650
20220719,11:57,121.05,121.05,118.90,118.90,1700,167450
20220719,11:58,117.35,117.35,115.30,117.30,3250,167450
20220719,11:59,117.00,117.00,115.00,116.10,400,169250
20220719,12:00,116.10,117.00,115.45,117.00,2150,169250
20220719,12:01,115.75,115.75,113.30,114.00,2100,169250
20220719,12:02,114.50,115.90,114.30,114.30,2750,169250
20220719,12:03,117.00,117.85,117.00,117.45,700,171650
20220719,12:04,114.95,115.60,114.20,115.60,1500,171650
20220719,12:05,114.20,115.10,112.75,112.75,650,171200
20220719,12:06,113.30,115.40,113.30,114.00,3050,171200
20220719,12:07,113.30,113.70,112.80,112.90,250,171200
20220719,12:09,115.70,116.40,115.50,115.65,600,171400
20220719,12:10,115.05,115.55,114.75,114.80,800,171400
20220719,12:11,114.00,114.00,111.45,112.40,1500,171250
20220719,12:12,112.25,112.25,109.45,109.65,3900,171250
20220719,12:13,109.65,109.65,107.05,107.40,1700,171250
20220719,12:14,108.45,109.15,108.45,108.85,1250,169700
20220719,12:15,108.50,109.00,107.00,107.60,1650,169700
20220719,12:16,107.45,107.45,105.85,105.85,650,169700
20220719,12:17,105.90,107.40,105.90,107.05,250,169700
20220719,12:18,108.60,109.00,107.90,107.90,350,169850
20220719,12:19,108.20,109.65,108.20,109.65,600,169850
20220719,12:20,109.85,111.75,109.45,111.75,1800,169600
20220719,12:21,110.85,111.15,108.00,108.00,800,169600
20220719,12:22,107.85,108.00,106.55,108.00,1600,169600
20220719,12:23,107.55,108.35,106.50,107.05,1100,169950
20220719,12:24,106.95,108.30,106.95,108.30,500,169950
20220719,12:25,108.15,110.20,108.15,109.60,650,169950
20220719,12:26,110.15,112.00,110.15,112.00,350,169950
20220719,12:27,110.50,110.60,108.70,108.70,250,170400
20220719,12:28,110.10,110.10,109.95,110.00,150,170400
20220719,12:29,109.65,109.65,109.20,109.20,150,170400
20220719,12:30,108.40,113.70,108.40,109.00,1250,170500
20220719,12:31,109.00,109.00,106.05,106.05,1300,170500
20220719,12:32,106.20,106.20,104.00,105.15,3700,171950
20220719,12:33,105.10,106.25,101.45,103.30,5600,171950
20220719,12:34,102.30,104.90,102.20,103.80,2400,171950
20220719,12:35,102.95,104.00,102.50,103.15,4700,170750
20220719,12:36,103.05,103.35,101.60,102.20,1550,170750
20220719,12:37,102.90,102.90,102.90,102.90,350,170750
20220719,12:38,103.10,105.00,102.50,104.00,1100,171050
20220719,12:39,104.15,106.40,104.15,105.70,2650,171050
20220719,12:40,105.95,105.95,104.05,104.55,1250,171050
20220719,12:41,104.55,104.55,102.70,103.00,1350,171050
20220719,12:42,103.80,103.80,103.70,103.70,200,171700
20220719,12:43,105.85,105.85,104.95,105.15,250,171700
20220719,12:44,106.00,106.00,104.10,104.10,1700,171700
20220719,12:45,105.35,105.45,103.05,103.60,1000,171650
20220719,12:46,104.00,106.25,103.30,106.25,800,171650
20220719,12:47,106.60,107.25,104.00,104.00,2300,171650
20220719,12:48,103.85,105.30,103.55,103.65,1450,172900
20220719,12:49,103.85,105.90,103.85,105.35,4000,172900
20220719,12:50,105.90,105.95,104.30,104.90,7000,174950
20220719,12:51,106.00,108.60,106.00,108.60,4800,174950
20220719,12:52,107.75,109.25,106.75,108.35,3850,174950
20220719,12:53,108.95,109.10,108.20,109.05,2100,178350
20220719,12:54,108.55,110.00,108.55,108.80,4850,178350
20220719,12:55,107.70,107.70,105.75,105.75,1200,178350
20220719,12:56,106.30,108.65,106.30,106.85,3950,178350
20220719,12:57,105.50,106.40,105.00,106.40,350,175900
20220719,12:58,107.75,107.75,107.75,107.75,400,175900
20220719,12:59,106.40,107.10,105.60,106.60,3150,175900
20220719,13:00,107.80,109.40,107.10,109.40,3000,175600
20220719,13:01,109.90,111.05,109.15,111.00,2350,175600
20220719,13:02,111.00,112.20,110.15,110.40,2150,175600
20220719,13:03,110.60,111.35,110.20,110.60,2150,177150
20220719,13:04,110.40,114.40,110.05,114.10,1300,177150
20220719,13:05,114.45,114.45,114.00,114.00,2150,177150
20220719,13:06,112.50,113.50,111.75,112.00,2550,176950
20220719,13:07,112.35,113.70,111.45,111.70,950,176950
20220719,13:08,112.00,114.00,110.60,113.95,900,176950
20220719,13:09,114.50,115.20,111.85,111.85,15200,176800
20220719,13:10,111.95,115.80,111.95,115.80,3250,176800
20220719,13:11,116.00,116.65,114.65,116.60,1550,176800
20220719,13:12,116.80,117.70,116.00,117.15,6650,177550
20220719,13:13,116.75,116.85,114.80,116.45,3250,177550
20220719,13:14,116.80,119.70,116.80,118.75,4300,177550
20220719,13:15,119.50,121.00,118.95,119.85,4200,176550
20220719,13:16,120.00,120.70,117.80,117.95,8050,176550
20220719,13:17,118.65,118.90,113.45,114.85,2800,176550
20220719,13:18,114.50,115.30,113.00,115.00,3650,177450
20220719,13:19,114.90,115.10,113.80,114.80,850,177450
20220719,13:20,114.15,114.90,113.80,114.90,1250,177450
20220719,13:21,114.00,115.50,114.00,115.50,1000,177700
20220719,13:22,115.15,116.40,114.25,114.30,2650,177700
20220719,13:23,114.75,115.65,113.00,115.45,650,177700
20220719,13:24,116.00,117.30,116.00,116.00,2050,178150
20220719,13:25,120.00,120.15,119.90,120.15,350,178150
20220719,13:26,119.00,119.40,117.85,118.90,2150,178150
20220719,13:27,119.30,120.00,119.00,120.00,800,178450
20220719,13:28,119.90,120.10,115.35,117.05,3150,178450
20220719,13:29,116.85,116.85,114.65,115.70,4500,178450
20220719,13:30,117.05,118.50,114.00,114.05,2150,177700
20220719,13:31,114.35,116.10,114.35,116.05,2450,177700
20220719,13:32,115.25,115.45,112.45,113.20,4600,177700
20220719,13:33,113.50,114.70,111.10,113.30,5500,178000
20220719,13:34,113.60,116.20,113.30,115.55,2550,178000
20220719,13:35,115.35,118.75,113.80,113.80,3750,178000
20220719,13:36,114.30,114.65,111.45,112.50,4400,177500
20220719,13:37,112.65,114.25,111.85,113.00,6400,177500
20220719,13:38,113.75,114.15,110.10,111.25,2250,177500
20220719,13:39,111.10,111.90,109.40,111.90,3700,175600
20220719,13:40,110.80,113.00,110.80,112.00,1750,175600
20220719,13:41,110.00,110.30,108.70,109.15,2000,175600
20220719,13:42,109.45,111.50,107.80,111.50,3750,175750
20220719,13:43,111.50,111.65,109.00,111.40,1400,175750
20220719,13:44,111.35,111.35,109.60,109.60,1850,175750
20220719,13:45,109.00,111.90,109.00,111.60,1000,176050
20220719,13:46,111.45,113.00,110.00,110.75,3400,176050
20220719,13:47,110.75,112.30,110.75,111.50,1350,176050
20220719,13:48,111.70,111.95,110.05,110.05,1600,176200
20220719,13:49,110.15,110.30,108.80,109.55,1700,176200
20220719,13:50,109.50,109.50,108.60,109.20,300,176200
20220719,13:51,108.85,110.60,108.85,109.95,550,175650
20220719,13:52,108.60,110.50,108.30,110.50,1450,175650
20220719,13:53,110.65,111.40,110.65,111.00,2950,175650
20220719,13:54,110.55,110.55,108.25,108.25,2500,175450
20220719,13:55,108.75,111.90,108.45,111.60,1450,175450
20220719,13:56,111.60,111.60,109.55,110.85,550,175450
20220719,13:57,110.00,110.65,110.00,110.20,350,175250
20220719,13:58,109.75,109.75,105.00,106.45,1850,175250
20220719,13:59,106.90,108.65,105.70,108.65,1400,175250
20220719,14:00,108.40,109.15,105.85,106.95,2650,175600
20220719,14:01,107.50,107.75,105.70,105.70,700,175600
20220719,14:02,105.55,106.10,105.35,105.45,1650,175600
20220719,14:03,104.75,105.50,104.00,104.15,1650,175400
20220719,14:04,103.25,104.95,102.65,102.65,900,175400
20220719,14:05,102.95,103.60,102.60,103.05,1450,175400
20220719,14:06,102.60,104.45,102.60,103.65,350,176700
20220719,14:07,104.25,104.25,102.30,102.60,2400,176700
20220719,14:08,103.00,103.90,101.60,101.60,1550,176700
20220719,14:09,101.65,103.95,101.45,103.95,2000,176050
20220719,14:10,103.40,104.75,103.40,103.75,550,176050
20220719,14:11,104.55,105.85,104.55,105.35,400,176050
20220719,14:12,105.35,106.30,105.35,105.95,200,175200
20220719,14:13,106.20,106.20,104.60,105.75,1250,175200
20220719,14:14,105.00,105.35,104.05,105.35,600,175200
20220719,14:15,108.05,113.90,108.05,110.45,6350,176200
20220719,14:16,110.50,113.00,109.70,111.00,5150,176200
20220719,14:17,110.80,110.80,109.65,109.75,1050,176200
20220719,14:18,109.85,110.10,102.45,102.95,6350,175900
20220719,14:19,103.95,105.10,101.10,104.50,3300,175900
20220719,14:20,104.25,105.00,103.70,104.50,300,175900
20220719,14:21,106.55,106.55,101.80,101.80,1500,175900
20220719,14:22,101.90,104.95,101.90,104.60,600,175900
20220719,14:23,103.80,105.00,103.25,103.45,1400,175900
20220719,14:24,103.15,104.55,102.80,104.55,650,175000
20220719,14:25,104.35,104.35,102.45,102.45,2300,175000
20220719,14:26,102.40,103.50,100.70,100.70,3300,175000
20220719,14:27,100.70,101.45,96.40,97.55,3900,174500
20220719,14:28,97.95,98.50,94.55,96.00,6050,174500
20220719,14:29,96.00,96.75,95.10,96.75,3300,174500
20220719,14:30,96.65,97.90,96.05,97.15,4050,174650
20220719,14:31,97.15,97.15,93.40,93.40,7250,174650
20220719,14:32,93.00,95.20,92.90,94.00,4800,174650
20220719,14:33,94.65,95.30,93.95,95.30,5200,174650
20220719,14:34,94.95,95.30,92.90,93.20,3000,174650
20220719,14:35,93.00,94.40,91.85,91.85,1600,174650
20220719,14:36,91.80,92.70,90.90,91.50,7350,177000
20220719,14:37,91.30,91.85,89.40,90.55,10350,177000
20220719,14:38,89.85,90.20,88.70,88.70,5600,177000
20220719,14:39,89.90,91.30,89.60,90.25,5150,184250
20220719,14:40,90.20,90.35,88.15,88.15,2500,184250
20220719,14:41,88.40,89.20,87.30,88.00,8300,184250
20220719,14:42,88.80,90.60,88.80,90.60,8350,185350
20220719,14:43,90.25,91.75,89.70,91.00,2850,185350
20220719,14:44,90.90,92.40,90.90,92.25,3850,185350
20220719,14:45,91.45,93.00,91.05,93.00,5300,184600
20220719,14:46,92.80,92.80,91.05,91.05,7600,184600
20220719,14:47,91.55,92.65,90.90,92.65,7750,184600
20220719,14:48,92.60,93.70,91.60,93.05,9300,184850
20220719,14:49,92.80,93.60,90.30,91.35,5800,184850
20220719,14:50,91.40,92.45,91.20,91.40,2500,184850
20220719,14:51,91.90,91.90,90.80,90.85,1350,186850
20220719,14:52,90.65,90.65,86.85,87.25,5350,186850
20220719,14:53,86.80,87.70,85.65,86.70,6500,186850
20220719,14:54,86.75,87.75,86.30,86.30,2000,188200
20220719,14:55,87.10,88.35,86.70,87.65,1500,188200
20220719,14:56,88.20,88.20,87.75,87.95,3200,188200
20220719,14:57,88.10,88.60,87.30,87.85,6650,185050
20220719,14:58,88.25,88.70,86.75,86.75,4950,185050
20220719,14:59,86.50,87.60,86.50,87.60,4550,185050
20220719,15:00,87.70,88.15,86.00,86.00,2000,183100
20220719,15:01,86.35,87.25,86.00,86.95,2100,183100
20220719,15:02,86.60,86.75,86.00,86.75,2150,183100
20220719,15:03,87.00,89.95,87.00,88.65,7300,185150
20220719,15:04,87.90,88.75,86.00,86.00,5050,185150
20220719,15:05,85.95,88.40,85.95,88.30,3300,185150
20220719,15:06,87.75,87.75,86.70,87.15,1350,187600
20220719,15:07,87.00,87.00,85.90,86.15,2000,187600
20220719,15:08,87.40,88.05,87.40,88.00,1700,187600
20220719,15:09,87.70,88.00,85.90,85.95,3650,188300
20220719,15:10,86.65,86.75,85.90,86.75,4550,188300
20220719,15:11,86.65,87.35,86.10,86.60,2050,188300
20220719,15:12,86.05,86.10,85.30,85.30,1400,188800
20220719,15:13,85.30,86.00,84.60,86.00,3550,188800
20220719,15:14,85.85,87.10,85.85,87.10,3850,188800
20220719,15:15,86.95,87.30,86.25,86.50,3800,188950
20220719,15:16,86.80,88.50,86.70,88.45,4450,188950
20220719,15:17,88.40,91.95,88.40,91.95,13900,188950
20220719,15:18,92.65,93.75,91.05,92.05,6350,186150
20220719,15:19,92.65,93.35,90.75,91.10,5100,186150
20220719,15:20,91.90,92.25,87.20,88.00,5900,186150
20220719,15:21,88.00,89.85,88.00,88.50,3600,184750
20220719,15:22,89.00,89.45,88.35,88.40,4500,184750
20220719,15:23,88.75,90.05,88.15,90.05,3350,184750
20220719,15:24,90.05,90.95,89.40,89.75,9350,182600
20220719,15:25,90.10,90.50,88.90,89.00,6150,182600
20220719,15:26,89.00,89.55,88.55,89.00,2000,182600
20220719,15:27,89.35,89.55,88.25,88.70,4700,182000
20220719,15:28,88.15,89.45,88.15,88.60,8850,182000
20220719,15:29,89.05,89.45,88.50,89.45,2450,182000
20220719,15:30,89.50,89.50,89.50,89.50,150,182000
20220720,09:15,58.25,58.30,36.20,42.15,14552,181600
20220720,09:16,42.15,42.15,39.85,40.85,34500,181600
20220720,09:17,40.60,41.25,39.30,39.30,47250,171800
20220720,09:18,39.00,39.90,38.50,39.20,30000,171800
20220720,09:19,39.25,39.60,38.40,39.30,16800,171800
20220720,09:20,39.20,39.25,37.95,38.55,12100,160250
20220720,09:21,38.75,39.45,38.10,39.40,19300,160250
20220720,09:22,39.15,41.05,39.15,41.05,25650,160250
20220720,09:23,41.05,41.05,40.40,40.70,12150,161050
20220720,09:24,40.85,40.85,39.60,39.60,6650,161050
20220720,09:25,39.95,40.60,39.25,39.25,4100,161050
20220720,09:26,39.30,39.60,38.65,38.95,4900,167700
20220720,09:27,38.80,39.10,38.35,38.35,3250,167700
20220720,09:28,38.60,38.60,37.65,37.70,3050,167700
20220720,09:29,37.70,37.90,37.00,37.00,5950,168050
20220720,09:30,36.65,37.20,36.15,37.10,16300,168050
20220720,09:31,36.80,38.10,36.80,38.10,12500,168050
20220720,09:32,38.00,38.90,38.00,38.90,16650,158200
20220720,09:33,39.05,39.25,38.30,39.20,7450,158200
20220720,09:34,39.80,39.80,39.20,39.25,3850,158200
20220720,09:35,39.30,39.65,38.60,39.40,5450,159350
20220720,09:36,39.65,39.90,39.00,39.90,2050,159350
20220720,09:37,40.00,40.45,39.70,40.15,4050,159350
20220720,09:38,40.25,40.25,39.40,39.40,7500,155850
20220720,09:39,39.40,40.20,39.30,39.35,3100,155850
20220720,09:40,39.35,39.40,38.65,38.65,2150,155850
20220720,09:41,38.35,39.15,38.35,38.80,2650,157050
20220720,09:42,38.80,38.85,38.15,38.85,2300,157050
20220720,09:43,38.70,38.70,38.00,38.25,1750,157050
20220720,09:44,37.95,38.05,37.55,38.05,7200,157300
20220720,09:45,37.95,39.05,37.85,39.00,11100,157300
20220720,09:46,38.65,38.80,38.00,38.05,3550,157300
20220720,09:47,38.70,39.30,38.70,39.25,5350,152700
20220720,09:48,39.40,39.90,38.85,39.80,2900,152700
20220720,09:49,39.80,40.35,39.50,40.05,1900,152700
20220720,09:50,40.00,40.65,39.95,39.95,4950,151950
20220720,09:51,40.00,40.20,39.60,39.60,3250,151950
20220720,09:52,39.70,39.85,39.45,39.50,8250,151950
20220720,09:53,39.50,39.90,39.00,39.55,4850,148450
20220720,09:54,39.70,40.05,39.70,39.90,9850,148450
20220720,09:55,39.90,40.00,39.35,39.40,3550,148450
20220720,09:56,39.30,39.90,39.25,39.65,2550,154200
20220720,09:57,40.00,41.00,40.00,40.90,1250,154200
20220720,09:58,40.70,41.15,40.30,41.15,4350,154200
20220720,09:59,41.30,41.65,41.30,41.60,1000,156850
20220720,10:00,41.75,41.75,41.10,41.25,4950,156850
20220720,10:01,41.30,41.40,40.65,41.40,1100,156850
20220720,10:02,41.40,41.80,41.20,41.35,900,155550
20220720,10:03,41.80,41.80,41.20,41.45,2150,155550
20220720,10:04,41.60,41.75,41.00,41.00,1200,155550
20220720,10:05,41.05,41.30,40.75,40.90,1700,156050
20220720,10:06,39.95,40.60,39.95,40.60,1450,156050
20220720,10:07,40.60,42.15,40.55,41.15,5150,156050
20220720,10:08,41.25,41.70,41.00,41.50,1400,155050
20220720,10:09,41.60,42.10,41.10,41.45,1400,155050
20220720,10:10,41.70,41.70,39.50,40.70,3150,155050
20220720,10:11,40.65,40.65,39.50,39.70,6600,155850
20220720,10:12,39.50,39.60,39.10,39.30,2950,155850
20220720,10:13,39.30,39.90,39.20,39.20,1500,155850
20220720,10:14,39.40,39.75,39.40,39.60,2700,156350
20220720,10:15,39.65,40.00,39.50,39.60,1700,156350
20220720,10:16,39.75,39.80,39.50,39.80,400,156350
20220720,10:17,39.50,40.65,39.50,40.65,4100,156350
20220720,10:18,40.65,40.65,40.25,40.25,1850,158500
20220720,10:19,39.95,40.30,39.95,40.05,2300,158500
20220720,10:20,40.15,40.85,40.15,40.35,950,156200
20220720,10:21,40.35,40.35,40.10,40.25,300,156200
20220720,10:22,40.75,40.75,39.75,40.70,2500,156200
20220720,10:23,40.45,40.70,39.60,39.60,1450,155300
20220720,10:24,40.05,40.05,39.55,39.95,750,155300
20220720,10:25,39.90,40.50,39.70,40.50,1600,155300
20220720,10:26,40.00,40.25,40.00,40.25,600,153900
20220720,10:27,40.45,40.75,40.10,40.65,2400,153900
20220720,10:28,40.75,40.95,40.70,40.70,700,153900
20220720,10:29,40.70,40.70,40.40,40.40,250,152850
20220720,10:30,40.50,40.95,40.40,40.95,600,152850
20220720,10:31,40.50,41.05,40.50,41.00,1800,152850
20220720,10:32,40.20,40.85,40.20,40.70,750,154500
20220720,10:33,40.75,40.75,40.45,40.55,1600,154500
20220720,10:34,40.70,41.85,40.60,40.60,1400,154500
20220720,10:35,40.30,41.40,39.90,40.00,1600,156400
20220720,10:36,40.25,40.30,39.10,39.90,4100,156400
20220720,10:37,39.85,40.05,39.70,40.00,2050,156400
20220720,10:38,40.35,40.50,40.10,40.25,2150,160550
20220720,10:39,40.35,40.35,39.95,40.00,2050,160550
20220720,10:40,39.95,40.50,39.95,40.50,700,160550
20220720,10:41,40.05,40.50,40.05,40.40,850,157400
20220720,10:42,40.50,41.05,40.35,40.55,1100,157400
20220720,10:43,40.30,40.50,40.30,40.50,150,157400
20220720,10:44,40.40,40.45,40.40,40.45,100,157400
20220720,10:45,40.45,40.55,40.40,40.55,1300,158300
20220720,10:46,40.55,40.55,40.00,40.25,850,158300
20220720,10:47,40.25,40.45,40.20,40.20,450,158300
20220720,10:48,40.40,40.40,40.00,40.20,450,158700
20220720,10:49,40.30,40.30,40.15,40.30,850,158700
20220720,10:50,39.95,40.45,39.95,40.30,2500,158700
20220720,10:51,39.95,40.30,39.50,40.30,900,160150
20220720,10:52,40.20,40.35,40.20,40.35,300,160150
20220720,10:53,40.40,40.40,39.55,40.20,800,159700
20220720,10:54,40.05,40.20,39.70,39.70,550,159700
20220720,10:55,39.80,39.80,39.40,39.40,600,159700
20220720,10:56,39.40,40.00,39.40,40.00,2000,160050
20220720,10:58,39.55,39.85,39.55,39.70,750,160050
20220720,10:59,38.95,39.05,38.70,39.05,2600,160050
20220720,11:00,38.90,39.40,38.90,39.25,1950,160500
20220720,11:01,39.55,39.65,39.40,39.65,1750,160500
20220720,11:02,39.90,40.25,39.90,40.25,200,160500
20220720,11:03,40.45,40.50,40.30,40.30,1650,159300
20220720,11:04,40.30,40.35,40.30,40.35,150,159300
20220720,11:05,40.15,40.15,40.15,40.15,150,159300
20220720,11:06,40.00,40.00,38.80,39.00,2350,158700
20220720,11:07,38.85,39.05,38.50,39.05,850,158700
20220720,11:08,38.90,39.10,38.45,38.45,300,157700
20220720,11:09,38.60,38.65,38.45,38.65,500,157700
20220720,11:10,38.65,39.00,38.60,38.80,900,157700
20220720,11:11,38.80,38.95,38.55,38.95,1700,157700
20220720,11:12,38.85,39.00,38.75,39.00,900,156900
20220720,11:13,39.00,39.45,39.00,39.45,2900,156900
20220720,11:14,39.00,39.20,39.00,39.20,800,156850
20220720,11:15,39.45,39.80,39.35,39.80,4100,156850
20220720,11:16,39.35,39.40,39.00,39.00,800,156850
20220720,11:17,39.00,39.10,38.70,39.10,1650,156850
20220720,11:18,39.30,39.30,39.25,39.25,450,152950
20220720,11:19,39.25,39.40,39.05,39.05,1050,152950
20220720,11:20,39.20,39.30,38.85,39.25,1200,153650
20220720,11:21,39.10,39.40,39.00,39.00,1150,153650
20220720,11:22,39.15,39.30,38.95,39.30,550,153650
20220720,11:23,39.60,39.60,39.50,39.60,650,153650
20220720,11:24,39.50,39.95,39.50,39.80,650,154100
20220720,11:25,39.70,40.25,39.70,40.25,900,154100
20220720,11:26,40.25,40.30,40.25,40.30,400,154100
20220720,11:27,40.30,40.35,40.00,40.10,700,154300
20220720,11:28,40.00,40.00,39.50,39.65,250,154300
20220720,11:29,39.90,39.90,39.60,39.60,1900,153200
20220720,11:30,39.70,40.05,39.50,39.50,600,153200
20220720,11:31,39.65,40.25,39.65,39.95,450,153200
20220720,11:32,39.80,39.80,39.80,39.80,1050,153200
20220720,11:33,39.80,39.80,39.25,39.35,250,152450
20220720,11:34,39.85,40.25,39.85,39.95,1600,152450
20220720,11:35,40.15,40.15,39.65,40.00,3700,153450
20220720,11:36,40.05,40.05,40.00,40.00,150,153450
20220720,11:37,40.20,40.20,39.85,40.10,300,153450
20220720,11:38,39.90,40.45,39.90,40.30,1100,153450
20220720,11:39,40.30,40.50,40.30,40.50,5000,153850
20220720,11:40,40.50,40.70,40.00,40.70,2900,153850
20220720,11:41,40.50,40.50,40.00,40.00,850,153850
20220720,11:42,39.80,39.95,39.80,39.95,750,158200
20220720,11:43,40.15,40.15,39.45,39.45,900,158200
20220720,11:44,39.60,39.60,39.20,39.40,300,158200
20220720,11:45,39.35,39.80,39.30,39.65,700,159000
20220720,11:46,40.70,40.70,40.55,40.60,350,159000
20220720,11:47,40.00,40.15,40.00,40.15,450,159000
20220720,11:48,40.50,40.50,40.00,40.20,350,159650
20220720,11:49,40.40,40.95,40.40,40.50,400,159650
20220720,11:50,40.60,41.00,40.60,40.75,2800,159650
20220720,11:51,40.65,40.75,40.30,40.75,1550,159450
20220720,11:52,40.50,40.60,40.20,40.40,900,159450
20220720,11:53,40.55,40.60,39.85,40.35,1500,159450
20220720,11:54,40.70,40.90,40.60,40.60,350,161100
20220720,11:55,40.75,41.15,40.60,41.15,200,161100
20220720,11:56,41.00,41.05,40.80,40.95,350,161100
20220720,11:57,40.75,40.75,40.00,40.35,700,161100
20220720,11:58,40.45,40.45,39.65,39.65,700,161100
20220720,11:59,39.20,39.30,38.50,38.80,1750,161100
20220720,12:00,38.90,39.75,38.90,39.40,1200,161600
20220720,12:01,39.35,39.35,39.35,39.35,50,161600
20220720,12:02,39.65,39.65,39.55,39.55,450,161600
20220720,12:03,39.35,39.60,39.35,39.60,350,161700
20220720,12:04,39.40,39.40,39.35,39.35,250,161700
20220720,12:05,39.80,39.95,39.80,39.80,450,161700
20220720,12:06,39.70,39.80,39.50,39.65,300,162150
20220720,12:07,39.65,39.90,39.65,39.90,550,162150
20220720,12:08,40.10,40.20,39.85,40.15,600,162150
20220720,12:09,40.20,40.20,39.70,39.70,450,162000
20220720,12:10,39.60,39.85,39.40,39.80,2700,162000
20220720,12:11,39.90,39.95,39.85,39.85,450,162000
20220720,12:12,39.85,40.10,39.85,40.10,950,162300
20220720,12:13,39.75,39.75,39.75,39.75,100,162300
20220720,12:14,39.95,40.00,39.45,39.45,1500,162300
20220720,12:15,38.95,38.95,38.90,38.90,500,161800
20220720,12:16,39.30,39.80,39.30,39.80,1500,161800
20220720,12:17,39.50,39.50,39.50,39.50,50,161800
20220720,12:18,39.10,39.75,39.10,39.60,1000,161550
20220720,12:19,39.55,39.55,39.00,39.00,650,161550
20220720,12:20,39.05,39.20,39.05,39.20,450,161550
20220720,12:21,39.15,39.15,39.00,39.10,250,161800
20220720,12:22,39.30,39.65,39.20,39.65,350,161800
20220720,12:23,39.60,39.60,39.30,39.30,400,161800
20220720,12:24,39.40,39.40,38.90,39.00,700,162050
20220720,12:25,39.05,39.05,38.95,38.95,150,162050
20220720,12:26,39.20,39.30,39.00,39.30,700,162050
20220720,12:27,39.40,39.65,39.25,39.50,850,162100
20220720,12:28,39.35,39.35,39.15,39.15,300,162100
20220720,12:29,39.15,39.20,39.15,39.20,450,162100
20220720,12:30,38.50,39.55,38.50,39.55,450,162000
20220720,12:31,39.75,39.95,39.60,39.95,1300,162000
20220720,12:32,40.00,40.65,39.40,39.40,3000,162000
20220720,12:33,39.20,39.50,39.20,39.50,800,162250
20220720,12:34,39.10,39.10,37.85,38.30,1950,162250
20220720,12:35,38.15,38.70,38.00,38.70,200,162250
20220720,12:36,38.30,38.35,38.30,38.35,250,162350
20220720,12:37,38.20,38.45,38.05,38.45,750,162350
20220720,12:38,38.60,38.60,38.30,38.30,150,162350
20220720,12:39,38.50,38.85,38.50,38.70,1300,162550
20220720,12:40,38.70,38.70,38.50,38.50,200,162550
20220720,12:41,38.55,38.55,38.20,38.20,350,162550
20220720,12:42,38.40,38.40,38.35,38.35,100,162500
20220720,12:43,38.40,38.40,37.90,38.05,1750,162500
20220720,12:44,37.90,38.30,37.90,38.30,700,162500
20220720,12:45,38.00,38.30,38.00,38.30,550,163000
20220720,12:46,38.40,38.65,38.40,38.40,1500,163000
20220720,12:47,38.20,38.20,38.20,38.20,300,163000
20220720,12:48,37.50,37.75,37.50,37.75,700,164000
20220720,12:49,37.75,38.00,37.70,38.00,500,164000
20220720,12:50,38.00,38.45,38.00,38.25,1150,164000
20220720,12:51,38.15,38.40,38.00,38.00,200,164650
20220720,12:52,38.20,38.70,37.85,37.85,3700,164650
20220720,12:53,38.10,38.45,37.75,38.45,2600,164650
20220720,12:54,38.55,38.75,38.40,38.70,250,164400
20220720,12:55,38.65,38.95,38.65,38.95,350,164400
20220720,12:56,38.75,38.75,38.65,38.70,500,164400
20220720,12:57,38.90,39.00,38.50,38.70,400,164800
20220720,12:58,38.90,39.00,38.70,38.70,5450,164800
20220720,12:59,38.20,38.40,38.20,38.25,300,164800
20220720,13:00,37.85,38.90,37.85,38.90,1250,166650
20220720,13:01,39.05,39.10,38.65,38.80,450,166650
20220720,13:02,39.00,39.40,39.00,39.00,650,166650
20220720,13:03,39.50,40.00,39.50,39.55,6100,166900
20220720,13:04,39.45,40.00,39.25,39.25,800,166900
20220720,13:05,39.75,40.20,39.75,40.05,300,166900
20220720,13:06,40.05,40.60,39.75,39.80,2700,171150
20220720,13:07,39.70,40.20,39.45,40.20,900,171150
20220720,13:08,40.10,40.60,40.05,40.50,400,171150
20220720,13:09,40.50,40.60,40.10,40.25,600,172800
20220720,13:10,40.65,40.70,40.55,40.60,1100,172800
20220720,13:11,40.60,40.60,39.85,39.85,350,172800
20220720,13:12,40.75,41.05,40.75,41.05,1200,172500
20220720,13:13,41.05,42.50,41.05,42.50,600,172500
20220720,13:14,42.40,43.60,42.40,43.60,3000,172500
20220720,13:15,43.95,43.95,41.85,42.60,1100,170400
20220720,13:16,42.75,45.00,42.75,43.95,4400,170400
20220720,13:17,43.95,44.50,42.75,42.75,1650,170400
20220720,13:18,42.80,44.30,42.80,44.30,2600,166350
20220720,13:19,43.95,43.95,42.05,42.05,600,166350
20220720,13:20,42.25,42.75,41.90,42.00,1950,166350
20220720,13:21,42.40,43.00,42.00,42.00,4150,169000
20220720,13:22,42.40,42.40,41.45,41.60,1650,169000
20220720,13:23,41.55,42.10,41.15,41.85,1000,169000
20220720,13:24,41.75,42.20,41.45,42.00,1150,167950
20220720,13:25,41.85,41.85,41.20,41.30,1200,167950
20220720,13:26,41.05,41.05,40.50,40.70,1150,167950
20220720,13:27,40.70,40.70,39.70,40.25,2900,168350
20220720,13:28,40.50,41.35,40.50,40.70,2400,168350
20220720,13:29,40.35,41.20,40.00,41.20,3900,168350
20220720,13:30,41.30,42.20,41.00,42.20,500,168500
20220720,13:31,41.90,41.90,40.50,41.70,1000,168500
20220720,13:32,42.20,42.35,40.95,40.95,350,168500
20220720,13:33,40.95,41.15,40.60,41.15,5800,168850
20220720,13:34,41.00,41.35,40.95,41.00,1400,168850
20220720,13:35,40.95,41.20,40.90,40.95,1200,168850
20220720,13:36,40.85,41.55,40.55,41.50,950,171800
20220720,13:37,41.45,41.45,40.35,40.35,850,171800
20220720,13:38,40.00,40.00,39.10,39.15,2400,171800
20220720,13:39,39.35,40.00,39.15,40.00,2050,172350
20220720,13:40,39.70,39.80,39.20,39.40,1000,172350
20220720,13:41,39.20,39.20,38.00,38.15,1200,172350
20220720,13:42,38.25,38.70,37.85,38.45,4050,171000
20220720,13:43,38.60,38.65,38.35,38.65,550,171000
20220720,13:44,38.55,39.25,38.35,39.25,650,171000
20220720,13:45,39.40,39.40,39.25,39.25,100,172550
20220720,13:46,38.95,39.40,38.95,39.25,1050,172550
20220720,13:47,39.35,40.20,39.35,40.20,1050,172550
20220720,13:48,40.20,40.25,40.00,40.00,350,173250
20220720,13:49,40.00,40.10,40.00,40.10,100,173250
20220720,13:50,40.30,40.35,39.95,40.35,1400,173250
20220720,13:51,40.10,40.30,40.10,40.15,250,174150
20220720,13:52,39.80,40.25,39.65,40.00,1000,174150
20220720,13:53,40.30,40.75,40.30,40.75,250,174150
20220720,13:54,40.70,40.70,40.60,40.60,450,173450
20220720,13:55,40.55,40.60,40.55,40.60,450,173450
20220720,13:56,40.80,42.55,40.75,42.55,1750,173450
20220720,13:57,41.90,42.45,41.20,41.75,500,173200
20220720,13:58,41.65,41.65,39.90,39.90,1600,173200
20220720,13:59,39.80,39.95,39.40,39.80,1000,173200
20220720,14:00,39.75,40.50,39.05,39.25,950,174100
20220720,14:01,39.60,40.30,39.35,40.20,1400,174100
20220720,14:02,39.90,40.00,39.55,39.70,600,174100
20220720,14:03,39.80,40.30,39.80,40.30,150,174100
20220720,14:04,40.30,40.35,39.80,39.80,300,175150
20220720,14:05,39.85,39.85,39.85,39.85,300,175150
20220720,14:06,40.00,40.25,40.00,40.20,200,175100
20220720,14:07,40.20,40.25,39.85,39.85,850,175100
20220720,14:08,40.30,41.50,40.30,41.20,1100,175100
20220720,14:09,40.90,42.40,40.80,42.20,2800,175350
20220720,14:10,42.35,42.45,41.70,42.45,4050,175350
20220720,14:11,42.65,43.10,42.10,42.50,7200,175350
20220720,14:12,42.10,42.55,41.95,42.55,900,179750
20220720,14:13,42.75,42.75,40.85,41.40,3200,179750
20220720,14:14,40.90,41.75,40.80,41.75,3850,179750
20220720,14:15,42.00,42.50,41.70,41.95,2250,179800
20220720,14:16,42.20,43.65,42.20,43.50,8750,179800
20220720,14:17,43.55,43.60,42.70,42.95,7100,179800
20220720,14:18,43.20,43.50,43.00,43.40,7750,186750
20220720,14:19,43.15,43.70,42.95,43.20,2250,186750
20220720,14:20,43.60,44.50,43.35,43.70,4750,186750
20220720,14:21,43.80,44.45,43.25,44.10,4250,186300
20220720,14:22,43.65,44.00,42.40,42.60,7900,186300
20220720,14:23,42.75,43.40,42.00,42.60,4600,186300
20220720,14:24,42.95,44.00,42.95,43.75,2300,184000
20220720,14:25,43.90,44.25,43.50,44.25,1300,184000
20220720,14:26,44.25,44.25,43.50,43.70,900,184000
20220720,14:27,44.00,44.60,44.00,44.60,800,183850
20220720,14:28,44.60,45.20,44.50,45.20,1850,183850
20220720,14:29,44.50,44.50,42.55,42.55,2400,183850
20220720,14:30,43.25,43.25,42.05,42.50,700,184900
20220720,14:31,42.65,42.65,40.60,40.60,1000,184900
20220720,14:32,41.20,41.65,41.00,41.15,1300,184900
20220720,14:33,40.55,40.55,39.85,40.00,2050,185700
20220720,14:34,40.35,40.85,40.25,40.75,650,185700
20220720,14:35,40.05,40.75,40.05,40.65,350,185700
20220720,14:36,40.70,40.70,40.45,40.45,400,185700
20220720,14:37,40.95,41.45,40.85,40.85,1850,186750
20220720,14:38,41.10,41.25,41.00,41.05,1350,186750
20220720,14:39,41.00,41.00,40.40,41.00,900,185600
20220720,14:40,40.85,40.85,40.30,40.60,1100,185600
20220720,14:41,40.85,41.50,40.60,41.50,1650,185600
20220720,14:42,41.65,41.70,41.15,41.20,2000,186600
20220720,14:43,41.45,42.70,41.45,42.70,3900,186600
20220720,14:44,43.05,43.95,42.85,43.70,750,186600
20220720,14:45,43.65,45.05,42.75,43.40,4550,187050
20220720,14:46,43.80,44.15,43.35,43.35,1800,187050
20220720,14:47,43.00,43.00,41.80,42.05,2600,187050
20220720,14:48,42.05,43.45,42.05,43.20,1350,187650
20220720,14:49,42.85,42.85,40.75,41.70,4200,187650
20220720,14:50,41.45,41.65,40.00,41.60,3650,187650
20220720,14:51,41.90,42.50,41.70,42.40,1250,189250
20220720,14:52,42.25,42.70,42.15,42.50,1250,189250
20220720,14:53,42.05,43.40,41.90,42.20,2950,189250
20220720,14:54,42.05,42.05,41.40,41.75,3350,188750
20220720,14:55,41.60,41.60,40.80,40.80,1700,188750
20220720,14:56,41.00,41.65,41.00,41.45,2400,188750
20220720,14:57,41.40,41.40,40.60,40.60,1100,189700
20220720,14:58,40.25,40.95,40.25,40.95,3500,189700
20220720,14:59,40.80,42.35,40.80,41.85,1950,189700
20220720,15:00,41.90,42.80,38.90,39.15,4000,191600
20220720,15:01,39.20,40.70,38.55,39.45,5350,191600
20220720,15:02,39.30,40.50,39.30,40.50,1700,191600
20220720,15:03,40.45,41.35,40.30,41.10,1150,192000
20220720,15:04,41.65,41.90,41.20,41.90,1050,192000
20220720,15:05,41.25,42.00,41.25,41.45,1550,192000
20220720,15:06,41.45,41.55,39.70,40.05,4200,191400
20220720,15:07,39.55,40.35,39.55,40.10,3800,191400
20220720,15:08,40.15,40.55,39.75,40.55,3650,191400
20220720,15:09,40.45,41.40,40.35,40.65,7250,187300
20220720,15:10,40.70,42.00,40.50,41.80,3850,187300
20220720,15:11,41.30,41.35,40.65,41.20,1500,187300
20220720,15:12,41.30,41.90,40.95,41.25,750,188500
20220720,15:13,41.75,41.80,41.20,41.70,850,188500
20220720,15:14,41.55,42.10,41.00,41.95,1550,188500
20220720,15:15,41.95,42.35,40.90,41.45,2550,188150
20220720,15:16,41.60,41.90,41.35,41.90,1350,188150
20220720,15:17,41.80,42.00,41.30,41.85,2050,188150
20220720,15:18,41.90,42.10,41.70,41.95,2450,188050
20220720,15:19,41.95,41.95,41.35,41.70,1150,188050
20220720,15:20,41.65,41.85,41.10,41.65,4450,188050
20220720,15:21,41.85,41.95,41.40,41.70,6100,185800
20220720,15:22,41.90,41.90,41.35,41.45,5700,185800
20220720,15:23,41.45,42.25,41.45,42.25,3050,185800
20220720,15:24,42.10,42.40,42.10,42.20,2250,186750
20220720,15:25,42.30,42.65,42.30,42.50,5250,186750
20220720,15:26,42.75,43.75,42.60,43.25,3500,186750
20220720,15:27,43.40,44.55,43.40,43.95,4550,189650
20220720,15:28,44.40,45.35,44.40,45.25,5350,189650
20220720,15:29,45.40,46.00,45.35,46.00,6350,189650
20220720,15:30,46.00,46.00,46.00,46.00,100,189650
20220721,09:15,42.95,44.65,41.05,42.55,5651,187900
20220721,09:16,42.25,43.40,42.00,42.00,7350,187900
20220721,09:17,41.35,41.35,38.60,38.60,15950,195300
20220721,09:18,38.55,39.50,38.10,38.80,7450,195300
20220721,09:19,38.75,40.35,38.70,40.10,6950,195300
20220721,09:20,40.05,40.30,39.35,40.05,5050,197700
20220721,09:21,40.10,41.40,39.50,41.15,6550,197700
20220721,09:22,41.20,41.40,39.85,39.85,5500,197700
20220721,09:23,40.00,40.20,39.20,39.20,2150,199350
20220721,09:24,39.55,39.55,38.65,38.85,1450,199350
20220721,09:25,38.95,39.45,38.45,39.00,2250,199350
20220721,09:26,38.85,38.85,37.60,38.00,5200,198400
20220721,09:27,37.60,39.40,37.60,39.10,2900,198400
20220721,09:28,39.00,39.80,38.30,38.30,2750,198400
20220721,09:29,38.50,38.80,37.10,37.10,2950,200200
20220721,09:30,36.80,38.15,36.60,37.35,4350,200200
20220721,09:31,37.40,37.60,35.70,35.70,4750,200200
20220721,09:32,35.15,35.75,35.00,35.75,3300,199950
20220721,09:33,35.80,36.45,35.60,36.10,4350,199950
20220721,09:34,36.25,36.75,35.85,36.25,4650,199950
20220721,09:35,36.05,36.35,35.90,35.90,6450,201950
20220721,09:36,35.85,36.50,35.35,35.90,5600,201950
20220721,09:37,35.90,36.60,35.60,36.60,5450,201950
20220721,09:38,36.70,36.90,35.95,36.20,4200,206050
20220721,09:39,36.25,36.25,35.40,35.90,3800,206050
20220721,09:40,36.00,36.25,35.45,35.50,2850,206050
20220721,09:41,35.70,36.45,35.70,36.20,1950,207950
20220721,09:42,36.15,36.45,35.85,36.00,5400,207950
20220721,09:43,36.10,36.25,35.80,35.90,5200,207950
20220721,09:44,35.80,35.80,34.75,34.75,7600,211900
20220721,09:45,34.70,34.95,33.80,34.30,8300,211900
20220721,09:46,34.30,34.80,34.00,34.70,4950,211900
20220721,09:47,34.80,34.95,34.20,34.35,8200,220150
20220721,09:48,34.45,34.75,33.85,34.60,15900,220150
20220721,09:49,34.65,34.65,34.05,34.40,14700,220150
20220721,09:50,34.40,35.10,34.20,35.10,5250,229000
20220721,09:51,34.90,35.30,34.50,34.95,2150,229000
20220721,09:52,34.95,34.95,34.45,34.45,3500,229000
20220721,09:53,34.35,34.50,33.90,34.50,6100,230700
20220721,09:54,34.40,34.40,34.00,34.05,7200,230700
20220721,09:55,34.10,34.25,33.75,34.00,2000,230700
20220721,09:56,33.85,34.45,33.75,34.45,7150,230200
20220721,09:57,34.25,34.70,34.25,34.50,8150,230200
20220721,09:58,34.60,34.60,33.70,34.25,9500,230200
20220721,09:59,34.30,34.70,34.00,34.40,5100,233000
20220721,10:00,34.25,34.30,33.80,33.80,20850,233000
20220721,10:01,33.80,34.10,33.75,33.75,4100,233000
20220721,10:02,33.85,34.15,33.85,34.00,7200,244300
20220721,10:03,34.00,34.20,33.65,34.00,12250,244300
20220721,10:04,34.10,34.10,33.80,33.80,2600,244300
20220721,10:05,33.85,34.50,33.85,34.50,8500,251700
20220721,10:06,34.45,34.85,34.45,34.80,1850,251700
20220721,10:07,34.75,34.75,33.95,33.95,1450,251700
20220721,10:08,34.10,34.30,33.75,33.75,5050,253600
20220721,10:09,33.80,33.80,32.75,33.25,21150,253600
20220721,10:10,33.30,33.30,32.60,32.90,5350,253600
20220721,10:11,32.75,33.10,32.60,32.80,9500,253550
20220721,10:12,32.70,32.70,32.10,32.35,8650,253550
20220721,10:13,32.30,32.65,32.20,32.55,4300,253550
20220721,10:14,32.50,32.65,32.45,32.45,4450,255700
20220721,10:15,32.50,33.45,32.35,33.40,5100,255700
20220721,10:16,33.40,33.75,33.05,33.40,6500,255700
20220721,10:17,33.45,33.45,32.80,32.80,4400,260150
20220721,10:18,32.60,32.75,32.25,32.55,6750,260150
20220721,10:19,32.70,32.90,32.55,32.70,5450,260150
20220721,10:20,32.95,33.10,32.00,33.10,5750,263750
20220721,10:21,33.00,33.45,32.65,33.15,3800,263750
20220721,10:22,33.20,33.50,32.60,33.00,7350,263750
20220721,10:23,33.15,33.35,33.05,33.05,1500,267550
20220721,10:24,33.15,33.50,32.75,32.75,2100,267550
20220721,10:25,33.00,33.70,32.85,33.60,2400,267550
20220721,10:26,33.65,33.75,33.45,33.55,1850,267550
20220721,10:27,32.90,33.70,32.90,33.65,2650,268750
20220721,10:28,33.45,33.80,33.20,33.70,2900,268750
20220721,10:29,33.55,34.25,33.50,33.80,5400,269950
20220721,10:30,33.65,33.95,33.35,33.80,16250,269950
20220721,10:31,33.85,34.05,33.65,34.00,1700,269950
20220721,10:32,33.80,34.30,33.80,34.25,8350,278350
20220721,10:33,34.35,34.85,34.35,34.80,2850,278350
20220721,10:34,34.70,34.90,33.90,33.90,3150,278350
20220721,10:35,34.00,34.00,33.65,33.90,800,279100
20220721,10:36,33.65,34.45,33.65,34.45,4700,279100
20220721,10:37,34.55,34.55,34.40,34.55,1650,279100
20220721,10:38,34.65,34.65,34.25,34.25,1400,279100
20220721,10:39,34.00,34.45,34.00,34.35,400,279800
20220721,10:40,34.25,34.25,33.40,34.10,2000,279800
20220721,10:41,34.45,34.65,34.35,34.40,2600,279800
20220721,10:42,34.40,34.40,34.05,34.25,5000,279750
20220721,10:43,34.35,34.40,34.00,34.20,2800,279750
20220721,10:44,34.25,34.40,33.75,33.75,2450,280450
20220721,10:45,33.70,33.85,33.35,33.80,1800,280450
20220721,10:46,33.65,33.95,33.65,33.95,1000,280450
20220721,10:47,33.85,34.10,33.60,34.00,1800,279450
20220721,10:48,33.65,33.65,33.05,33.20,1500,279450
20220721,10:49,33.45,34.00,33.45,33.55,4450,279450
20220721,10:50,33.55,33.75,33.50,33.55,250,279450
20220721,10:51,33.80,33.80,33.35,33.35,650,278450
20220721,10:52,33.40,33.50,33.35,33.45,650,278450
20220721,10:53,33.50,33.60,33.25,33.25,1050,278700
20220721,10:54,33.20,33.20,32.55,32.60,1950,278700
20220721,10:55,32.65,33.25,32.65,33.05,2650,278700
20220721,10:56,33.00,33.00,32.60,32.90,1250,279600
20220721,10:57,32.90,33.00,32.80,33.00,1350,279600
20220721,10:58,33.00,33.25,32.90,33.25,750,279600
20220721,10:59,33.05,33.05,32.95,32.95,800,281100
20220721,11:00,33.10,33.15,32.50,32.70,13550,281100
20220721,11:01,32.50,32.50,32.30,32.45,300,281100
20220721,11:02,32.30,32.45,32.30,32.45,200,281100
20220721,11:03,32.50,32.70,32.30,32.40,1300,288100
20220721,11:04,32.60,33.60,32.60,33.60,650,288100
20220721,11:05,33.35,34.15,33.35,34.05,2500,288250
20220721,11:06,34.10,34.10,33.30,33.45,5800,288250
20220721,11:07,33.35,33.35,33.00,33.00,1500,288250
20220721,11:08,32.55,33.00,32.40,32.80,1600,287650
20220721,11:09,32.55,32.80,32.55,32.80,1100,287650
20220721,11:10,32.60,32.60,32.20,32.20,2600,287650
20220721,11:11,32.20,32.40,32.20,32.40,1250,287650
20220721,11:12,32.30,32.50,32.20,32.50,1250,288300
20220721,11:13,32.25,32.25,31.80,32.00,6100,288300
20220721,11:14,31.80,32.40,31.80,32.30,1100,288300
20220721,11:15,32.40,32.65,32.30,32.45,1100,285800
20220721,11:16,32.00,32.45,32.00,32.45,2350,285800
20220721,11:17,32.80,33.00,32.55,32.55,3450,285800
20220721,11:18,33.20,33.20,32.55,32.55,650,287650
20220721,11:19,32.55,32.90,31.80,32.50,2200,287650
20220721,11:20,32.60,32.70,32.00,32.25,1650,288550
20220721,11:21,32.05,32.30,31.80,32.00,1250,288550
20220721,11:22,31.75,31.75,30.05,30.85,11150,288550
20220721,11:23,31.05,31.35,30.90,31.25,800,288900
20220721,11:24,31.40,31.50,30.90,31.50,1000,288900
20220721,11:25,31.45,31.45,31.05,31.05,1400,288900
20220721,11:26,30.80,31.15,30.70,31.15,2950,290050
20220721,11:27,31.35,31.95,31.35,31.75,5950,290050
20220721,11:28,31.80,32.05,31.25,31.35,5400,290050
20220721,11:29,31.20,31.55,30.75,30.75,2900,292300
20220721,11:30,30.70,30.85,30.50,30.50,2400,292300
20220721,11:31,30.50,31.10,30.40,30.75,9050,292300
20220721,11:32,30.60,30.80,30.60,30.80,3750,292300
20220721,11:33,31.10,31.45,31.05,31.45,2050,296450
20220721,11:34,31.60,31.60,31.40,31.45,200,296450
20220721,11:35,31.35,32.15,31.35,31.95,1400,296450
20220721,11:36,32.00,32.15,31.40,31.40,1900,296550
20220721,11:37,31.05,31.15,30.95,30.95,1650,296550
20220721,11:38,31.15,31.15,30.55,30.55,1050,296550
20220721,11:39,31.20,31.45,30.50,30.60,2950,298550
20220721,11:40,30.85,30.85,30.30,30.50,2250,298550
20220721,11:41,30.55,31.25,30.55,31.00,2150,298550
20220721,11:42,31.05,31.50,31.00,31.00,5450,296250
20220721,11:43,31.25,31.95,31.25,31.95,5050,296250
20220721,11:44,31.45,31.85,31.45,31.85,1900,296250
20220721,11:45,32.05,32.05,31.85,31.95,450,298850
20220721,11:46,32.00,32.30,32.00,32.15,1250,298850
20220721,11:47,32.30,32.30,30.95,30.95,1400,298850
20220721,11:48,31.00,31.20,30.55,31.20,1200,299550
20220721,11:49,31.10,31.40,30.90,30.90,400,299550
20220721,11:50,31.00,31.90,31.00,31.70,1150,299550
20220721,11:51,31.70,31.95,31.70,31.95,4250,300650
20220721,11:52,31.80,32.05,31.65,31.80,1150,300650
20220721,11:53,31.85,32.30,31.85,32.15,4050,300650
20220721,11:54,32.25,32.25,32.00,32.05,2150,298650
20220721,11:55,31.80,32.20,31.80,32.05,3350,298650
20220721,11:56,31.55,31.80,31.35,31.80,4400,298650
20220721,11:57,31.65,31.65,30.95,31.65,1200,298450
20220721,11:58,31.65,32.10,31.65,32.10,1900,298450
20220721,11:59,32.00,32.50,32.00,32.20,7000,298450
20220721,12:00,32.30,32.75,32.20,32.35,1800,297700
20220721,12:01,32.55,32.95,32.50,32.95,1600,297700
20220721,12:02,33.00,33.10,32.75,32.90,2250,297700
20220721,12:03,33.05,33.10,32.00,32.00,1800,295700
20220721,12:04,32.05,32.60,32.00,32.05,1150,295700
20220721,12:05,32.05,32.80,31.55,31.70,750,295700
20220721,12:06,31.90,32.15,31.20,32.15,1200,296000
20220721,12:07,32.15,32.15,31.55,31.80,400,296000
20220721,12:08,31.25,31.65,31.25,31.35,2100,296000
20220721,12:09,31.40,31.90,31.40,31.50,850,297050
20220721,12:10,31.50,31.70,31.40,31.70,600,297050
20220721,12:11,31.65,31.80,31.55,31.55,950,297050
20220721,12:12,31.60,31.80,31.60,31.80,200,297700
20220721,12:13,32.20,32.20,32.10,32.15,350,297700
20220721,12:14,32.20,32.30,32.05,32.25,450,297700
20220721,12:15,32.55,32.55,32.20,32.35,450,297600
20220721,12:16,32.30,32.60,32.10,32.30,2850,297600
20220721,12:17,32.20,32.65,32.00,32.65,500,297600
20220721,12:18,32.35,32.45,32.05,32.40,700,297050
20220721,12:19,32.40,32.95,32.35,32.95,600,297050
20220721,12:20,32.95,33.05,32.75,32.85,1000,297050
20220721,12:21,33.15,33.40,32.70,32.70,850,298100
20220721,12:22,32.60,33.35,32.45,33.15,2150,298100
20220721,12:23,32.85,33.35,32.55,33.10,3350,298100
20220721,12:24,33.10,33.20,32.95,33.05,300,298350
20220721,12:25,32.85,32.85,32.85,32.85,50,298350
20220721,12:26,32.95,32.95,32.00,32.00,2250,298350
20220721,12:27,32.30,33.10,32.30,33.10,3000,298700
20220721,12:28,32.90,33.55,32.85,32.85,1950,298700
20220721,12:29,33.00,33.00,32.20,32.35,2950,298700
20220721,12:30,32.20,33.00,32.00,32.00,1350,299050
20220721,12:31,32.30,32.60,31.50,31.60,450,299050
20220721,12:32,32.30,32.65,32.15,32.15,1750,299050
20220721,12:33,32.10,32.50,31.95,32.35,1650,300850
20220721,12:34,32.35,32.55,32.20,32.50,1000,300850
20220721,12:35,32.60,32.65,31.80,32.45,1950,300850
20220721,12:36,33.00,33.10,32.40,32.40,1350,302250
20220721,12:37,32.90,32.90,32.50,32.50,550,302250
20220721,12:38,32.05,32.10,31.75,32.00,2350,302250
20220721,12:39,32.50,32.70,31.70,31.70,1400,302050
20220721,12:40,31.75,32.25,31.35,32.25,3000,302050
20220721,12:41,32.45,32.45,31.50,31.50,2250,302050
20220721,12:42,31.15,31.30,30.60,31.00,2000,303450
20220721,12:43,31.20,31.35,30.80,31.10,700,303450
20220721,12:44,31.30,31.55,31.30,31.55,150,303450
20220721,12:45,31.55,32.35,31.20,32.35,1200,303650
20220721,12:46,32.35,32.80,32.15,32.60,2550,303650
20220721,12:47,32.45,32.95,32.15,32.15,1050,303650
20220721,12:48,32.50,32.50,32.00,32.00,700,303600
20220721,12:49,31.85,32.20,30.95,30.95,1450,303600
20220721,12:50,31.25,32.00,31.25,31.70,1500,303600
20220721,12:51,31.45,31.60,30.55,30.85,950,303750
20220721,12:52,30.85,31.10,30.45,31.10,1700,303750
20220721,12:53,30.95,31.15,30.75,31.15,1050,303750
20220721,12:54,31.35,31.35,30.60,30.80,600,304500
20220721,12:55,31.00,31.25,30.40,30.90,1700,304500
20220721,12:56,30.80,31.55,30.80,31.55,1500,304500
20220721,12:57,31.10,31.85,31.10,31.65,250,305200
20220721,12:58,31.55,32.00,31.55,32.00,1050,305200
20220721,12:59,32.15,32.50,32.00,32.25,1600,305200
20220721,13:00,32.00,33.30,32.00,33.15,4450,306200
20220721,13:01,33.20,34.20,33.20,34.10,10700,306200
20220721,13:02,34.20,35.00,33.60,33.70,5300,306200
20220721,13:03,33.55,33.85,32.50,32.90,5350,312800
20220721,13:04,33.00,34.50,33.00,34.30,11950,312800
20220721,13:05,34.60,34.60,34.00,34.00,6750,312800
20220721,13:06,33.60,34.00,33.55,33.60,7150,315000
20220721,13:07,33.60,34.50,33.60,33.75,2000,315000
20220721,13:08,33.80,34.40,33.35,33.90,2950,315000
20220721,13:09,34.00,34.25,33.15,33.50,1450,316250
20220721,13:10,33.25,33.70,31.95,32.20,6850,316250
20220721,13:11,32.15,33.90,31.95,33.90,2400,316250
20220721,13:12,33.90,34.50,33.50,34.50,2150,317750
20220721,13:13,34.50,34.60,34.05,34.30,1500,317750
20220721,13:14,34.40,34.65,33.50,34.60,5200,317750
20220721,13:15,34.85,34.95,33.65,34.30,3100,318400
20220721,13:16,34.55,34.80,33.70,33.90,700,318400
20220721,13:17,33.70,34.75,33.70,34.00,1500,318400
20220721,13:18,34.30,34.30,33.50,33.95,3550,320000
20220721,13:19,34.10,34.65,34.00,34.65,1700,320000
20220721,13:20,34.00,34.70,33.85,34.40,3450,320000
20220721,13:21,34.40,34.65,34.25,34.30,1450,319700
20220721,13:22,33.85,34.50,33.65,33.90,2150,319700
20220721,13:23,33.70,34.15,33.70,34.15,150,319700
20220721,13:24,34.15,34.20,33.15,33.15,2350,320400
20220721,13:25,33.00,34.35,32.85,34.10,4700,320400
20220721,13:26,34.10,34.55,34.10,34.50,2800,320400
20220721,13:27,34.40,34.40,34.00,34.30,1450,320650
20220721,13:28,34.50,35.10,34.50,34.90,2050,320650
20220721,13:29,35.00,35.55,35.00,35.25,4950,320650
20220721,13:30,34.90,36.15,34.90,36.00,9200,323100
20220721,13:31,35.60,35.60,33.45,33.70,2850,323100
20220721,13:32,33.95,34.85,33.80,34.50,1000,323100
20220721,13:33,34.55,35.00,33.95,34.80,1250,324050
20220721,13:34,34.35,35.10,34.35,35.00,950,324050
20220721,13:35,35.00,35.40,34.90,35.40,900,324050
20220721,13:36,35.50,36.00,35.30,35.75,1850,323850
20220721,13:37,35.75,35.90,34.45,34.45,8350,323850
20220721,13:38,34.65,35.50,34.65,34.75,2900,323850
20220721,13:39,35.60,35.60,35.30,35.30,1300,322450
20220721,13:40,35.25,35.70,34.45,34.70,1250,322450
20220721,13:41,34.55,35.30,34.35,34.95,2400,322450
20220721,13:42,35.00,36.00,34.90,36.00,2150,322950
20220721,13:43,36.30,36.40,35.55,35.55,2950,322950
20220721,13:44,35.20,36.20,35.20,35.60,1600,322950
20220721,13:45,36.20,36.40,35.90,35.90,1800,324150
20220721,13:46,35.95,35.95,34.70,35.00,1900,324150
20220721,13:47,35.60,35.80,35.40,35.75,1150,324150
20220721,13:48,35.75,36.25,35.30,36.25,1350,324500
20220721,13:49,36.40,36.50,35.40,35.65,2600,324500
20220721,13:50,35.50,36.35,35.50,35.60,4200,324500
20220721,13:51,35.25,35.50,34.70,35.50,4500,326950
20220721,13:52,35.05,35.45,34.80,35.15,1000,326950
20220721,13:53,34.75,36.55,34.75,36.35,4150,326950
20220721,13:54,36.55,38.85,36.55,38.85,18900,329750
20220721,13:55,38.30,38.65,37.30,37.40,8950,329750
20220721,13:56,37.55,38.40,37.40,38.20,4000,329750
20220721,13:57,37.80,38.70,37.50,38.60,1350,331200
20220721,13:58,38.10,38.10,37.45,37.90,2700,331200
20220721,13:59,38.05,38.05,36.65,36.95,2750,331200
20220721,14:00,36.55,36.85,34.90,35.90,5350,334550
20220721,14:01,35.70,36.00,34.00,34.00,9100,334550
20220721,14:02,33.85,34.60,33.40,34.25,3250,334550
20220721,14:03,34.35,34.80,34.20,34.25,2450,338850
20220721,14:04,34.05,34.20,32.45,32.85,13650,338850
20220721,14:05,32.70,33.15,31.60,32.05,10100,338850
20220721,14:06,31.95,32.85,31.95,32.20,1750,342600
20220721,14:07,32.50,32.95,32.35,32.40,1350,342600
20220721,14:08,32.90,33.15,32.75,33.15,2500,342600
20220721,14:09,32.85,33.10,32.65,32.85,2200,344050
20220721,14:10,32.80,33.35,32.40,32.75,6300,344050
20220721,14:11,32.55,34.00,32.35,33.25,5200,344050
20220721,14:12,33.50,34.20,32.95,32.95,1300,345300
20220721,14:13,32.95,33.10,32.35,33.00,5050,345300
20220721,14:14,32.80,32.85,32.25,32.25,1600,345300
20220721,14:15,32.40,32.60,31.50,31.90,5000,347500
20220721,14:16,31.70,32.40,31.35,31.35,2900,347500
20220721,14:17,31.35,31.80,31.20,31.80,2450,347500
20220721,14:18,31.80,31.85,31.30,31.50,2700,348900
20220721,14:19,31.65,32.20,31.50,32.15,2150,348900
20220721,14:20,32.30,32.55,32.00,32.00,1250,348900
20220721,14:21,31.65,31.65,31.30,31.40,5300,349250
20220721,14:22,31.40,32.00,31.30,32.00,3350,349250
20220721,14:23,31.90,31.90,31.15,31.20,8850,349250
20220721,14:24,31.45,31.75,30.80,30.80,3150,353900
20220721,14:25,30.85,31.50,30.80,31.20,6400,353900
20220721,14:26,31.25,31.35,30.70,30.90,1350,353900
20220721,14:27,30.80,30.85,30.10,30.30,5500,355200
20220721,14:28,30.30,30.40,30.00,30.10,3500,355200
20220721,14:29,30.00,30.10,29.60,29.80,8300,355200
20220721,14:30,29.95,29.95,29.25,29.85,8900,355150
20220721,14:31,29.85,30.55,29.30,30.55,14350,355150
20220721,14:32,30.30,30.85,30.30,30.80,11500,355150
20220721,14:33,30.50,31.35,30.40,31.30,9250,375400
20220721,14:34,31.20,31.20,30.00,30.30,13150,375400
20220721,14:35,30.25,30.75,29.70,30.50,17900,375400
20220721,14:36,30.50,30.65,29.30,29.30,15300,397200
20220721,14:37,29.30,29.95,29.05,29.50,15250,397200
20220721,14:38,29.70,30.80,29.70,30.75,10650,397200
20220721,14:39,30.55,30.60,30.10,30.40,6500,403800
20220721,14:40,30.60,30.75,29.95,30.15,6650,403800
20220721,14:41,30.10,30.65,30.10,30.25,4400,403800
20220721,14:42,30.40,30.80,30.25,30.60,14250,411750
20220721,14:43,30.40,30.50,29.90,29.90,8450,411750
20220721,14:44,30.05,30.55,29.30,29.30,5200,411750
20220721,14:45,29.60,30.40,29.60,30.25,4050,417750
20220721,14:46,30.00,30.60,29.95,30.40,8700,417750
20220721,14:47,30.20,30.70,30.10,30.30,1900,417750
20220721,14:48,30.30,30.85,30.30,30.70,2050,416650
20220721,14:49,31.00,31.00,30.20,30.20,2250,416650
20220721,14:50,30.70,31.20,30.35,31.05,3400,416650
20220721,14:51,31.05,31.35,30.25,30.45,5450,417800
20220721,14:52,30.10,30.15,29.85,29.85,2850,417800
20220721,14:53,30.10,30.45,29.85,30.15,4750,417800
20220721,14:54,30.50,30.50,29.80,29.80,3300,419850
20220721,14:55,29.95,30.00,29.05,29.30,5750,419850
20220721,14:56,29.30,29.35,28.90,28.90,3400,419850
20220721,14:57,29.20,29.60,29.10,29.45,2500,419850
20220721,14:58,29.60,29.80,29.00,29.80,2900,419850
20220721,14:59,29.90,30.40,29.40,30.15,11200,419850
20220721,15:00,30.20,30.60,29.70,30.05,15550,423150
20220721,15:01,29.95,30.20,28.80,30.15,10050,423150
20220721,15:02,30.05,30.30,29.00,29.50,9950,423150
20220721,15:03,29.00,29.40,28.60,28.80,4150,426200
20220721,15:04,28.65,28.90,28.45,28.90,4650,426200
20220721,15:05,28.70,29.25,28.40,28.40,5350,426200
20220721,15:06,28.40,28.55,27.85,27.85,17650,427500
20220721,15:07,27.70,27.75,27.15,27.15,17250,427500
20220721,15:08,27.15,27.30,26.30,26.75,33100,427500
20220721,15:09,27.00,27.20,26.65,27.10,39900,434600
20220721,15:10,27.05,27.55,26.95,27.30,32400,434600
20220721,15:11,27.40,27.40,26.60,26.80,13450,434600
20220721,15:12,26.90,27.00,26.65,26.80,24450,435500
20220721,15:13,26.70,27.15,26.70,26.85,18350,435500
20220721,15:14,26.85,27.00,25.80,25.85,17800,435500
20220721,15:15,25.90,26.25,25.80,26.00,18550,438450
20220721,15:16,26.20,26.60,26.15,26.30,38250,438450
20220721,15:17,26.40,26.50,25.40,25.40,28150,438450
20220721,15:18,25.45,26.15,25.20,25.80,73850,410600
20220721,15:19,25.90,26.20,25.75,26.15,19100,410600
20220721,15:20,26.10,26.50,26.00,26.30,36650,410600
20220721,15:21,26.30,26.50,25.80,25.80,21450,399500
20220721,15:22,25.80,26.30,25.65,25.85,15550,399500
20220721,15:23,25.85,26.00,25.30,25.45,30850,399500
20220721,15:24,25.45,25.60,25.25,25.55,24500,392950
20220721,15:25,25.40,25.65,25.10,25.30,36250,392950
20220721,15:26,25.15,25.45,25.10,25.10,27750,392950
20220721,15:27,25.25,25.70,25.25,25.40,21750,373650
20220721,15:28,25.35,25.55,24.80,24.90,18600,373650
20220721,15:29,24.60,26.00,20.50,20.50,31950,373650
20220722,09:15,19.45,20.50,16.55,16.90,83502,370100
20220722,09:16,17.20,17.65,16.90,17.10,54900,370100
20220722,09:17,16.95,17.45,16.95,17.10,61150,403950
20220722,09:18,17.00,17.30,16.50,16.65,106200,403950
20220722,09:19,16.50,16.60,15.85,15.85,58150,403950
20220722,09:20,15.75,15.75,15.30,15.50,46250,462100
20220722,09:21,15.40,15.85,15.20,15.75,27250,462100
20220722,09:22,15.75,15.80,15.05,15.15,36150,462100
20220722,09:23,15.15,15.15,14.85,15.10,39400,484950
20220722,09:24,15.00,15.10,14.80,14.80,35800,484950
20220722,09:25,14.75,15.25,14.65,15.25,45150,484950
20220722,09:26,15.25,15.25,14.95,15.05,40750,503000
20220722,09:27,15.05,15.05,14.75,14.90,21750,503000
20220722,09:28,14.95,15.15,14.75,14.75,33300,503000
20220722,09:29,14.70,14.85,14.55,14.80,15350,518850
20220722,09:30,14.80,15.10,14.60,14.80,34400,518850
20220722,09:31,14.80,15.10,14.75,15.05,22450,518850
20220722,09:32,15.10,15.10,14.70,14.80,35650,511750
20220722,09:33,14.75,14.90,14.75,14.80,38000,511750
20220722,09:34,14.80,14.85,14.65,14.65,26700,511750
20220722,09:35,14.65,14.80,14.40,14.45,17450,499700
20220722,09:36,14.50,14.70,14.35,14.60,13450,499700
20220722,09:37,14.60,14.80,14.60,14.70,8400,499700
20220722,09:38,14.65,14.90,14.55,14.85,15500,499150
20220722,09:39,14.80,15.00,14.75,14.95,20800,499150
20220722,09:40,14.95,14.95,14.80,14.95,10650,499150
20220722,09:41,14.90,15.00,14.75,14.90,25150,511850
20220722,09:42,14.90,15.25,14.85,15.20,56500,511850
20220722,09:43,15.15,15.35,15.05,15.30,49550,511850
20220722,09:44,15.35,15.65,15.30,15.60,35150,515650
20220722,09:45,15.65,16.60,15.65,16.50,82950,515650
20220722,09:46,16.45,16.55,15.80,15.90,92600,515650
20220722,09:47,15.90,16.00,15.45,15.60,33750,538800
20220722,09:48,15.65,15.80,15.55,15.60,22500,538800
20220722,09:49,15.50,16.15,15.45,16.15,21000,538800
20220722,09:50,16.15,16.80,16.10,16.60,39650,546550
20220722,09:51,16.60,17.00,16.45,16.70,17700,546550
20220722,09:52,16.90,16.90,16.30,16.45,59850,546550
20220722,09:53,16.40,16.55,16.00,16.15,42750,553500
20220722,09:54,16.15,16.35,16.05,16.10,29850,553500
20220722,09:55,16.15,16.15,15.65,15.65,51800,553500
20220722,09:56,15.60,15.90,15.25,15.30,38700,589250
20220722,09:57,15.20,15.90,15.10,15.90,20100,589250
20220722,09:58,15.85,17.25,15.85,17.05,45350,589250
20220722,09:59,17.00,17.95,17.00,17.80,101600,626950
20220722,10:00,17.85,17.85,16.95,17.05,65350,626950
20220722,10:01,17.05,18.05,17.00,17.75,68550,626950
20220722,10:02,17.85,18.10,17.50,17.65,81800,684050
20220722,10:03,17.65,17.65,17.10,17.10,48600,684050
20220722,10:04,17.10,17.45,16.80,16.80,36950,684050
20220722,10:05,16.90,16.90,16.35,16.45,14350,713000
20220722,10:06,16.60,17.30,16.55,17.00,17200,713000
20220722,10:07,16.75,16.90,15.90,16.05,40800,713000
20220722,10:08,16.05,16.30,16.00,16.15,17000,720150
20220722,10:09,16.20,16.35,15.85,16.30,32350,720150
20220722,10:10,16.20,16.95,16.20,16.90,34250,720150
20220722,10:11,16.95,17.20,16.75,16.80,34200,740450
20220722,10:12,16.75,16.85,16.20,16.50,25900,740450
20220722,10:13,16.50,17.45,16.45,17.45,34450,740450
20220722,10:14,17.65,17.90,17.40,17.90,31750,779400
20220722,10:15,17.80,17.85,17.15,17.50,15000,779400
20220722,10:16,17.45,17.45,16.80,16.80,9650,779400
20220722,10:17,16.95,17.15,16.95,17.10,12500,780250
20220722,10:18,17.05,17.50,16.70,17.45,18450,780250
20220722,10:19,17.45,17.80,17.30,17.65,14950,780250
20220722,10:20,17.80,17.80,16.80,16.80,14550,779850
20220722,10:21,16.70,17.10,16.60,16.60,14100,779850
20220722,10:22,16.80,16.80,16.35,16.45,10050,779850
20220722,10:23,16.40,16.45,16.05,16.15,23950,791650
20220722,10:24,16.25,16.60,15.95,16.50,37100,791650
20220722,10:25,16.55,16.60,16.15,16.20,25750,791650
20220722,10:26,16.20,16.50,16.15,16.50,9350,809800
20220722,10:27,16.40,16.90,16.30,16.90,9650,809800
20220722,10:28,16.75,16.85,16.55,16.80,8650,809800
20220722,10:29,16.75,16.75,16.35,16.35,19100,809800
20220722,10:30,16.35,16.85,16.10,16.60,6500,809800
20220722,10:31,16.65,16.90,16.65,16.70,15450,809800
20220722,10:32,16.55,16.65,15.85,15.85,19750,814350
20220722,10:33,15.95,16.10,15.75,15.95,43600,814350
20220722,10:34,15.75,16.05,15.40,16.05,70500,814350
20220722,10:35,16.00,16.30,15.90,16.10,15800,847600
20220722,10:36,16.00,16.65,16.00,16.65,9800,847600
20220722,10:37,16.20,16.70,16.20,16.55,11050,847600
20220722,10:38,16.55,16.95,16.50,16.95,11200,845750
20220722,10:39,16.80,18.10,16.80,17.95,43150,845750
20220722,10:40,17.90,18.40,17.55,18.10,29450,845750
20220722,10:41,18.05,18.90,18.00,18.70,46200,848300
20220722,10:42,18.70,19.00,18.70,18.80,21250,848300
20220722,10:43,18.80,18.90,18.00,18.30,17050,848300
20220722,10:44,18.30,18.35,17.90,18.20,10300,862100
20220722,10:45,18.25,19.25,18.25,19.20,33350,862100
20220722,10:46,19.25,19.55,18.55,18.55,35250,862100
20220722,10:47,18.50,18.65,17.65,17.85,16250,879000
20220722,10:48,17.90,18.05,17.75,17.95,7600,879000
20220722,10:49,17.75,17.85,17.40,17.85,12250,879000
20220722,10:50,17.80,18.00,17.60,17.80,16400,884550
20220722,10:51,17.90,18.10,17.65,18.10,10550,884550
20220722,10:52,18.10,18.55,18.10,18.50,13050,884550
20220722,10:53,18.50,18.60,18.05,18.40,15850,896500
20220722,10:54,18.35,18.60,18.30,18.35,35650,896500
20220722,10:55,18.50,18.50,17.60,17.95,32500,896500
20220722,10:56,17.95,18.50,17.85,18.05,35450,899750
20220722,10:57,18.00,18.40,17.80,17.80,20000,899750
20220722,10:58,17.80,17.95,17.55,17.60,16500,899750
20220722,10:59,17.80,17.80,17.10,17.35,48700,930700
20220722,11:00,17.45,17.85,17.20,17.85,15450,930700
20220722,11:01,17.95,18.35,17.95,18.10,14550,930700
20220722,11:02,18.15,18.50,18.05,18.25,7100,938650
20220722,11:03,18.40,18.45,17.85,17.85,7400,938650
20220722,11:04,17.85,17.85,17.50,17.85,5550,938650
20220722,11:05,17.85,18.20,17.80,17.90,11450,940750
20220722,11:06,17.85,18.05,17.55,17.90,4450,940750
20220722,11:07,17.80,17.80,17.10,17.15,17050,940750
20220722,11:08,17.05,17.55,17.05,17.20,9400,949700
20220722,11:09,17.10,17.35,16.95,17.35,11950,949700
20220722,11:10,17.35,17.80,17.30,17.80,10950,949700
20220722,11:11,17.90,18.05,17.65,17.90,13100,951150
20220722,11:12,17.80,17.80,17.45,17.60,6900,951150
20220722,11:13,17.45,17.60,17.25,17.30,5350,951150
20220722,11:14,17.15,17.35,16.80,17.35,15700,945650
20220722,11:15,17.30,17.30,16.90,17.05,10000,945650
20220722,11:16,17.30,17.35,16.90,17.05,22550,945650
20220722,11:17,16.80,17.10,16.80,17.05,11600,956850
20220722,11:18,17.05,17.15,16.85,17.00,4450,956850
20220722,11:19,17.00,17.05,16.85,16.90,14200,956850
20220722,11:20,16.90,17.20,16.85,17.15,7400,958650
20220722,11:21,17.25,17.50,17.20,17.25,7200,958650
20220722,11:22,17.30,17.35,17.10,17.35,5100,958650
20220722,11:23,17.50,17.50,17.10,17.10,11800,961000
20220722,11:24,17.10,17.35,17.05,17.25,7200,961000
20220722,11:25,17.25,17.40,17.10,17.35,6400,961000
20220722,11:26,17.30,17.30,16.85,16.90,8900,962000
20220722,11:27,16.75,16.85,16.55,16.85,15550,962000
20220722,11:28,16.95,17.35,16.85,17.30,21550,962000
20220722,11:29,17.35,17.40,17.05,17.05,7550,968300
20220722,11:30,16.85,17.10,16.85,17.10,13100,968300
20220722,11:31,17.00,17.10,16.75,17.00,13650,968300
20220722,11:32,17.00,17.15,16.80,17.15,5000,970250
20220722,11:33,17.10,17.15,16.70,16.80,12700,970250
20220722,11:34,16.90,16.90,16.75,16.85,4400,970250
20220722,11:35,16.75,16.75,16.15,16.15,13400,972700
20220722,11:36,16.05,16.55,15.95,16.40,9950,972700
20220722,11:37,16.30,16.50,16.05,16.50,7500,972700
20220722,11:38,16.60,16.75,16.60,16.65,11650,969950
20220722,11:39,16.60,16.85,16.60,16.60,9500,969950
20220722,11:40,16.80,16.80,16.40,16.40,5050,969950
20220722,11:41,16.35,16.65,16.30,16.60,4100,968250
20220722,11:42,16.40,16.40,15.90,16.05,13900,968250
20220722,11:43,16.15,16.15,15.75,15.85,9050,968250
20220722,11:44,15.90,15.95,15.50,15.50,31150,962200
20220722,11:45,15.35,15.60,14.65,14.85,165450,962200
20220722,11:46,14.50,14.80,14.15,14.15,75850,962200
20220722,11:47,14.05,14.50,14.05,14.40,22200,1039150
20220722,11:48,14.45,14.75,14.35,14.60,26200,1039150
20220722,11:49,14.55,14.70,14.40,14.50,19550,1039150
20220722,11:50,14.40,14.50,14.20,14.20,19500,1039150
20220722,11:51,14.30,14.90,14.30,14.80,17000,1039150
20220722,11:52,14.75,14.80,14.65,14.75,5700,1039150
20220722,11:53,14.75,14.80,14.30,14.30,15350,1039250
20220722,11:54,14.30,14.45,14.05,14.05,33000,1039250
20220722,11:55,14.10,14.40,14.05,14.40,14950,1039250
20220722,11:56,14.35,14.50,14.30,14.45,10950,1031550
20220722,11:57,14.45,14.70,14.40,14.45,13950,1031550
20220722,11:58,14.45,14.65,14.35,14.45,7950,1031550
20220722,11:59,14.45,14.60,14.35,14.40,8500,1034250
20220722,12:00,14.35,14.70,14.25,14.50,5400,1034250
20220722,12:01,14.55,14.70,14.40,14.40,5450,1034250
20220722,12:02,14.40,14.40,14.00,14.10,13400,1034750
20220722,12:03,14.30,14.30,14.00,14.15,9400,1034750
20220722,12:04,14.05,14.25,14.05,14.20,5450,1034750
20220722,12:05,14.20,14.35,14.15,14.25,6350,1036100
20220722,12:06,14.35,14.35,14.00,14.00,13800,1036100
20220722,12:07,14.05,14.20,13.90,14.00,11850,1036100
20220722,12:08,13.95,14.25,13.95,14.20,19000,1035400
20220722,12:09,14.20,14.35,14.05,14.15,11700,1035400
20220722,12:10,14.15,14.30,14.00,14.15,7700,1035400
20220722,12:11,14.10,14.40,14.10,14.30,4850,1046050
20220722,12:12,14.30,14.35,14.10,14.15,46050,1046050
20220722,12:13,14.00,14.10,13.50,13.75,59500,1046050
20220722,12:14,13.70,13.75,13.30,13.75,19400,1090150
20220722,12:15,13.80,13.90,13.65,13.80,17650,1090150
20220722,12:16,13.75,14.05,13.75,14.05,13950,1090150
20220722,12:17,14.05,14.30,14.05,14.20,14000,1097450
20220722,12:18,14.20,14.20,14.00,14.05,13050,1097450
20220722,12:19,14.15,14.15,13.95,14.00,12300,1097450
20220722,12:20,14.00,14.20,14.00,14.20,4550,1095100
20220722,12:21,14.25,14.35,14.10,14.35,15700,1095100
20220722,12:22,14.35,14.50,14.10,14.30,16750,1095100
20220722,12:23,14.25,14.25,13.75,13.95,16800,1099050
20220722,12:24,14.05,14.05,13.80,13.85,9300,1099050
20220722,12:25,13.90,13.95,13.85,13.90,8150,1099050
20220722,12:26,13.90,13.90,13.65,13.70,34400,1100600
20220722,12:27,13.70,13.85,13.65,13.85,15000,1100600
20220722,12:28,13.90,14.00,13.65,13.80,35950,1100600
20220722,12:29,13.75,13.85,13.35,13.40,25450,1123000
20220722,12:30,13.25,13.75,13.25,13.60,43800,1123000
20220722,12:31,13.50,14.00,13.50,13.80,37150,1123000
20220722,12:32,13.75,14.00,13.60,13.70,14750,1154900
20220722,12:33,13.80,13.80,13.55,13.80,11800,1154900
20220722,12:34,13.65,13.70,13.50,13.50,7150,1154900
20220722,12:35,13.60,13.65,13.50,13.60,9450,1162900
20220722,12:36,13.60,13.85,13.55,13.80,10900,1162900
20220722,12:37,13.75,13.80,13.45,13.60,18450,1162900
20220722,12:38,13.70,13.80,13.45,13.70,13000,1165800
20220722,12:39,13.70,13.75,13.50,13.60,15850,1165800
20220722,12:40,13.60,13.70,13.50,13.55,17600,1165800
20220722,12:41,13.60,14.00,13.60,13.75,30850,1169600
20220722,12:42,13.75,13.90,13.60,13.65,15300,1169600
20220722,12:43,13.75,13.80,13.45,13.80,6600,1169600
20220722,12:44,13.80,13.85,13.65,13.65,8350,1169500
20220722,12:45,13.40,13.95,13.40,13.70,16300,1169500
20220722,12:46,13.70,13.90,13.70,13.90,6450,1169500
20220722,12:47,14.00,14.15,13.90,14.15,9650,1169500
20220722,12:48,14.05,14.35,13.90,14.10,12100,1170100
20220722,12:49,14.10,14.20,13.95,14.20,8250,1170100
20220722,12:50,14.10,14.10,13.80,13.80,2850,1170100
20220722,12:51,13.70,13.85,13.60,13.70,6000,1165450
20220722,12:52,13.80,13.80,13.60,13.70,6600,1165450
20220722,12:53,13.65,13.75,13.60,13.70,5100,1164750
20220722,12:54,13.65,13.75,13.50,13.50,3150,1164750
20220722,12:55,13.45,13.60,13.30,13.45,16450,1164750
20220722,12:56,13.40,13.55,13.30,13.35,30700,1169700
20220722,12:57,13.40,13.75,13.40,13.70,31350,1169700
20220722,12:58,13.60,13.90,13.60,13.85,19050,1169700
20220722,12:59,13.90,14.05,13.80,14.05,9850,1169700
20220722,13:00,14.00,14.50,13.95,14.40,23850,1189750
20220722,13:01,14.40,14.55,14.25,14.50,8600,1189750
20220722,13:02,14.40,14.65,14.00,14.55,17550,1189750
20220722,13:03,14.50,14.55,14.15,14.35,33300,1184950
20220722,13:04,14.45,14.60,14.35,14.50,19450,1184950
20220722,13:05,14.45,14.55,14.20,14.45,15500,1184950
20220722,13:06,14.45,14.70,14.45,14.65,12650,1196400
20220722,13:07,14.60,14.85,14.40,14.45,24400,1196400
20220722,13:08,14.45,14.60,14.40,14.55,5200,1196400
20220722,13:09,14.55,14.75,14.55,14.70,20850,1199150
20220722,13:10,14.70,14.80,14.55,14.65,13850,1199150
20220722,13:11,14.70,14.75,14.50,14.50,4650,1199150
20220722,13:12,14.55,14.55,14.20,14.30,13600,1200300
20220722,13:13,14.30,14.35,14.00,14.05,8300,1200300
20220722,13:14,14.00,14.20,13.90,14.20,4250,1200300
20220722,13:15,14.10,14.15,13.80,13.80,6450,1204700
20220722,13:16,13.85,14.10,13.85,14.05,3250,1204700
20220722,13:17,14.15,14.25,13.90,13.90,7600,1204700
20220722,13:18,13.85,14.05,13.80,14.00,4600,1203800
20220722,13:19,13.90,13.95,13.85,13.85,3950,1203800
20220722,13:20,13.80,14.20,13.80,14.15,6500,1203800
20220722,13:21,14.20,14.40,14.15,14.30,10050,1203150
20220722,13:22,14.40,14.60,14.20,14.45,12450,1203150
20220722,13:23,14.50,14.70,14.50,14.60,11350,1203150
20220722,13:24,14.55,14.80,14.55,14.75,5300,1205650
20220722,13:25,14.75,14.80,14.40,14.65,5500,1205650
20220722,13:26,14.70,14.85,14.50,14.85,2800,1205650
20220722,13:27,14.90,14.90,14.50,14.50,13600,1208000
20220722,13:28,14.55,14.60,14.40,14.45,4700,1208000
20220722,13:29,14.40,15.10,14.40,14.95,11850,1208000
20220722,13:30,14.80,15.15,14.45,14.70,12700,1208950
20220722,13:31,14.85,14.85,14.65,14.80,9000,1208950
20220722,13:32,14.85,14.95,14.65,14.80,10050,1208950
20220722,13:33,14.70,14.70,14.45,14.50,15350,1212750
20220722,13:34,14.70,14.75,14.50,14.60,4300,1212750
20220722,13:35,14.50,14.50,13.95,14.35,13350,1212750
20220722,13:36,14.40,14.40,13.95,14.10,12550,1210950
20220722,13:37,14.10,14.30,14.00,14.10,4050,1210950
20220722,13:38,14.10,14.35,13.95,14.00,5600,1210950
20220722,13:39,13.95,14.15,13.80,14.10,13650,1211400
20220722,13:40,14.05,14.05,13.60,13.60,8050,1211400
20220722,13:41,13.60,13.75,13.45,13.55,16250,1211400
20220722,13:42,13.50,13.60,13.25,13.40,21450,1217700
20220722,13:43,13.35,13.50,13.20,13.20,16850,1217700
20220722,13:44,13.20,13.20,12.95,13.10,17450,1217700
20220722,13:45,13.05,13.15,13.00,13.15,13750,1226800
20220722,13:46,13.10,13.50,13.10,13.40,18000,1226800
20220722,13:47,13.40,13.40,13.00,13.00,24600,1226800
20220722,13:48,13.00,13.00,12.45,13.00,65850,1228300
20220722,13:49,13.00,13.15,12.80,12.95,25600,1228300
20220722,13:50,12.90,13.25,12.90,13.20,57550,1228300
20220722,13:51,13.20,13.35,12.90,13.25,41300,1239200
20220722,13:52,13.20,13.40,13.10,13.10,12500,1239200
20220722,13:53,13.05,13.30,12.95,13.05,16550,1239200
20220722,13:54,13.10,13.30,13.00,13.25,40900,1224300
20220722,13:55,13.20,13.40,13.05,13.40,27600,1224300
20220722,13:56,13.40,13.40,13.20,13.35,21400,1224300
20220722,13:57,13.35,13.45,13.25,13.35,15650,1230550
20220722,13:58,13.15,13.30,13.10,13.30,6000,1230550
20220722,13:59,13.30,13.35,13.15,13.35,13100,1230550
20220722,14:00,13.25,13.40,13.10,13.35,15000,1228100
20220722,14:01,13.35,13.45,13.25,13.40,59200,1228100
20220722,14:02,13.30,13.30,12.85,13.00,26300,1228100
20220722,14:03,13.00,13.00,12.15,12.30,56850,1188550
20220722,14:04,12.30,12.45,12.05,12.40,26150,1188550
20220722,14:05,12.30,12.55,12.30,12.35,26100,1188550
20220722,14:06,12.40,12.50,12.30,12.40,19100,1190650
20220722,14:07,12.45,12.45,12.10,12.25,42200,1190650
20220722,14:08,12.15,12.30,11.95,12.15,45100,1190650
20220722,14:09,12.20,12.35,12.15,12.35,26000,1192550
20220722,14:10,12.35,12.45,12.20,12.45,28500,1192550
20220722,14:11,12.40,12.45,12.10,12.20,39600,1192550
20220722,14:12,12.10,12.25,12.00,12.25,35950,1191400
20220722,14:13,12.25,12.30,12.20,12.25,13950,1191400
20220722,14:14,12.25,12.45,12.20,12.45,13000,1191400
20220722,14:15,12.40,12.40,12.00,12.10,10450,1183850
20220722,14:16,12.10,12.15,12.00,12.05,16050,1183850
20220722,14:17,12.05,12.30,12.05,12.15,20450,1183850
20220722,14:18,12.15,12.45,12.10,12.30,21850,1181650
20220722,14:19,12.40,12.40,12.20,12.35,6850,1181650
20220722,14:20,12.30,12.45,12.05,12.15,11850,1181650
20220722,14:21,12.10,12.15,11.95,12.00,17550,1174050
20220722,14:22,12.05,12.15,11.60,11.65,52250,1174050
20220722,14:23,11.65,11.85,11.55,11.75,47750,1174050
20220722,14:24,11.75,12.05,11.70,11.80,48200,1139350
20220722,14:25,11.80,12.10,11.75,12.00,15850,1139350
20220722,14:26,12.00,12.00,11.75,11.80,19300,1139350
20220722,14:27,11.80,12.00,11.80,12.00,31950,1129400
20220722,14:28,11.95,12.10,11.90,12.05,48100,1129400
20220722,14:29,12.00,12.15,12.00,12.15,15150,1129400
20220722,14:30,12.15,12.30,11.65,11.80,20150,1098600
20220722,14:31,11.75,12.00,11.75,11.95,22550,1098600
20220722,14:32,11.90,12.10,11.85,12.05,54300,1098600
20220722,14:33,12.15,12.45,12.15,12.45,88250,1071000
20220722,14:34,12.50,12.55,12.30,12.40,52400,1071000
20220722,14:35,12.20,12.30,11.95,12.10,55100,1071000
20220722,14:36,12.10,12.50,12.05,12.20,33100,1066950
20220722,14:37,12.20,12.40,12.15,12.20,32850,1066950
20220722,14:38,12.15,12.35,12.05,12.20,36800,1066950
20220722,14:39,12.15,12.45,12.15,12.45,24750,1069100
20220722,14:40,12.45,12.50,12.30,12.40,28700,1069100
20220722,14:41,12.40,12.40,12.05,12.10,17850,1069100
20220722,14:42,12.15,12.20,11.90,12.15,12450,1060500
20220722,14:43,12.15,12.30,12.00,12.15,14050,1060500
20220722,14:44,12.05,12.20,11.90,12.10,58250,1060500
20220722,14:45,12.10,12.30,12.10,12.25,20650,1079750
20220722,14:46,12.25,12.25,11.60,11.65,86500,1079750
20220722,14:47,11.65,11.70,11.40,11.65,29400,1079750
20220722,14:48,11.60,12.10,11.60,12.10,15100,1117250
20220722,14:49,12.10,12.10,11.85,12.00,19000,1117250
20220722,14:50,11.90,12.05,11.65,11.65,33950,1117250
20220722,14:51,11.70,11.70,11.20,11.65,41000,1135800
20220722,14:52,11.65,11.90,11.60,11.80,16450,1135800
20220722,14:53,11.85,11.95,11.55,11.70,25750,1135800
20220722,14:54,11.60,11.75,11.40,11.50,26200,1140800
20220722,14:55,11.55,11.90,11.55,11.80,30650,1140800
20220722,14:56,11.80,11.80,11.55,11.55,7600,1140800
20220722,14:57,11.55,11.75,11.45,11.70,10300,1136600
20220722,14:58,11.70,11.75,11.55,11.75,4550,1136600
20220722,14:59,11.75,11.80,11.55,11.55,12800,1136600
20220722,15:00,11.60,11.95,11.55,11.55,23550,1140150
20220722,15:01,11.55,11.70,10.75,11.10,58250,1140150
20220722,15:02,11.00,11.30,11.00,11.10,27900,1140150
20220722,15:03,11.20,11.30,10.95,11.00,27550,1139950
20220722,15:04,11.05,11.25,11.00,11.20,10950,1139950
20220722,15:05,11.20,11.25,11.05,11.05,7550,1139950
20220722,15:06,11.05,11.20,11.05,11.15,21300,1134000
20220722,15:07,11.15,11.40,11.10,11.35,30400,1134000
20220722,15:08,11.35,11.45,11.20,11.30,27500,1134000
20220722,15:09,11.30,11.40,11.15,11.20,16100,1119000
20220722,15:10,11.15,11.35,10.80,10.95,26250,1119000
20220722,15:11,11.00,11.05,10.85,11.05,29400,1119000
20220722,15:12,10.90,11.05,10.90,11.00,30150,1113500
20220722,15:13,11.05,11.05,10.95,11.00,16150,1113500
20220722,15:14,11.05,11.10,10.95,11.10,33150,1113500
20220722,15:15,11.05,11.30,11.05,11.25,79800,1100550
20220722,15:16,11.25,11.40,11.15,11.35,43150,1100550
20220722,15:17,11.35,11.45,11.30,11.30,13150,1100550
20220722,15:18,11.30,11.55,11.25,11.40,31600,1109000
20220722,15:19,11.45,11.50,11.35,11.45,19950,1109000
20220722,15:20,11.40,11.80,11.40,11.75,39150,1109000
20220722,15:21,11.80,11.85,11.55,11.55,30100,1098100
20220722,15:22,11.60,11.70,11.45,11.55,17700,1098100
20220722,15:23,11.55,11.60,11.45,11.50,30050,1098100
20220722,15:24,11.55,11.65,11.35,11.35,40000,1091250
20220722,15:25,11.35,11.70,11.20,11.45,78650,1091250
20220722,15:26,11.60,11.60,11.40,11.50,30400,1091250
20220722,15:27,11.40,11.70,11.05,11.05,39700,1082900
20220722,15:28,11.05,11.40,11.00,11.40,54200,1082900
20220722,15:29,11.25,11.50,11.10,11.45,62550,1082900
20220722,15:30,11.05,11.05,11.05,11.05,450,1082900
20220725,09:15,11.05,11.95,8.10,8.45,162602,1069000
20220725,09:16,8.50,9.30,8.25,8.80,314100,1069000
20220725,09:17,8.95,9.15,8.65,8.80,155050,1201850
20220725,09:18,8.80,9.00,8.75,9.00,117300,1201850
20220725,09:19,9.00,9.05,8.60,8.65,57200,1201850
20220725,09:20,8.70,8.70,8.05,8.20,171450,1207250
20220725,09:21,8.20,8.30,7.95,8.15,113500,1207250
20220725,09:22,8.05,8.15,7.75,7.90,59700,1207250
20220725,09:23,7.90,8.20,7.90,8.05,39050,1216600
20220725,09:24,8.00,8.30,7.85,8.20,36100,1216600
20220725,09:25,8.20,8.35,8.05,8.05,71350,1216600
20220725,09:26,8.05,8.25,8.00,8.10,56800,1255050
20220725,09:27,8.15,8.30,7.95,7.95,38050,1255050
20220725,09:28,8.00,8.25,7.90,8.15,79300,1255050
20220725,09:29,8.10,8.60,8.10,8.50,39000,1320800
20220725,09:30,8.75,8.85,8.50,8.80,79050,1320800
20220725,09:31,8.80,9.45,8.70,9.45,103400,1320800
20220725,09:32,9.45,9.80,9.45,9.50,396250,1280850
20220725,09:33,9.50,9.70,9.15,9.70,148900,1280850
20220725,09:34,9.70,9.85,9.40,9.40,103000,1280850
20220725,09:35,9.40,9.50,8.95,9.00,152550,1179700
20220725,09:36,9.00,9.15,8.65,8.75,152400,1179700
20220725,09:37,8.75,8.75,8.45,8.70,50300,1179700
20220725,09:38,8.70,8.70,8.35,8.55,45100,1268950
20220725,09:39,8.45,8.90,8.40,8.85,49300,1268950
20220725,09:40,8.95,9.00,8.40,8.40,70250,1268950
20220725,09:41,8.40,8.80,8.40,8.70,47200,1267300
20220725,09:42,8.75,9.00,8.55,8.90,46850,1267300
20220725,09:43,8.95,9.05,8.75,9.05,27550,1267300
20220725,09:44,9.15,9.55,9.05,9.45,42750,1266800
20220725,09:45,9.45,10.00,9.45,9.80,91850,1266800
20220725,09:46,9.80,10.35,9.80,10.25,74850,1266800
20220725,09:47,10.25,10.40,10.05,10.25,179850,1257850
20220725,09:48,10.30,10.45,9.90,10.05,100300,1257850
20220725,09:49,10.10,10.25,9.65,9.65,38600,1257850
20220725,09:50,9.85,10.20,9.80,9.90,90350,1230350
20220725,09:51,9.90,10.00,9.65,9.80,35000,1230350
20220725,09:52,9.85,10.35,9.80,10.30,87450,1230350
20220725,09:53,10.45,10.85,10.10,10.70,109900,1194550
20220725,09:54,10.55,11.05,10.50,10.95,91450,1194550
20220725,09:55,11.10,11.75,10.90,11.70,152150,1194550
20220725,09:56,11.70,12.25,11.40,11.50,87000,1173650
20220725,09:57,11.50,11.60,10.80,11.60,34200,1173650
20220725,09:58,11.75,11.90,11.15,11.20,41750,1173650
20220725,09:59,11.15,11.55,10.65,10.90,63150,1185000
20220725,10:00,11.00,11.05,10.40,10.60,68900,1185000
20220725,10:01,10.60,11.35,10.60,11.35,44500,1185000
20220725,10:02,11.30,11.75,11.25,11.70,81800,1173750
20220725,10:03,11.70,11.95,11.50,11.75,54600,1173750
20220725,10:04,11.80,12.20,11.60,12.20,132750,1173750
20220725,10:05,12.15,12.45,11.55,11.60,119600,1139900
20220725,10:06,11.65,12.30,11.60,12.30,49100,1139900
20220725,10:07,12.25,12.45,11.85,11.90,44700,1139900
20220725,10:08,11.80,12.10,11.55,11.65,40450,1147250
20220725,10:09,11.65,11.65,11.30,11.30,40800,1147250
20220725,10:10,11.25,11.70,11.25,11.25,23350,1147250
20220725,10:11,11.40,11.60,10.90,10.95,60450,1150750
20220725,10:12,11.00,11.25,10.80,11.15,30000,1150750
20220725,10:13,11.15,11.20,10.45,10.55,37700,1150750
20220725,10:14,10.55,10.55,10.05,10.55,79700,1146000
20220725,10:15,10.45,10.85,10.25,10.60,50700,1146000
20220725,10:16,10.60,10.80,10.50,10.70,24050,1146000
20220725,10:17,10.75,10.85,10.60,10.80,24000,1134300
20220725,10:18,10.75,10.75,10.00,10.00,47750,1134300
20220725,10:19,9.95,10.20,9.75,10.10,71450,1134300
20220725,10:20,10.15,10.75,10.15,10.75,42450,1149800
20220725,10:21,10.75,11.00,10.70,11.00,45600,1149800
20220725,10:22,10.95,11.15,10.75,10.75,19100,1149800
20220725,10:23,10.80,11.10,10.80,10.85,31750,1159400
20220725,10:24,10.75,11.00,10.70,10.95,28050,1159400
20220725,10:25,11.00,11.10,10.80,10.80,20550,1159400
20220725,10:26,10.85,10.90,10.50,10.60,23300,1167150
20220725,10:27,10.70,10.75,10.25,10.40,15450,1167150
20220725,10:28,10.25,10.90,10.10,10.80,10850,1167150
20220725,10:29,10.80,11.40,10.80,11.15,34500,1164850
20220725,10:30,11.30,11.60,11.00,11.30,40250,1164850
20220725,10:31,11.35,11.50,11.05,11.50,16200,1164850
20220725,10:32,11.50,11.55,11.05,11.20,42150,1181750
20220725,10:33,11.15,11.25,10.80,11.15,23450,1181750
20220725,10:34,11.15,11.25,11.00,11.00,12900,1181750
20220725,10:35,11.05,11.15,10.35,10.65,42150,1184050
20220725,10:36,10.65,10.95,10.45,10.70,30600,1184050
20220725,10:37,10.65,11.00,10.60,10.60,8450,1184050
20220725,10:38,10.60,10.70,10.25,10.55,22500,1191200
20220725,10:39,10.50,10.55,10.20,10.30,15700,1191200
20220725,10:40,10.25,10.45,10.00,10.00,12900,1191200
20220725,10:41,10.15,10.40,10.05,10.35,30000,1189550
20220725,10:42,10.30,10.75,10.30,10.70,25450,1189550
20220725,10:43,10.65,10.80,10.50,10.75,26550,1189550
20220725,10:44,10.80,10.95,10.70,10.85,45050,1181150
20220725,10:45,10.85,11.05,10.80,11.05,25200,1181150
20220725,10:46,11.10,11.15,10.95,11.10,19550,1181150
20220725,10:47,11.20,11.25,11.00,11.20,30450,1183200
20220725,10:48,11.25,11.30,11.00,11.15,22200,1183200
20220725,10:49,11.20,11.30,10.70,10.80,37750,1183200
20220725,10:50,10.70,10.70,10.15,10.45,43150,1188050
20220725,10:51,10.55,10.90,10.50,10.85,38650,1188050
20220725,10:52,10.95,10.95,10.40,10.45,24800,1188050
20220725,10:53,10.50,10.95,10.50,10.80,14950,1204450
20220725,10:54,10.85,11.00,10.80,11.00,9350,1204450
20220725,10:55,11.00,11.00,10.60,10.95,7400,1204450
20220725,10:56,10.90,11.10,10.90,11.10,12500,1206300
20220725,10:57,11.20,11.20,10.75,10.85,12150,1206300
20220725,10:58,10.85,11.00,10.75,10.75,12300,1206300
20220725,10:59,10.65,10.90,10.60,10.85,14200,1206200
20220725,11:00,10.85,11.05,10.75,10.75,19850,1206200
20220725,11:01,10.80,11.20,10.80,11.10,6700,1206200
20220725,11:02,11.15,11.40,11.10,11.30,32150,1207800
20220725,11:03,11.40,11.40,11.25,11.30,38500,1207800
20220725,11:04,11.35,11.60,11.25,11.60,29450,1207800
20220725,11:05,11.65,12.20,11.65,11.80,159450,1223050
20220725,11:06,11.95,12.10,11.55,12.10,101150,1223050
20220725,11:07,12.25,12.40,12.10,12.20,87050,1223050
20220725,11:08,12.15,12.30,11.75,12.00,70200,1345500
20220725,11:09,11.90,12.40,11.80,12.40,35950,1345500
20220725,11:10,12.40,13.10,12.10,13.05,122450,1345500
20220725,11:11,13.00,13.30,12.65,12.65,68400,1318900
20220725,11:12,12.65,13.15,12.50,13.15,42700,1318900
20220725,11:13,13.15,13.25,12.85,12.85,44850,1318900
20220725,11:14,12.90,13.60,12.80,13.50,69300,1336200
20220725,11:15,13.55,13.80,13.05,13.35,55300,1336200
20220725,11:16,13.35,13.60,13.00,13.55,235950,1336200
20220725,11:17,13.55,13.55,13.30,13.45,228200,1131100
20220725,11:18,13.50,13.55,13.15,13.55,175650,1131100
20220725,11:19,13.50,13.80,13.25,13.45,45950,1131100
20220725,11:20,13.25,13.30,12.60,12.75,40900,1036200
20220725,11:21,12.80,13.15,12.30,12.50,61100,1036200
20220725,11:22,12.60,12.80,12.30,12.30,25350,1036200
20220725,11:23,12.40,12.75,12.25,12.65,20250,1028200
20220725,11:24,12.60,12.85,12.35,12.75,24650,1028200
20220725,11:25,12.75,12.85,12.00,12.10,29150,1028200
20220725,11:26,12.10,12.55,11.75,12.35,41450,1001000
20220725,11:27,12.25,12.35,12.10,12.35,20650,1001000
20220725,11:28,12.35,12.40,11.90,12.05,16900,1001000
20220725,11:29,11.95,12.20,11.75,12.05,25500,1000000
20220725,11:30,12.05,12.35,11.75,12.15,16150,1000000
20220725,11:31,12.00,12.00,11.65,11.90,21500,1000000
20220725,11:32,11.60,11.90,11.55,11.85,20450,996400
20220725,11:33,11.75,11.90,11.60,11.65,22100,996400
20220725,11:34,11.70,11.75,11.30,11.40,14100,996400
20220725,11:35,11.50,11.80,11.50,11.70,23300,988150
20220725,11:36,11.70,11.75,11.35,11.65,20700,988150
20220725,11:37,11.60,11.95,11.60,11.85,12450,988150
20220725,11:38,11.80,11.95,11.65,11.95,11200,979950
20220725,11:39,11.95,12.05,11.70,11.85,22800,979950
20220725,11:40,11.90,11.95,11.75,11.75,13250,979950
20220725,11:41,11.75,11.75,11.45,11.55,25450,980500
20220725,11:42,11.55,11.80,11.50,11.80,17000,980500
20220725,11:43,11.80,12.05,11.75,11.85,23200,980500
20220725,11:44,11.85,12.00,11.55,11.60,17400,976450
20220725,11:45,11.70,11.80,11.55,11.65,14400,976450
20220725,11:46,11.65,12.05,11.45,12.00,27300,976450
20220725,11:47,12.00,12.05,11.10,11.10,30150,978450
20220725,11:48,11.30,11.35,10.65,10.80,50150,978450
20220725,11:49,10.85,10.85,10.20,10.25,73600,978450
20220725,11:50,10.05,10.30,10.00,10.25,42400,968200
20220725,11:51,10.30,10.40,10.00,10.15,36100,968200
20220725,11:52,10.05,10.45,10.05,10.40,22300,968200
20220725,11:53,10.45,10.45,10.10,10.15,42450,975650
20220725,11:54,10.20,10.40,10.10,10.40,16600,975650
20220725,11:55,10.40,10.45,10.10,10.25,36300,975650
20220725,11:56,10.20,10.35,10.10,10.35,25250,978950
20220725,11:57,10.35,10.45,10.25,10.35,10150,978950
20220725,11:58,10.35,10.35,10.05,10.20,29500,978950
20220725,11:59,10.15,10.35,10.10,10.15,9600,986300
20220725,12:00,10.25,10.40,9.90,10.05,36550,986300
20220725,12:01,10.15,10.30,10.10,10.15,13400,986300
20220725,12:02,10.10,10.25,10.05,10.15,14450,986300
20220725,12:03,10.15,10.40,10.00,10.35,20050,993500
20220725,12:04,10.25,10.35,10.15,10.35,11850,993500
20220725,12:05,10.30,10.55,10.30,10.40,19150,993500
20220725,12:06,10.50,10.80,10.50,10.70,18950,999650
20220725,12:07,10.70,11.10,10.70,11.10,24050,999650
20220725,12:08,11.15,11.15,10.90,11.10,25750,1002050
20220725,12:09,11.05,11.25,10.95,11.10,31250,1002050
20220725,12:10,11.20,11.55,11.10,11.35,23150,1002050
20220725,12:11,11.40,11.45,11.05,11.30,36650,1002050
20220725,12:12,11.35,11.65,11.25,11.45,28300,1025700
20220725,12:13,11.40,11.45,11.20,11.30,15950,1025700
20220725,12:14,11.25,11.40,11.20,11.20,17900,1025700
20220725,12:15,11.10,11.25,10.85,11.00,27450,1018350
20220725,12:16,10.80,10.90,10.65,10.75,35950,1018350
20220725,12:17,10.65,10.80,10.40,10.75,16650,1018350
20220725,12:18,10.75,10.75,10.45,10.60,11500,1006700
20220725,12:19,10.50,10.65,10.30,10.30,9900,1006700
20220725,12:20,10.45,10.60,10.35,10.40,11500,1006700
20220725,12:21,10.45,10.55,10.15,10.20,18350,1001950
20220725,12:22,10.15,10.25,10.10,10.25,24950,1001950
20220725,12:23,10.30,10.45,10.25,10.35,17400,1001950
20220725,12:24,10.35,10.55,10.35,10.40,7800,1007850
20220725,12:25,10.50,10.70,10.40,10.70,16450,1007850
20220725,12:26,10.65,10.80,10.60,10.65,15700,1007850
20220725,12:27,10.65,10.75,10.65,10.70,5750,1007950
20220725,12:28,10.75,10.75,10.50,10.60,11350,1007950
20220725,12:29,10.65,10.75,10.60,10.60,9350,1007950
20220725,12:30,10.60,10.80,10.35,10.40,14000,1008900
20220725,12:31,10.45,10.75,10.40,10.70,3700,1008900
20220725,12:32,10.65,10.95,10.65,10.70,8700,1008900
20220725,12:33,10.60,10.85,10.40,10.45,7750,1009550
20220725,12:34,10.50,10.60,10.00,10.25,29200,1009550
20220725,12:35,10.35,10.65,10.30,10.60,9900,1009550
20220725,12:36,10.70,11.10,10.70,11.00,25150,1016550
20220725,12:37,11.15,11.25,10.85,11.00,47500,1016550
20220725,12:38,11.05,11.05,10.75,10.95,25350,1016550
20220725,12:39,11.00,11.05,10.80,10.95,11150,1006850
20220725,12:40,10.95,11.25,10.75,11.15,11500,1006850
20220725,12:41,11.15,11.30,10.95,11.05,34700,1006850
20220725,12:42,11.05,11.05,10.55,10.75,22900,1002450
20220725,12:43,10.80,10.90,10.50,10.55,16750,1002450
20220725,12:44,10.50,10.70,10.35,10.45,16300,1002450
20220725,12:45,10.50,10.70,10.30,10.70,25400,1006750
20220725,12:46,10.70,11.00,10.65,11.00,24950,1006750
20220725,12:47,10.85,11.05,10.70,10.85,7400,1006750
20220725,12:48,10.95,10.95,10.55,10.65,6050,1007200
20220725,12:49,10.75,10.85,10.65,10.75,13600,1007200
20220725,12:50,10.75,11.10,10.70,11.00,19600,1007200
20220725,12:51,11.05,11.50,11.05,11.45,55000,1003250
20220725,12:52,11.65,11.80,11.40,11.75,112350,1003250
20220725,12:53,11.65,11.75,11.25,11.40,20400,1003250
20220725,12:54,11.45,11.60,11.20,11.20,14300,985950
20220725,12:55,11.25,11.25,10.85,11.05,30300,985950
20220725,12:56,11.10,11.15,10.65,10.90,18250,985950
20220725,12:57,10.80,11.40,10.75,11.30,31800,990900
20220725,12:58,11.30,11.30,10.95,11.00,6050,990900
20220725,12:59,10.85,11.05,10.70,10.90,10450,990900
20220725,13:00,10.80,11.30,10.55,11.30,23250,991350
20220725,13:01,11.25,11.30,10.90,10.95,21600,991350
20220725,13:02,10.95,11.00,10.65,11.00,15800,991350
20220725,13:03,11.00,11.00,10.70,10.80,3200,989850
20220725,13:04,10.85,10.90,10.65,10.90,5550,989850
20220725,13:05,10.75,10.95,10.75,10.90,5400,989850
20220725,13:06,10.90,10.95,10.70,10.95,8350,988700
20220725,13:07,11.00,11.15,10.90,11.00,3550,988700
20220725,13:08,10.95,11.10,10.85,11.10,7100,988700
20220725,13:09,10.95,10.95,10.70,10.70,9250,988500
20220725,13:10,10.70,10.85,10.60,10.80,40950,988500
20220725,13:11,10.90,11.05,10.70,10.75,23050,988500
20220725,13:12,10.65,10.75,10.20,10.20,25300,993500
20220725,13:13,10.15,10.15,9.70,9.80,57050,993500
20220725,13:14,9.80,9.80,9.15,9.40,62000,993500
20220725,13:15,9.35,9.35,8.55,8.75,102750,1009700
20220725,13:16,8.80,9.00,8.70,9.00,48500,1009700
20220725,13:17,9.05,9.50,9.05,9.50,34450,1009700
20220725,13:18,9.50,9.60,9.30,9.35,24850,1015900
20220725,13:19,9.45,9.50,9.25,9.35,13150,1015900
20220725,13:20,9.40,9.40,9.00,9.05,39050,1015900
20220725,13:21,9.10,9.10,8.80,9.05,23000,1025750
20220725,13:22,9.00,9.30,9.00,9.30,15650,1025750
20220725,13:23,9.25,9.40,9.15,9.40,10850,1025750
20220725,13:24,9.40,9.45,9.25,9.35,18900,1022900
20220725,13:25,9.25,9.40,9.15,9.40,15500,1022900
20220725,13:26,9.30,9.40,9.05,9.20,13100,1022900
20220725,13:27,9.20,9.40,9.15,9.35,13200,1025600
20220725,13:28,9.35,9.65,9.35,9.60,29850,1025600
20220725,13:29,9.55,9.70,9.45,9.55,25600,1025600
20220725,13:30,9.55,9.90,9.55,9.90,13300,1032700
20220725,13:31,9.90,10.50,9.85,10.40,56950,1032700
20220725,13:32,10.35,10.45,10.10,10.10,50250,1032700
20220725,13:33,10.25,10.45,10.05,10.15,36950,1048900
20220725,13:34,10.10,10.25,9.95,10.10,20900,1048900
20220725,13:35,10.15,10.45,10.15,10.35,14150,1048900
20220725,13:36,10.35,10.35,10.05,10.25,15450,1042450
20220725,13:37,10.30,10.35,10.00,10.15,20600,1042450
20220725,13:38,10.10,10.10,9.60,9.60,13050,1042450
20220725,13:39,9.60,9.65,9.35,9.50,16350,1035950
20220725,13:40,9.55,9.60,9.30,9.55,25550,1035950
20220725,13:41,9.60,9.65,9.40,9.50,31950,1035950
20220725,13:42,9.60,9.60,9.10,9.10,23050,1032100
20220725,13:43,9.10,9.35,9.00,9.30,22800,1032100
20220725,13:44,9.35,9.75,9.35,9.65,33150,1032100
20220725,13:45,9.65,9.65,9.40,9.50,10700,1037550
20220725,13:46,9.40,9.50,9.10,9.15,15300,1037550
20220725,13:47,9.20,9.30,9.05,9.05,14000,1037550
20220725,13:48,9.10,9.20,8.90,8.90,16250,1043100
20220725,13:49,8.95,9.05,8.75,9.05,30550,1043100
20220725,13:50,9.10,9.30,9.05,9.15,19300,1043100
20220725,13:51,9.15,9.15,9.00,9.15,21200,1044450
20220725,13:52,8.95,9.25,8.90,9.20,12200,1044450
20220725,13:53,9.20,9.35,9.10,9.10,13300,1044450
20220725,13:54,9.10,9.15,9.00,9.05,14300,1049050
20220725,13:55,9.20,9.30,9.10,9.20,11500,1049050
20220725,13:56,9.15,9.20,9.10,9.10,3800,1049050
20220725,13:57,9.05,9.30,8.90,9.25,20650,1055000
20220725,13:58,9.20,9.40,9.15,9.15,17500,1055000
20220725,13:59,9.10,9.15,9.00,9.00,18750,1055000
20220725,14:00,9.00,9.25,8.95,9.25,12800,1065250
20220725,14:01,9.25,9.30,9.00,9.20,9200,1065250
20220725,14:02,9.20,9.20,8.70,9.00,28450,1065250
20220725,14:03,9.15,9.25,9.00,9.05,20100,1067400
20220725,14:04,9.00,9.00,7.85,8.15,113900,1067400
20220725,14:05,8.15,8.30,7.45,7.55,83000,1067400
20220725,14:06,7.45,7.50,7.15,7.20,96550,1067200
20220725,14:07,7.15,7.25,6.95,7.00,117400,1067200
20220725,14:08,7.00,7.25,6.90,6.95,253400,1067200
20220725,14:09,6.95,7.00,6.70,6.95,216550,1135350
20220725,14:10,6.95,6.95,6.50,6.75,147850,1135350
20220725,14:11,6.70,7.00,6.65,6.90,61050,1135350
20220725,14:12,6.90,7.05,6.90,7.00,51350,1181850
20220725,14:13,7.00,7.05,6.80,6.80,53850,1181850
20220725,14:14,6.85,6.90,6.75,6.80,43000,1181850
20220725,14:15,6.80,6.80,6.55,6.65,49500,1179550
20220725,14:16,6.60,6.65,6.30,6.40,90400,1179550
20220725,14:17,6.40,6.50,6.35,6.45,66350,1179550
20220725,14:18,6.50,6.60,6.45,6.50,71350,1189600
20220725,14:19,6.50,6.65,6.50,6.55,49350,1189600
20220725,14:20,6.55,6.65,6.55,6.60,54950,1189600
20220725,14:21,6.65,6.90,6.60,6.65,61700,1196850
20220725,14:22,6.55,6.60,6.10,6.10,104200,1196850
20220725,14:23,6.10,6.25,6.05,6.10,90100,1196850
20220725,14:24,6.10,6.10,5.85,6.05,158000,1200000
20220725,14:25,6.10,6.20,5.95,6.15,76450,1200000
20220725,14:26,6.15,6.15,5.85,5.85,63200,1200000
20220725,14:27,5.90,5.90,5.75,5.80,85200,1252200
20220725,14:28,5.80,5.90,5.75,5.85,126750,1252200
20220725,14:29,5.90,5.90,5.70,5.80,53400,1252200
20220725,14:30,5.75,5.85,5.65,5.75,93900,1276150
20220725,14:31,5.75,6.00,5.75,6.00,64850,1276150
20220725,14:32,6.00,6.10,6.00,6.05,47550,1276150
20220725,14:33,6.05,6.05,5.90,5.95,60450,1294200
20220725,14:34,5.95,6.00,5.85,5.85,57050,1294200
20220725,14:35,5.90,5.90,5.60,5.60,70100,1294200
20220725,14:36,5.60,5.65,5.35,5.45,87250,1261250
20220725,14:37,5.50,5.70,5.40,5.60,91150,1261250
20220725,14:38,5.65,5.95,5.65,5.90,101200,1261250
20220725,14:39,5.90,6.15,5.85,6.10,139150,1316150
20220725,14:40,6.15,6.25,6.05,6.20,72750,1316150
20220725,14:41,6.20,6.20,6.05,6.05,62150,1316150
20220725,14:42,6.05,6.05,5.70,5.75,92950,1306950
20220725,14:43,5.75,5.75,5.60,5.65,45050,1306950
20220725,14:44,5.70,5.80,5.65,5.75,18100,1306950
20220725,14:45,5.70,6.00,5.70,5.95,23050,1303750
20220725,14:46,6.00,6.15,5.95,6.10,49200,1303750
20220725,14:47,6.05,6.05,5.75,5.75,61450,1303750
20220725,14:48,5.75,5.80,5.65,5.65,41700,1320650
20220725,14:49,5.65,5.75,5.60,5.75,40100,1320650
20220725,14:50,5.75,5.85,5.70,5.75,40450,1320650
20220725,14:51,5.85,5.95,5.80,5.90,72250,1323900
20220725,14:52,5.90,6.00,5.75,5.75,84200,1323900
20220725,14:53,5.75,5.85,5.70,5.85,29550,1323900
20220725,14:54,5.85,6.00,5.80,5.95,36650,1276850
20220725,14:55,6.00,6.05,5.90,5.90,57300,1276850
20220725,14:56,5.90,5.95,5.70,5.75,23450,1276850
20220725,14:57,5.70,5.75,5.60,5.70,50100,1302900
20220725,14:58,5.70,5.85,5.70,5.80,21200,1302900
20220725,14:59,5.85,5.90,5.75,5.80,31800,1302900
20220725,15:00,5.80,6.50,5.80,6.40,160150,1297300
20220725,15:01,6.40,6.80,6.30,6.55,231950,1297300
20220725,15:02,6.60,6.85,6.50,6.60,109750,1297300
20220725,15:03,6.60,6.75,6.50,6.50,73100,1250650
20220725,15:04,6.55,6.60,6.45,6.55,32100,1250650
20220725,15:05,6.55,6.60,6.25,6.40,80150,1250650
20220725,15:06,6.45,6.50,6.25,6.35,75450,1243850
20220725,15:07,6.30,6.35,5.80,5.95,82150,1243850
20220725,15:08,5.95,6.25,5.95,6.25,46650,1243850
20220725,15:09,6.30,6.40,6.25,6.30,51000,1237500
20220725,15:10,6.30,6.40,6.10,6.20,69900,1237500
20220725,15:11,6.25,6.30,6.10,6.30,29600,1237500
20220725,15:12,6.25,6.35,6.15,6.35,20250,1251100
20220725,15:13,6.30,6.80,6.25,6.80,80300,1251100
20220725,15:14,6.85,7.05,6.75,6.75,88750,1251100
20220725,15:15,6.80,7.20,6.80,7.00,93100,1241450
20220725,15:16,7.00,7.10,6.85,7.00,110100,1241450
20220725,15:17,7.05,7.10,6.95,7.05,92050,1241450
20220725,15:18,7.05,7.15,7.00,7.15,111150,1356250
20220725,15:19,7.10,7.10,6.60,6.65,96750,1356250
20220725,15:20,6.85,7.15,6.80,7.10,65300,1356250
20220725,15:21,7.05,7.15,6.85,7.10,46900,1446350
20220725,15:22,7.10,7.55,7.10,7.55,106350,1446350
20220725,15:23,7.60,7.65,7.45,7.55,149200,1446350
20220725,15:24,7.50,8.15,7.50,8.10,311900,1517500
20220725,15:25,8.10,8.10,7.50,7.60,238900,1517500
20220725,15:26,7.55,7.60,7.20,7.40,76300,1517500
20220725,15:27,7.45,7.55,7.25,7.50,49800,1643550
20220725,15:28,7.50,7.55,7.30,7.35,84000,1643550
20220725,15:29,7.40,7.60,7.30,7.60,125200,1643550
20220725,15:30,7.00,7.00,7.00,7.00,750,1643550
20220726,09:15,4.65,7.20,4.65,6.30,131203,1671850
20220726,09:16,6.40,6.75,6.40,6.70,144350,1671850
20220726,09:17,6.70,7.00,6.50,6.75,214150,1677700
20220726,09:18,6.70,7.10,6.55,7.00,147900,1677700
20220726,09:19,6.95,7.85,6.90,7.85,278700,1677700
20220726,09:20,7.60,7.80,7.05,7.20,146950,1754750
20220726,09:21,7.15,7.85,7.15,7.40,125550,1754750
20220726,09:22,7.45,8.35,7.40,8.15,158050,1754750
20220726,09:23,8.10,8.25,7.55,7.60,107750,1718650
20220726,09:24,7.55,8.05,7.35,7.95,143500,1718650
20220726,09:25,8.00,8.30,7.85,8.00,134100,1718650
20220726,09:26,7.80,8.00,7.65,7.75,95650,1780800
20220726,09:27,7.65,8.20,7.60,7.90,90600,1780800
20220726,09:28,7.85,7.90,7.60,7.75,79150,1780800
20220726,09:29,7.80,8.05,7.80,7.90,66250,1779650
20220726,09:30,7.95,8.00,7.35,7.45,76450,1779650
20220726,09:31,7.45,7.45,7.00,7.10,176550,1779650
20220726,09:32,7.15,7.30,7.05,7.25,82550,1854950
20220726,09:33,7.25,7.90,7.25,7.90,105950,1854950
20220726,09:34,7.85,8.30,7.85,8.20,222350,1854950
20220726,09:35,8.20,8.20,7.80,8.00,148350,1892800
20220726,09:36,7.95,8.40,7.85,8.30,94300,1892800
20220726,09:37,8.30,8.40,7.90,7.95,115950,1892800
20220726,09:38,8.00,8.30,7.95,8.00,109250,1938100
20220726,09:39,8.00,8.20,8.00,8.15,103300,1938100
20220726,09:40,8.15,8.20,8.00,8.05,56900,1938100
20220726,09:41,8.05,8.05,7.65,7.75,139650,2006150
20220726,09:42,7.80,8.20,7.80,7.80,63100,2006150
20220726,09:43,7.85,7.95,7.60,7.65,49150,2006150
20220726,09:44,7.65,8.00,7.50,7.90,88600,2026800
20220726,09:45,7.95,8.15,7.90,8.15,55000,2026800
20220726,09:46,8.15,8.25,8.05,8.10,75100,2026800
20220726,09:47,8.10,8.25,7.95,8.25,68650,2043250
20220726,09:48,8.30,8.30,7.90,8.05,50250,2043250
20220726,09:49,8.05,8.15,8.05,8.15,25850,2043250
20220726,09:50,8.25,8.25,8.00,8.20,53350,2057950
20220726,09:51,8.25,8.25,7.95,7.95,25950,2057950
20220726,09:52,7.90,8.05,7.85,8.00,30300,2057950
20220726,09:53,7.95,8.00,7.80,7.95,58400,2069600
20220726,09:54,8.00,8.05,7.95,8.00,32450,2069600
20220726,09:55,8.05,8.30,8.05,8.10,46350,2069600
20220726,09:56,8.10,8.35,8.10,8.30,37750,2081600
20220726,09:57,8.30,8.30,8.05,8.15,64750,2081600
20220726,09:58,8.15,8.30,8.10,8.10,40350,2081600
20220726,09:59,8.10,8.15,7.75,7.75,50450,2083700
20220726,10:00,7.80,8.05,7.80,8.00,27950,2083700
20220726,10:01,7.95,8.05,7.80,8.05,40250,2083700
20220726,10:02,8.10,8.15,8.00,8.00,50150,2093100
20220726,10:03,8.05,8.10,7.85,7.85,40050,2093100
20220726,10:04,7.85,7.95,7.70,7.70,50400,2093100
20220726,10:05,7.75,7.85,7.60,7.85,55400,2097900
20220726,10:06,7.85,8.00,7.80,8.00,44550,2097900
20220726,10:07,7.95,8.15,7.95,8.05,46400,2097900
20220726,10:08,8.10,8.20,8.05,8.10,22900,2108700
20220726,10:09,8.05,8.10,7.85,8.05,56600,2108700
20220726,10:10,8.05,8.35,8.00,8.35,66500,2108700
20220726,10:11,8.35,8.65,8.35,8.40,181300,2121850
20220726,10:12,8.35,8.50,8.25,8.35,77450,2121850
20220726,10:13,8.30,8.60,8.15,8.60,40100,2121850
20220726,10:14,8.55,8.75,8.50,8.70,47900,2166100
20220726,10:15,8.65,8.70,8.30,8.30,59450,2166100
20220726,10:16,8.30,8.35,8.25,8.30,56500,2166100
20220726,10:17,8.30,8.30,8.15,8.15,119500,2131000
20220726,10:18,8.05,8.25,8.00,8.25,91300,2131000
20220726,10:19,8.25,8.25,7.80,7.85,102800,2131000
20220726,10:20,7.85,8.10,7.80,7.90,77050,2079000
20220726,10:21,7.90,8.10,7.85,8.05,45850,2079000
20220726,10:22,8.05,8.05,7.60,7.65,83200,2079000
20220726,10:23,7.60,7.70,7.35,7.35,61300,2042100
20220726,10:24,7.35,7.55,7.15,7.55,50950,2042100
20220726,10:25,7.55,7.75,7.55,7.75,32650,2042100
20220726,10:26,7.75,8.00,7.75,7.90,28100,2026500
20220726,10:27,7.90,7.95,7.75,7.85,11550,2026500
20220726,10:28,7.85,8.00,7.80,7.90,19250,2026500
20220726,10:29,7.90,8.10,7.85,8.00,21600,2036700
20220726,10:30,8.05,8.30,8.00,8.30,59650,2036700
20220726,10:31,8.30,8.90,8.30,8.55,94050,2036700
20220726,10:32,8.55,8.80,8.50,8.80,73000,2057200
20220726,10:33,8.85,9.20,8.80,8.80,96100,2057200
20220726,10:34,8.80,8.95,8.55,8.60,29400,2057200
20220726,10:35,8.50,8.75,8.45,8.70,32050,2034700
20220726,10:36,8.75,9.65,8.75,9.50,73650,2034700
20220726,10:37,9.45,9.75,9.05,9.10,94200,2034700
20220726,10:38,9.10,9.10,8.65,8.80,56300,2010400
20220726,10:39,8.75,9.10,8.60,9.00,41850,2010400
20220726,10:40,8.95,8.95,8.40,8.40,58900,2010400
20220726,10:41,8.35,8.60,8.30,8.45,56750,2028750
20220726,10:42,8.50,8.85,8.45,8.50,46450,2028750
20220726,10:43,8.50,8.85,8.45,8.75,25350,2028750
20220726,10:44,8.80,8.95,8.75,8.85,35100,2036850
20220726,10:45,8.85,9.00,8.75,8.95,41200,2036850
20220726,10:46,9.00,9.00,8.70,8.85,13700,2036850
20220726,10:47,8.80,9.15,8.80,8.85,65350,2030050
20220726,10:48,8.85,9.00,8.60,9.00,44750,2030050
20220726,10:49,9.00,9.00,8.55,8.65,27650,2030050
20220726,10:50,8.55,8.70,8.45,8.60,27700,2046550
20220726,10:51,8.60,8.60,8.35,8.55,30650,2046550
20220726,10:52,8.50,8.60,8.50,8.50,17450,2046550
20220726,10:53,8.50,8.50,8.20,8.30,48700,2058700
20220726,10:54,8.30,8.45,8.25,8.25,17800,2058700
20220726,10:55,8.15,8.15,8.00,8.00,47850,2058700
20220726,10:56,8.00,8.25,7.85,8.25,72400,2068250
20220726,10:57,8.25,8.25,7.65,7.75,56400,2068250
20220726,10:58,7.70,7.80,7.70,7.70,37200,2068250
20220726,10:59,7.75,7.75,7.60,7.65,39900,2083000
20220726,11:00,7.65,7.85,7.65,7.85,38050,2083000
20220726,11:01,7.85,8.10,7.85,7.95,36150,2083000
20220726,11:02,7.95,8.15,7.85,8.05,32250,2091700
20220726,11:03,8.10,8.15,7.95,7.95,23650,2091700
20220726,11:04,7.95,7.95,7.75,7.75,26600,2091700
20220726,11:05,7.70,8.00,7.70,8.00,24050,2100700
20220726,11:06,8.00,8.05,7.75,7.75,8250,2100700
20220726,11:07,7.80,8.05,7.80,8.00,9900,2100700
20220726,11:08,7.95,8.30,7.95,8.20,39400,2110150
20220726,11:09,8.25,8.65,8.25,8.65,68350,2110150
20220726,11:10,8.65,8.65,8.40,8.60,34850,2110150
20220726,11:11,8.65,8.75,8.55,8.75,45950,2103250
20220726,11:12,8.80,8.95,8.75,8.95,40900,2103250
20220726,11:13,8.95,8.95,8.70,8.75,33500,2103250
20220726,11:14,8.75,8.85,8.55,8.55,39150,2110150
20220726,11:15,8.55,8.55,8.25,8.50,29750,2110150
20220726,11:16,8.50,8.95,8.50,8.80,25300,2110150
20220726,11:17,8.80,8.85,8.45,8.45,38200,2107050
20220726,11:18,8.45,8.45,8.05,8.15,52000,2107050
20220726,11:19,8.10,8.25,7.80,8.10,43550,2107050
20220726,11:20,8.15,8.20,7.90,8.00,42700,2115500
20220726,11:21,8.00,8.05,7.85,8.05,34950,2115500
20220726,11:22,8.05,8.05,7.95,8.00,18050,2115500
20220726,11:23,8.00,8.15,7.95,7.95,31400,2114500
20220726,11:24,7.90,8.05,7.85,8.00,39900,2114500
20220726,11:25,7.90,7.95,7.80,7.95,30950,2114500
20220726,11:26,7.90,7.95,7.65,7.65,29950,2117200
20220726,11:27,7.65,7.85,7.60,7.85,21650,2117200
20220726,11:28,7.85,7.95,7.80,7.95,9600,2117200
20220726,11:29,7.90,7.95,7.85,7.95,24000,2115100
20220726,11:30,7.95,8.15,7.95,8.05,37000,2115100
20220726,11:31,8.10,8.20,8.00,8.00,26800,2115100
20220726,11:32,7.95,8.15,7.90,7.90,33700,2113500
20220726,11:33,8.00,8.05,7.85,7.85,17250,2113500
20220726,11:34,7.85,7.85,7.60,7.80,39650,2113500
20220726,11:35,7.85,7.95,7.75,7.75,26850,2119050
20220726,11:36,7.75,7.90,7.65,7.75,28850,2119050
20220726,11:37,7.70,7.90,7.65,7.65,19300,2119050
20220726,11:38,7.65,7.90,7.65,7.85,15150,2117900
20220726,11:39,7.90,7.90,7.75,7.80,13000,2117900
20220726,11:40,7.85,8.00,7.70,8.00,28850,2117900
20220726,11:41,7.95,8.30,7.95,8.15,35400,2112600
20220726,11:42,8.15,8.25,8.05,8.10,15150,2112600
20220726,11:43,8.05,8.05,7.85,7.95,19550,2112600
20220726,11:44,8.00,8.00,7.80,7.95,11100,2112600
20220726,11:45,8.00,8.20,7.85,7.90,26000,2118250
20220726,11:46,7.95,7.95,7.60,7.60,15300,2118250
20220726,11:47,7.65,7.75,7.50,7.55,14450,2118250
20220726,11:48,7.65,8.00,7.65,8.00,12500,2110150
20220726,11:49,7.95,8.05,7.70,7.70,17050,2110150
20220726,11:50,7.65,7.85,7.60,7.75,8300,2112550
20220726,11:51,7.85,7.85,7.65,7.80,11100,2112550
20220726,11:52,7.80,8.05,7.80,7.90,13750,2112550
20220726,11:53,8.00,8.00,7.75,7.80,8800,2112550
20220726,11:54,7.80,7.80,6.70,7.00,94700,2114300
20220726,11:55,6.90,6.95,6.40,6.85,118800,2114300
20220726,11:56,6.90,6.95,6.55,6.80,30250,2083100
20220726,11:57,6.85,6.95,6.70,6.90,32600,2083100
20220726,11:58,6.95,6.95,6.70,6.85,32200,2083100
20220726,11:59,6.95,6.95,6.75,6.85,12500,2079100
20220726,12:00,6.85,6.85,6.50,6.50,30300,2079100
20220726,12:01,6.55,6.60,6.05,6.30,87400,2079100
20220726,12:02,6.25,6.45,6.20,6.45,29450,2079100
20220726,12:03,6.45,6.50,6.25,6.30,51050,2084700
20220726,12:04,6.35,6.45,6.25,6.25,56850,2084700
20220726,12:05,6.25,6.40,6.20,6.25,83600,2084700
20220726,12:06,6.25,6.25,6.05,6.25,83200,2129100
20220726,12:07,6.20,6.20,5.95,6.05,49700,2129100
20220726,12:08,6.05,6.35,6.05,6.35,15100,2129100
20220726,12:09,6.35,6.45,6.25,6.45,28200,2146050
20220726,12:10,6.45,6.65,6.45,6.65,32850,2146050
20220726,12:11,6.60,6.80,6.55,6.55,24950,2146050
20220726,12:12,6.60,6.70,6.55,6.60,19700,2151300
20220726,12:13,6.55,6.75,6.55,6.65,24200,2151300
20220726,12:14,6.65,6.70,6.55,6.55,28050,2151300
20220726,12:15,6.60,6.70,6.40,6.55,21500,2167650
20220726,12:16,6.60,6.65,6.50,6.50,18550,2167650
20220726,12:17,6.55,6.60,6.50,6.60,12400,2167650
20220726,12:18,6.60,6.65,6.55,6.60,9000,2177200
20220726,12:19,6.55,6.60,6.30,6.40,17100,2177200
20220726,12:20,6.50,6.50,6.10,6.15,20800,2177200
20220726,12:21,6.15,6.20,5.90,6.10,108300,2178800
20220726,12:22,6.20,6.50,6.10,6.45,110400,2178800
20220726,12:23,6.30,6.35,5.90,6.05,75200,2178800
20220726,12:24,6.05,6.20,5.95,6.10,50200,2287700
20220726,12:25,6.10,6.15,6.05,6.10,31100,2287700
20220726,12:26,6.10,6.40,6.10,6.40,29400,2287700
20220726,12:27,6.35,6.45,6.30,6.45,16100,2282700
20220726,12:28,6.55,6.75,6.50,6.75,23750,2282700
20220726,12:29,6.75,7.05,6.65,7.00,86450,2282700
20220726,12:30,7.05,7.05,6.00,6.05,72400,2295800
20220726,12:31,6.10,6.10,5.50,5.80,119000,2295800
20220726,12:32,5.80,6.05,5.80,5.90,94400,2295800
20220726,12:33,5.90,6.00,5.70,5.90,97500,2273700
20220726,12:34,5.95,6.00,5.90,5.90,35350,2273700
20220726,12:35,5.85,6.00,5.80,5.90,45300,2273700
20220726,12:36,5.90,5.90,5.70,5.85,51000,2289450
20220726,12:37,5.80,5.95,5.80,5.80,41200,2289450
20220726,12:38,5.85,5.85,5.70,5.80,38350,2289450
20220726,12:39,5.75,5.85,5.65,5.75,37100,2280700
20220726,12:40,5.75,5.80,5.65,5.80,21550,2280700
20220726,12:41,5.80,5.90,5.80,5.85,20800,2280700
20220726,12:42,5.80,5.80,5.65,5.75,22100,2267550
20220726,12:43,5.70,5.80,5.65,5.65,17200,2267550
20220726,12:44,5.65,5.90,5.65,5.90,40100,2267550
20220726,12:45,5.95,6.25,5.90,6.25,23650,2260300
20220726,12:46,6.30,6.35,6.05,6.20,26700,2260300
20220726,12:47,6.20,6.20,6.10,6.10,15250,2260300
20220726,12:48,6.15,6.15,5.90,5.90,9000,2266500
20220726,12:49,5.95,5.95,5.65,5.70,13450,2266500
20220726,12:50,5.70,6.05,5.70,5.95,22800,2266500
20220726,12:51,5.95,6.00,5.90,5.90,15700,2270650
20220726,12:52,5.85,5.95,5.80,5.90,8450,2270650
20220726,12:53,5.90,6.00,5.90,6.00,32400,2270650
20220726,12:54,5.95,5.95,5.90,5.95,9000,2256800
20220726,12:55,5.95,6.05,5.90,6.00,31700,2256800
20220726,12:56,6.00,6.10,6.00,6.05,50300,2256800
20220726,12:57,6.05,6.05,5.90,5.90,35450,2233000
20220726,12:58,5.90,6.05,5.85,6.05,21600,2233000
20220726,12:59,6.10,6.10,5.90,6.00,24250,2233000
20220726,13:00,6.00,6.05,5.90,5.95,19150,2228100
20220726,13:01,5.95,6.00,5.85,5.95,33650,2228100
20220726,13:02,6.00,6.10,5.90,6.10,40450,2228100
20220726,13:03,6.05,6.20,6.05,6.15,27300,2214400
20220726,13:04,6.15,6.35,6.10,6.30,36200,2214400
20220726,13:05,6.35,6.80,6.35,6.55,49500,2214400
20220726,13:06,6.60,6.70,6.50,6.60,34500,2200000
20220726,13:07,6.55,6.65,6.50,6.50,8450,2200000
20220726,13:08,6.55,6.55,6.25,6.25,26900,2200000
20220726,13:09,6.20,6.45,6.20,6.30,29500,2211050
20220726,13:10,6.35,6.40,6.05,6.15,24050,2211050
20220726,13:11,6.15,6.15,5.95,6.10,31900,2211050
20220726,13:12,6.15,6.15,6.00,6.15,22300,2195000
20220726,13:13,6.10,6.15,6.00,6.05,26850,2195000
20220726,13:14,6.00,6.00,5.85,5.90,60100,2195000
20220726,13:15,5.90,5.95,5.80,5.90,48950,2226950
20220726,13:16,5.90,6.00,5.85,5.85,29350,2226950
20220726,13:17,5.85,5.95,5.85,5.95,16800,2226950
20220726,13:18,5.95,5.95,5.80,5.90,30650,2237150
20220726,13:19,5.90,6.00,5.85,5.85,17800,2237150
20220726,13:20,5.85,5.85,5.45,5.45,58050,2237150
20220726,13:21,5.50,5.70,5.40,5.55,50550,2222500
20220726,13:22,5.60,5.65,5.35,5.40,57800,2222500
20220726,13:23,5.40,5.50,5.40,5.45,23950,2222500
20220726,13:24,5.45,5.60,5.45,5.55,46900,2215900
20220726,13:25,5.50,5.70,5.45,5.60,42500,2215900
20220726,13:26,5.60,5.60,5.45,5.45,34900,2215900
20220726,13:27,5.40,5.45,5.35,5.40,46050,2204200
20220726,13:28,5.35,5.55,5.35,5.50,22450,2204200
20220726,13:29,5.50,5.50,5.40,5.40,17750,2204200
20220726,13:30,5.40,5.40,5.15,5.20,94750,2223400
20220726,13:31,5.25,5.45,5.25,5.35,53850,2223400
20220726,13:32,5.30,5.45,5.30,5.35,41950,2223400
20220726,13:33,5.30,5.45,5.30,5.40,13050,2218800
20220726,13:34,5.45,5.45,5.35,5.40,20050,2218800
20220726,13:35,5.35,5.45,5.35,5.40,45150,2218800
20220726,13:36,5.40,5.50,5.35,5.40,57600,2221450
20220726,13:37,5.40,5.55,5.40,5.40,52400,2221450
20220726,13:38,5.40,5.50,5.35,5.35,37050,2221450
20220726,13:39,5.35,5.50,5.35,5.45,47300,2259250
20220726,13:40,5.50,5.50,5.35,5.50,29500,2259250
20220726,13:41,5.45,5.60,5.45,5.50,51150,2259250
20220726,13:42,5.55,5.85,5.55,5.80,41850,2271600
20220726,13:43,5.80,6.15,5.80,6.05,52350,2271600
20220726,13:44,6.10,6.10,5.90,5.95,55200,2271600
20220726,13:45,5.90,6.10,5.90,6.10,25350,2253150
20220726,13:46,6.10,6.10,6.00,6.05,23600,2253150
20220726,13:47,6.00,6.55,5.95,6.55,126900,2253150
20220726,13:48,6.60,6.95,6.55,6.90,176350,2289200
20220726,13:49,7.00,7.25,7.00,7.20,121000,2289200
20220726,13:50,7.15,7.20,6.75,6.95,152650,2289200
20220726,13:51,6.95,7.75,6.95,7.65,105050,2174000
20220726,13:52,7.55,7.60,7.10,7.10,83700,2174000
20220726,13:53,7.15,7.30,7.00,7.15,93050,2174000
20220726,13:54,7.20,7.40,7.10,7.15,42500,2169350
20220726,13:55,7.05,7.30,7.05,7.20,61100,2169350
20220726,13:56,7.30,7.30,6.85,6.90,48950,2169350
20220726,13:57,6.85,7.15,6.85,7.10,52000,2129200
20220726,13:58,7.05,7.10,6.75,7.00,57650,2129200
20220726,13:59,7.05,7.40,7.05,7.35,55200,2129200
20220726,14:00,7.35,7.45,7.05,7.20,50200,2108800
20220726,14:01,7.25,7.40,7.15,7.20,65300,2108800
20220726,14:02,7.20,7.30,6.85,6.85,120500,2108800
20220726,14:03,6.85,7.10,6.80,6.80,33350,2094200
20220726,14:04,6.70,6.70,6.50,6.60,48300,2094200
20220726,14:05,6.60,6.90,6.55,6.80,33500,2094200
20220726,14:06,6.75,6.90,6.70,6.90,38050,2090950
20220726,14:07,6.85,7.20,6.85,7.15,13800,2090950
20220726,14:08,7.20,7.20,6.75,6.75,34200,2090950
20220726,14:09,6.75,6.85,6.65,6.75,26400,2068300
20220726,14:10,6.70,6.85,6.60,6.60,17950,2068300
20220726,14:11,6.65,6.65,6.00,6.15,82250,2068300
20220726,14:12,6.10,6.10,5.60,5.85,91050,2054300
20220726,14:13,5.80,5.90,5.70,5.85,50050,2054300
20220726,14:14,5.80,5.80,5.50,5.70,52950,2054300
20220726,14:15,5.65,6.05,5.60,5.90,92900,2043750
20220726,14:16,5.90,6.10,5.90,6.10,37650,2043750
20220726,14:17,6.00,6.05,5.45,5.45,90200,2043750
20220726,14:18,5.50,5.60,5.30,5.60,76800,2057400
20220726,14:19,5.60,5.60,5.45,5.50,53800,2057400
20220726,14:20,5.60,5.75,5.60,5.65,68150,2057400
20220726,14:21,5.65,5.85,5.60,5.75,55850,2055500
20220726,14:22,5.75,5.80,5.70,5.80,50800,2055500
20220726,14:23,5.75,6.25,5.75,6.25,52500,2055500
20220726,14:24,6.25,6.65,6.25,6.55,137150,2074400
20220726,14:25,6.50,6.85,6.45,6.80,87900,2074400
20220726,14:26,6.85,6.85,6.60,6.70,34050,2074400
20220726,14:27,6.65,6.90,6.65,6.90,24000,2104600
20220726,14:28,6.90,7.00,6.85,7.00,29200,2104600
20220726,14:29,7.00,7.45,7.00,7.30,63650,2104600
20220726,14:30,7.35,7.35,6.85,6.90,51950,2107450
20220726,14:31,6.85,7.00,6.85,7.00,11350,2107450
20220726,14:32,6.95,6.95,6.70,6.80,32700,2107450
20220726,14:33,6.80,6.90,6.70,6.80,31250,2101400
20220726,14:34,6.85,6.85,6.30,6.30,36400,2101400
20220726,14:35,6.25,6.25,5.75,5.75,70450,2101400
20220726,14:36,5.80,6.75,5.80,6.75,52650,2067900
20220726,14:37,6.80,7.35,6.80,7.10,88200,2067900
20220726,14:38,7.10,7.30,6.90,7.05,25850,2067900
20220726,14:39,7.05,7.45,7.05,7.15,51850,2076500
20220726,14:40,7.10,7.25,7.05,7.10,24550,2076500
20220726,14:41,7.10,8.35,7.05,7.95,171300,2076500
20220726,14:42,7.95,8.15,7.60,7.60,135800,2009800
20220726,14:43,7.55,7.80,7.40,7.80,64500,2009800
20220726,14:44,7.75,8.50,7.65,8.50,102950,2009800
20220726,14:45,8.50,8.80,8.25,8.50,256550,1997200
20220726,14:46,8.70,8.80,8.50,8.55,131750,1997200
20220726,14:47,8.45,8.65,8.20,8.25,77950,1997200
20220726,14:48,8.30,8.45,8.10,8.15,31600,1904550
20220726,14:49,8.15,8.15,7.80,7.95,49650,1904550
20220726,14:50,7.95,8.60,7.85,8.45,67950,1904550
20220726,14:51,8.50,8.60,8.45,8.50,39300,1896700
20220726,14:52,8.50,8.50,8.15,8.40,119950,1896700
20220726,14:53,8.35,8.55,7.95,8.00,33550,1896700
20220726,14:54,8.00,8.05,6.95,7.10,145400,1838100
20220726,14:55,7.20,7.50,6.85,6.85,70600,1838100
20220726,14:56,6.85,7.30,6.85,7.25,42600,1838100
20220726,14:57,7.30,7.55,7.20,7.25,38950,1848850
20220726,14:58,7.35,7.85,7.25,7.65,22150,1848850
20220726,14:59,7.65,8.50,7.65,8.40,58450,1848850
20220726,15:00,8.25,8.65,7.90,8.05,122450,1815600
20220726,15:01,7.95,8.50,7.90,8.45,78000,1815600
20220726,15:02,8.45,8.95,8.30,8.95,73250,1815600
20220726,15:03,9.05,9.10,8.40,8.60,143000,1824650
20220726,15:04,8.55,8.55,8.15,8.40,48750,1824650
20220726,15:05,8.30,8.55,8.25,8.45,45500,1824650
20220726,15:06,8.40,8.45,8.05,8.40,87350,1819650
20220726,15:07,8.35,8.45,7.75,8.00,127850,1819650
20220726,15:08,8.00,8.20,8.00,8.05,15800,1819650
20220726,15:09,8.10,8.50,8.10,8.35,39750,1748950
20220726,15:10,8.25,8.30,8.00,8.10,62850,1748950
20220726,15:11,8.05,8.45,8.00,8.40,45700,1748950
20220726,15:12,8.30,8.50,8.20,8.30,159200,1749000
20220726,15:13,8.25,8.60,8.25,8.35,117750,1749000
20220726,15:14,8.40,8.75,8.35,8.50,131300,1749000
20220726,15:15,8.45,9.20,8.45,8.75,230650,1814200
20220726,15:16,8.70,8.90,8.60,8.75,137000,1814200
20220726,15:17,8.70,8.70,8.10,8.30,293500,1814200
20220726,15:18,8.25,8.40,8.15,8.30,97600,2016050
20220726,15:19,8.20,8.50,8.05,8.50,119200,2016050
20220726,15:20,8.50,8.85,8.40,8.75,261500,2016050
20220726,15:21,8.70,8.80,8.60,8.65,229150,1938550
20220726,15:22,8.70,8.85,8.60,8.80,92650,1938550
20220726,15:23,8.80,8.90,8.80,8.80,148750,1938550
20220726,15:24,8.80,8.95,8.65,8.90,201600,1816500
20220726,15:25,8.95,9.35,8.85,9.25,264600,1816500
20220726,15:26,9.30,9.85,9.25,9.70,169650,1816500
20220726,15:27,9.70,10.00,9.55,9.90,240200,1660950
20220726,15:28,9.95,10.30,9.80,10.25,160800,1660950
20220726,15:29,10.20,10.50,9.75,10.20,228300,1660950
20220726,15:30,9.55,9.55,9.55,9.55,5400,1660950
20220727,09:15,9.55,9.60,6.40,7.80,336152,1646400
20220727,09:16,7.75,7.85,6.70,6.70,347850,1646400
20220727,09:17,6.65,7.00,5.60,5.95,498350,1795800
20220727,09:18,6.00,6.60,5.85,6.55,449000,1795800
20220727,09:19,6.60,6.95,6.50,6.70,522300,1795800
20220727,09:20,6.65,6.95,6.35,6.80,342500,1746700
20220727,09:21,6.85,7.85,6.85,7.60,396150,1746700
20220727,09:22,7.65,7.80,7.35,7.60,236250,1746700
20220727,09:23,7.65,8.10,7.55,8.10,203200,1740350
20220727,09:24,8.00,9.80,8.00,9.65,281450,1740350
20220727,09:25,9.65,10.15,8.85,9.20,433350,1740350
20220727,09:26,9.30,9.70,9.20,9.60,171600,1686850
20220727,09:27,9.60,9.65,8.95,9.30,175000,1686850
20220727,09:28,9.40,9.50,9.00,9.00,140350,1686850
20220727,09:29,9.00,10.65,8.90,10.60,240550,1732200
20220727,09:30,10.70,10.80,9.80,10.20,256400,1732200
20220727,09:31,10.20,10.20,9.75,10.10,229950,1732200
20220727,09:32,10.10,10.15,9.70,9.80,161250,1819100
20220727,09:33,9.75,10.20,9.35,10.20,172650,1819100
20220727,09:34,10.10,10.10,9.60,9.70,98100,1819100
20220727,09:35,9.75,9.90,8.95,8.95,161900,1916800
20220727,09:36,8.85,9.30,8.75,9.25,186900,1916800
20220727,09:37,9.35,9.35,8.70,8.75,147100,1916800
20220727,09:38,8.70,8.90,8.50,8.85,176650,1984550
20220727,09:39,8.85,9.15,8.65,9.15,162650,1984550
20220727,09:40,9.10,9.40,9.00,9.35,268050,1984550
20220727,09:41,9.45,9.75,9.40,9.45,165350,2056550
20220727,09:42,9.45,9.55,8.75,8.90,225550,2056550
20220727,09:43,8.95,9.35,8.95,9.20,169900,2056550
20220727,09:44,9.15,9.45,9.00,9.30,110000,2106100
20220727,09:45,9.20,9.40,9.00,9.30,106650,2106100
20220727,09:46,9.20,9.25,8.90,8.95,102250,2106100
20220727,09:47,8.90,8.95,8.70,8.85,119100,2124050
20220727,09:48,8.80,8.80,8.40,8.45,105750,2124050
20220727,09:49,8.55,8.65,8.10,8.10,137600,2124050
20220727,09:50,8.15,8.15,7.45,7.75,202400,2132250
20220727,09:51,7.80,7.80,6.85,7.35,448250,2132250
20220727,09:52,7.30,7.55,7.05,7.50,330150,2132250
20220727,09:53,7.45,7.90,7.30,7.65,238600,2030200
20220727,09:54,7.55,7.55,7.15,7.20,158950,2030200
20220727,09:55,7.05,7.60,7.00,7.05,250800,2030200
20220727,09:56,7.05,7.45,7.00,7.15,169400,2032800
20220727,09:57,7.15,7.50,7.00,7.50,110900,2032800
20220727,09:58,7.55,7.60,7.25,7.55,96450,2032800
20220727,09:59,7.50,7.75,7.40,7.50,73600,2026050
20220727,10:00,7.45,7.60,7.15,7.45,105300,2026050
20220727,10:01,7.35,7.70,7.25,7.50,73750,2026050
20220727,10:02,7.30,7.45,6.90,6.90,117650,2081700
20220727,10:03,6.90,7.00,6.60,6.85,206150,2081700
20220727,10:04,6.75,6.75,6.40,6.50,351150,2081700
20220727,10:05,6.40,6.40,5.95,6.00,312800,2124150
20220727,10:06,6.20,6.35,5.90,6.30,138200,2124150
20220727,10:07,6.35,6.45,6.20,6.40,118150,2124150
20220727,10:08,6.45,6.75,6.40,6.75,82800,2134500
20220727,10:09,6.65,6.75,6.45,6.45,83950,2134500
20220727,10:10,6.45,6.50,5.85,5.90,134850,2134500
20220727,10:11,5.95,6.15,5.85,6.15,118900,2187100
20220727,10:12,6.15,6.40,6.15,6.30,79150,2187100
20220727,10:13,6.30,6.65,6.30,6.45,75750,2187100
20220727,10:14,6.45,6.50,6.15,6.25,121100,2187950
20220727,10:15,6.30,6.65,6.15,6.65,91550,2187950
20220727,10:16,6.60,6.65,6.35,6.40,82450,2187950
20220727,10:17,6.45,6.45,6.15,6.35,77500,2192800
20220727,10:18,6.25,6.35,6.00,6.05,114700,2192800
20220727,10:19,6.05,6.30,6.00,6.10,334150,2192800
20220727,10:20,6.10,6.30,6.00,6.30,199200,2368700
20220727,10:21,6.30,6.50,6.25,6.45,148750,2368700
20220727,10:22,6.45,6.55,6.35,6.55,151100,2368700
20220727,10:23,6.60,6.60,6.40,6.45,87750,2459850
20220727,10:24,6.40,6.50,6.30,6.30,80400,2459850
20220727,10:25,6.30,6.70,6.25,6.65,108600,2459850
20220727,10:26,6.65,6.95,6.55,6.75,108200,2502650
20220727,10:27,6.80,6.80,6.55,6.65,29900,2502650
20220727,10:28,6.70,6.70,6.25,6.25,98050,2502650
20220727,10:29,6.25,6.50,6.20,6.40,66450,2465800
20220727,10:30,6.40,6.50,6.25,6.40,53700,2465800
20220727,10:31,6.40,6.40,6.15,6.35,103100,2465800
20220727,10:32,6.30,6.45,6.10,6.45,198350,2565800
20220727,10:33,6.40,6.45,6.20,6.45,119500,2565800
20220727,10:34,6.40,6.55,6.30,6.55,44900,2565800
20220727,10:35,6.60,6.75,6.50,6.60,64850,2607700
20220727,10:36,6.45,6.55,6.05,6.15,115600,2607700
20220727,10:37,6.05,6.30,6.00,6.25,63250,2607700
20220727,10:38,6.25,6.25,6.05,6.10,50600,2617800
20220727,10:39,6.05,6.20,6.05,6.10,66000,2617800
20220727,10:40,6.00,6.05,5.75,5.80,136300,2617800
20220727,10:41,5.80,5.85,5.70,5.75,63400,2666800
20220727,10:42,5.70,5.70,5.30,5.40,172250,2666800
20220727,10:43,5.30,5.65,5.30,5.60,137800,2666800
20220727,10:44,5.60,5.75,5.50,5.75,65750,2655200
20220727,10:45,5.75,5.85,5.65,5.85,127800,2655200
20220727,10:46,5.85,5.85,5.50,5.65,165850,2655200
20220727,10:47,5.65,5.75,5.55,5.65,117950,2544150
20220727,10:48,5.65,6.00,5.60,5.75,397850,2544150
20220727,10:49,5.75,5.85,5.65,5.80,172900,2544150
20220727,10:50,5.80,5.85,5.70,5.80,32350,2307050
20220727,10:51,5.75,5.85,5.75,5.85,33750,2307050
20220727,10:52,5.80,5.85,5.80,5.85,27950,2307050
20220727,10:53,5.80,5.85,5.75,5.85,33100,2290100
20220727,10:54,5.90,5.95,5.75,5.75,22450,2290100
20220727,10:55,5.70,5.95,5.65,5.95,35150,2290100
20220727,10:56,5.95,5.95,5.75,5.75,26450,2271900
20220727,10:57,5.65,5.75,5.60,5.65,28200,2271900
20220727,10:58,5.70,5.70,5.60,5.60,18700,2271900
20220727,10:59,5.60,5.70,5.60,5.65,65550,2275150
20220727,11:00,5.60,5.60,5.35,5.35,123150,2275150
20220727,11:01,5.35,5.50,5.30,5.45,49600,2275150
20220727,11:02,5.45,5.50,5.35,5.45,69850,2264000
20220727,11:03,5.45,5.55,5.40,5.50,55800,2264000
20220727,11:04,5.45,5.75,5.45,5.75,52400,2264000
20220727,11:05,5.70,5.90,5.65,5.85,38950,2241600
20220727,11:06,5.80,6.00,5.75,6.00,62950,2241600
20220727,11:07,5.90,6.05,5.80,5.90,52700,2241600
20220727,11:08,5.95,6.10,5.85,6.10,33900,2222700
20220727,11:09,6.10,6.25,6.05,6.20,47950,2222700
20220727,11:10,6.20,6.20,6.05,6.15,45450,2222700
20220727,11:11,6.10,6.35,6.05,6.30,43050,2220400
20220727,11:12,6.30,6.30,6.15,6.25,34900,2220400
20220727,11:13,6.15,6.25,6.10,6.15,52800,2220400
20220727,11:14,6.05,6.10,5.75,5.85,47250,2204450
20220727,11:15,5.80,5.85,5.65,5.65,38700,2204450
20220727,11:16,5.60,5.80,5.55,5.70,20450,2204450
20220727,11:17,5.70,5.95,5.60,5.85,22400,2187050
20220727,11:18,5.90,6.00,5.85,5.95,46250,2187050
20220727,11:19,5.90,5.95,5.80,5.80,19700,2187050
20220727,11:20,5.75,5.85,5.70,5.80,37300,2203200
20220727,11:21,5.65,5.85,5.60,5.80,25850,2203200
20220727,11:22,5.80,5.80,5.60,5.60,20300,2203200
20220727,11:23,5.60,5.70,5.50,5.50,25000,2208450
20220727,11:24,5.50,5.60,5.45,5.45,55500,2208450
20220727,11:25,5.45,5.55,5.25,5.35,74750,2208450
20220727,11:26,5.30,5.45,5.30,5.45,33050,2229850
20220727,11:27,5.50,5.55,5.20,5.55,64250,2229850
20220727,11:28,5.55,5.75,5.55,5.75,70350,2229850
20220727,11:29,5.75,5.80,5.75,5.75,26650,2205050
20220727,11:30,5.75,5.90,5.75,5.90,35000,2205050
20220727,11:31,5.90,6.10,5.85,6.05,80850,2205050
20220727,11:32,6.00,6.00,5.75,5.90,68700,2190950
20220727,11:33,5.95,5.95,5.80,5.85,58150,2190950
20220727,11:34,5.80,5.80,5.60,5.60,36350,2190950
20220727,11:35,5.65,5.70,5.45,5.50,38600,2193950
20220727,11:36,5.50,5.55,5.40,5.50,70850,2193950
20220727,11:37,5.50,5.55,5.35,5.50,60600,2193950
20220727,11:38,5.45,5.55,5.45,5.50,28900,2212500
20220727,11:39,5.50,5.50,5.40,5.40,23350,2212500
20220727,11:40,5.45,5.50,5.35,5.40,116300,2212500
20220727,11:41,5.40,5.45,5.35,5.40,28050,2212500
20220727,11:42,5.40,5.55,5.40,5.50,48250,2176100
20220727,11:43,5.50,5.50,5.25,5.30,114300,2176100
20220727,11:44,5.25,5.45,5.25,5.40,100450,2143550
20220727,11:45,5.40,5.50,5.30,5.50,93750,2143550
20220727,11:46,5.50,5.50,5.40,5.50,115900,2143550
20220727,11:47,5.45,5.55,5.40,5.55,57750,2143550
20220727,11:48,5.50,5.60,5.45,5.60,41800,2157000
20220727,11:49,5.55,5.60,5.50,5.55,32950,2157000
20220727,11:50,5.55,5.55,5.45,5.50,37450,2157000
20220727,11:51,5.45,5.45,5.35,5.40,50550,2150000
20220727,11:52,5.45,5.55,5.45,5.45,28350,2150000
20220727,11:53,5.45,5.50,5.35,5.50,45550,2150000
20220727,11:54,5.50,5.55,5.45,5.45,15700,2157300
20220727,11:55,5.50,5.60,5.40,5.40,56800,2157300
20220727,11:56,5.40,5.40,5.30,5.35,40950,2157300
20220727,11:57,5.35,5.35,5.20,5.30,58900,2140850
20220727,11:58,5.30,5.40,5.25,5.35,32950,2140850
20220727,11:59,5.35,5.40,5.30,5.30,45250,2140850
20220727,12:00,5.30,5.45,5.30,5.45,64350,2113800
20220727,12:01,5.45,5.45,5.35,5.40,49850,2113800
20220727,12:02,5.35,5.45,5.30,5.45,23700,2113800
20220727,12:03,5.45,5.50,5.40,5.50,41500,2117700
20220727,12:04,5.50,5.55,5.45,5.55,29250,2117700
20220727,12:05,5.50,5.60,5.50,5.60,46450,2117700
20220727,12:06,5.55,5.55,5.50,5.50,19500,2104250
20220727,12:07,5.50,5.65,5.50,5.55,55550,2104250
20220727,12:08,5.50,5.55,5.40,5.55,17750,2104250
20220727,12:09,5.55,5.60,5.35,5.40,34000,2089550
20220727,12:10,5.40,5.60,5.40,5.60,47050,2089550
20220727,12:11,5.55,5.65,5.50,5.55,44700,2089550
20220727,12:12,5.50,5.60,5.45,5.55,34150,2097200
20220727,12:13,5.60,5.60,5.45,5.50,20000,2097200
20220727,12:14,5.50,5.55,5.45,5.45,25000,2097200
20220727,12:15,5.50,5.65,5.40,5.65,42700,2101500
20220727,12:16,5.60,5.60,5.50,5.55,27000,2101500
20220727,12:17,5.55,5.60,5.45,5.55,28750,2101500
20220727,12:18,5.60,5.65,5.55,5.55,12050,2108900
20220727,12:19,5.60,5.80,5.55,5.70,17550,2108900
20220727,12:20,5.70,6.05,5.70,6.05,55300,2108900
20220727,12:21,6.00,6.05,5.90,6.00,52350,2119750
20220727,12:22,5.95,6.00,5.85,5.95,33750,2119750
20220727,12:23,5.90,6.10,5.90,6.05,13800,2119750
20220727,12:24,6.10,6.10,6.00,6.05,12850,2117200
20220727,12:25,6.00,6.10,5.95,6.05,21300,2117200
20220727,12:26,6.05,6.20,6.00,6.20,22100,2117200
20220727,12:27,6.20,6.25,6.15,6.15,15650,2124950
20220727,12:28,6.10,6.20,6.00,6.05,11500,2124950
20220727,12:29,6.10,6.25,6.05,6.25,45500,2124950
20220727,12:30,6.25,6.30,6.00,6.10,36250,2137800
20220727,12:31,6.05,6.05,5.80,5.80,25450,2137800
20220727,12:32,5.80,5.85,5.60,5.60,27100,2137800
20220727,12:33,5.55,5.70,5.45,5.50,17900,2144450
20220727,12:34,5.45,5.60,5.45,5.55,23400,2144450
20220727,12:35,5.60,5.65,5.50,5.65,21750,2144450
20220727,12:36,5.55,5.70,5.50,5.60,30850,2146000
20220727,12:37,5.55,5.60,5.45,5.45,24800,2146000
20220727,12:38,5.50,5.55,5.45,5.45,36450,2146000
20220727,12:39,5.45,5.45,5.40,5.40,17200,2160550
20220727,12:40,5.40,5.50,5.40,5.40,35150,2160550
20220727,12:41,5.40,5.45,5.30,5.40,38400,2160550
20220727,12:42,5.40,5.45,5.35,5.40,25100,2208000
20220727,12:43,5.40,5.40,5.30,5.35,49600,2208000
20220727,12:44,5.35,5.55,5.35,5.50,42150,2208000
20220727,12:45,5.45,5.50,5.35,5.40,35100,2250350
20220727,12:46,5.40,5.50,5.35,5.45,29400,2250350
20220727,12:47,5.45,5.50,5.45,5.50,26750,2250350
20220727,12:48,5.45,5.55,5.45,5.55,18550,2273950
20220727,12:49,5.60,5.60,5.30,5.35,38500,2273950
20220727,12:50,5.30,5.30,5.20,5.20,18850,2273950
20220727,12:51,5.25,5.25,5.05,5.15,63050,2271250
20220727,12:52,5.10,5.35,5.10,5.25,25300,2271250
20220727,12:53,5.25,5.25,4.65,4.70,162450,2271250
20220727,12:54,4.55,4.65,4.45,4.60,208550,2293250
20220727,12:55,4.65,4.70,4.60,4.70,393950,2293250
20220727,12:56,4.70,4.80,4.65,4.75,128900,2293250
20220727,12:57,4.75,4.85,4.75,4.85,110300,2029300
20220727,12:58,4.85,4.90,4.75,4.80,97000,2029300
20220727,12:59,4.85,4.95,4.70,4.95,158200,2029300
20220727,13:00,5.00,5.00,4.80,4.95,129400,2032300
20220727,13:01,4.95,5.00,4.90,5.00,118850,2032300
20220727,13:02,5.00,5.15,4.90,5.15,152100,2032300
20220727,13:03,5.15,5.20,5.00,5.20,99700,2053300
20220727,13:04,5.20,5.25,5.10,5.15,105550,2053300
20220727,13:05,5.15,5.30,5.15,5.15,90050,2053300
20220727,13:06,5.15,5.25,5.10,5.25,81000,2029750
20220727,13:07,5.20,5.25,5.10,5.20,67150,2029750
20220727,13:08,5.20,5.25,5.10,5.20,45850,2029750
20220727,13:09,5.20,5.25,5.10,5.20,41850,2020450
20220727,13:10,5.20,5.30,5.20,5.30,36150,2020450
20220727,13:11,5.30,5.30,5.20,5.25,52900,2020450
20220727,13:12,5.25,5.30,5.20,5.25,33700,2031000
20220727,13:13,5.25,5.30,5.20,5.20,23150,2031000
20220727,13:14,5.25,5.25,5.10,5.15,35800,2031000
20220727,13:15,5.10,5.30,5.10,5.20,32300,2022250
20220727,13:16,5.20,5.30,5.15,5.25,16500,2022250
20220727,13:17,5.25,5.35,5.20,5.20,40450,2022250
20220727,13:18,5.20,5.35,5.20,5.20,20050,2019250
20220727,13:19,5.25,5.30,5.10,5.10,24000,2019250
20220727,13:20,5.10,5.15,5.00,5.05,70800,2019250
20220727,13:21,5.10,5.10,4.90,5.00,80500,2010100
20220727,13:22,4.95,5.10,4.95,5.10,97350,2010100
20220727,13:23,5.05,5.10,5.00,5.05,54550,2010100
20220727,13:24,5.10,5.25,5.05,5.25,39150,2012250
20220727,13:25,5.25,5.25,5.05,5.10,43750,2012250
20220727,13:26,5.05,5.15,5.00,5.05,52800,2012250
20220727,13:27,5.05,5.20,5.00,5.10,38650,2020400
20220727,13:28,5.05,5.15,5.00,5.15,31050,2020400
20220727,13:29,5.10,5.10,5.00,5.10,30550,2020400
20220727,13:30,5.05,5.05,4.95,5.00,46550,2030500
20220727,13:31,4.95,5.00,4.85,5.00,48650,2030500
20220727,13:32,5.00,5.05,4.70,4.80,81100,2030500
20220727,13:33,4.75,4.75,4.45,4.55,121050,2038000
20220727,13:34,4.55,4.65,4.50,4.65,86500,2038000
20220727,13:35,4.50,4.65,4.50,4.60,47850,2038000
20220727,13:36,4.60,4.75,4.60,4.75,72500,2027900
20220727,13:37,4.75,4.80,4.60,4.60,60700,2027900
20220727,13:38,4.65,4.70,4.60,4.70,39000,2027900
20220727,13:39,4.70,4.75,4.65,4.70,40150,2039500
20220727,13:40,4.70,4.75,4.65,4.75,37150,2039500
20220727,13:41,4.70,4.75,4.70,4.70,49650,2039500
20220727,13:42,4.70,4.85,4.65,4.85,130200,2025500
20220727,13:43,4.80,4.95,4.80,4.90,90200,2025500
20220727,13:44,4.90,4.95,4.80,4.95,102100,2025500
20220727,13:45,5.00,5.00,4.80,4.90,27050,2028050
20220727,13:46,4.90,4.90,4.80,4.90,35100,2028050
20220727,13:47,4.90,4.95,4.80,4.95,40850,2028050
20220727,13:48,4.95,4.95,4.85,4.90,35000,2024900
20220727,13:49,4.90,5.35,4.90,5.35,161950,2024900
20220727,13:50,5.35,5.40,5.05,5.15,105150,2024900
20220727,13:51,5.10,5.10,4.85,4.85,83000,2041850
20220727,13:52,4.85,5.10,4.85,5.05,83550,2041850
20220727,13:53,5.05,5.10,4.90,4.95,65250,2041850
20220727,13:54,4.95,5.05,4.90,4.90,34050,2085850
20220727,13:55,4.95,5.00,4.70,4.70,50250,2085850
20220727,13:56,4.75,4.80,4.60,4.70,52300,2085850
20220727,13:57,4.70,4.95,4.70,4.90,32900,2086050
20220727,13:58,4.85,5.00,4.80,4.80,28500,2086050
20220727,13:59,4.80,4.90,4.70,4.90,26300,2086050
20220727,14:00,4.90,4.90,4.60,4.65,45100,2083650
20220727,14:01,4.60,4.75,4.55,4.70,23100,2083650
20220727,14:02,4.65,4.70,4.50,4.60,51800,2083650
20220727,14:03,4.60,4.70,4.55,4.70,20650,2077850
20220727,14:04,4.65,4.75,4.65,4.75,65550,2077850
20220727,14:05,4.70,4.80,4.70,4.75,32650,2077850
20220727,14:06,4.75,4.80,4.65,4.75,12200,2043100
20220727,14:07,4.70,4.75,4.65,4.65,9150,2043100
20220727,14:08,4.70,4.70,4.55,4.65,39350,2043100
20220727,14:09,4.65,4.75,4.60,4.60,32650,2043850
20220727,14:10,4.65,4.65,4.55,4.65,41150,2043850
20220727,14:11,4.60,4.70,4.60,4.65,25900,2043850
20220727,14:12,4.65,4.70,4.65,4.70,12650,2040150
20220727,14:13,4.70,4.75,4.65,4.65,30650,2040150
20220727,14:14,4.65,4.85,4.65,4.85,26850,2040150
20220727,14:15,4.90,4.95,4.75,4.75,47000,2042000
20220727,14:16,4.75,4.90,4.70,4.85,25250,2042000
20220727,14:17,4.80,4.90,4.75,4.75,41000,2042000
20220727,14:18,4.80,4.80,4.35,4.40,76200,2046950
20220727,14:19,4.40,4.45,4.25,4.25,58050,2046950
20220727,14:20,4.25,4.35,4.00,4.05,63550,2046950
20220727,14:21,4.00,4.05,3.85,3.85,90650,2031600
20220727,14:22,3.95,4.05,3.90,4.05,73450,2031600
20220727,14:23,4.00,4.10,4.00,4.05,37350,2031600
20220727,14:24,4.00,4.10,4.00,4.10,25250,2002950
20220727,14:25,4.10,4.15,4.05,4.10,54800,2002950
20220727,14:26,4.10,4.15,4.05,4.10,36700,2002950
20220727,14:27,4.10,4.10,4.00,4.05,17450,1986450
20220727,14:28,4.05,4.10,4.00,4.05,30500,1986450
20220727,14:29,4.00,4.15,4.00,4.10,25500,1986450
20220727,14:30,4.05,4.15,4.05,4.10,22250,1969800
20220727,14:31,4.15,4.15,4.00,4.00,53400,1969800
20220727,14:32,4.00,4.05,3.95,4.00,58050,1969800
20220727,14:33,4.00,4.05,3.90,3.95,74000,1962650
20220727,14:34,3.95,3.95,3.85,3.90,34200,1962650
20220727,14:35,3.85,3.90,3.80,3.80,26500,1962650
20220727,14:36,3.80,3.95,3.80,3.90,44350,1965600
20220727,14:37,3.90,3.95,3.85,3.90,40800,1965600
20220727,14:38,3.90,3.90,3.80,3.85,51250,1965600
20220727,14:39,3.85,3.90,3.70,3.85,60650,1959800
20220727,14:40,3.90,3.90,3.80,3.85,51550,1959800
20220727,14:41,3.85,3.95,3.85,3.95,30950,1959800
20220727,14:42,3.95,4.20,3.95,4.15,90250,1929700
20220727,14:43,4.25,4.25,3.95,4.00,60850,1929700
20220727,14:44,3.95,3.95,3.85,3.90,51500,1929700
20220727,14:45,3.90,4.15,3.90,4.15,54200,1941000
20220727,14:46,4.15,4.35,4.05,4.05,38700,1941000
20220727,14:47,4.05,4.10,3.85,3.85,42450,1941000
20220727,14:48,3.85,4.00,3.85,4.00,32950,1950850
20220727,14:49,3.95,4.00,3.90,4.00,25750,1950850
20220727,14:50,3.95,4.00,3.85,3.95,67250,1950850
20220727,14:51,3.95,4.00,3.90,3.95,36650,1947100
20220727,14:52,3.90,3.95,3.90,3.95,20100,1947100
20220727,14:53,3.90,3.95,3.85,3.90,34450,1947100
20220727,14:54,3.90,3.95,3.85,3.90,32600,1931500
20220727,14:55,3.90,3.95,3.85,3.85,55000,1931500
20220727,14:56,3.85,3.90,3.85,3.85,41600,1931500
20220727,14:57,3.85,3.95,3.80,3.85,103050,1945250
20220727,14:58,3.90,3.95,3.85,3.90,68600,1945250
20220727,14:59,3.90,3.95,3.85,3.90,74350,1945250
20220727,15:00,3.85,3.95,3.75,3.85,92450,1943050
20220727,15:01,3.85,3.90,3.80,3.85,105200,1943050
20220727,15:02,3.85,3.95,3.85,3.90,77250,1943050
20220727,15:03,3.85,3.90,3.70,3.70,157550,1882200
20220727,15:04,3.70,3.90,3.65,3.75,227300,1882200
20220727,15:05,3.75,3.90,3.75,3.75,144850,1882200
20220727,15:06,3.75,3.85,3.75,3.80,55600,1924100
20220727,15:07,3.80,3.90,3.75,3.80,179600,1924100
20220727,15:08,3.85,3.85,3.60,3.60,121700,1924100
20220727,15:09,3.65,3.65,3.50,3.60,163750,2099950
20220727,15:10,3.65,3.70,3.60,3.60,82800,2099950
20220727,15:11,3.60,3.70,3.60,3.70,60950,2099950
20220727,15:12,3.65,3.70,3.65,3.65,68050,2082950
20220727,15:13,3.65,3.85,3.65,3.85,84400,2082950
20220727,15:14,3.80,3.90,3.75,3.75,100000,2082950
20220727,15:15,3.75,3.90,3.75,3.75,106150,2062400
20220727,15:16,3.80,3.85,3.75,3.80,84850,2062400
20220727,15:17,3.85,3.85,3.75,3.80,102350,2062400
20220727,15:18,3.80,3.85,3.70,3.80,72450,2004450
20220727,15:19,3.80,3.85,3.75,3.85,133800,2004450
20220727,15:20,3.85,4.00,3.85,4.00,174050,2004450
20220727,15:21,4.00,4.05,3.95,4.00,78500,1888750
20220727,15:22,4.00,4.00,3.70,3.75,124900,1888750
20220727,15:23,3.80,3.90,3.80,3.85,108300,1888750
20220727,15:24,3.85,3.90,3.80,3.80,99800,1865300
20220727,15:25,3.85,3.85,3.75,3.80,124850,1865300
20220727,15:26,3.80,3.85,3.75,3.80,90700,1865300
20220727,15:27,3.85,3.90,3.80,3.85,108100,1845600
20220727,15:28,3.90,3.90,3.70,3.80,105800,1845600
20220727,15:29,3.80,3.80,3.60,3.80,124100,1845600
20220727,15:30,3.90,3.90,3.90,3.90,100,1845600
20220728,09:15,1.20,1.65,0.90,0.90,424403,1773150
20220728,09:16,0.90,0.95,0.85,0.90,300000,1773150
20220728,09:17,0.90,0.95,0.85,0.90,282150,1694800
20220728,09:18,0.90,0.95,0.85,0.90,109500,1694800
20220728,09:19,0.95,0.95,0.90,0.95,200000,1694800
20220728,09:20,0.95,1.00,0.90,1.00,326100,1603850
20220728,09:21,1.00,1.05,0.95,1.00,100650,1603850
20220728,09:22,1.00,1.05,0.95,1.00,187350,1603850
20220728,09:23,0.95,1.00,0.90,0.90,54500,1667700
20220728,09:24,0.90,1.00,0.90,1.00,142350,1667700
20220728,09:25,0.95,1.00,0.95,0.95,107950,1667700
20220728,09:26,0.95,0.95,0.90,0.90,51650,1617000
20220728,09:27,0.90,0.95,0.90,0.90,42500,1617000
20220728,09:28,0.90,0.95,0.90,0.95,16000,1617000
20220728,09:29,0.90,1.00,0.90,0.90,72450,1588600
20220728,09:30,0.90,0.95,0.90,0.90,12150,1588600
20220728,09:31,0.90,0.95,0.90,0.95,18950,1588600
20220728,09:32,0.95,0.95,0.90,0.90,23350,1574450
20220728,09:33,0.90,0.95,0.90,0.95,36250,1574450
20220728,09:34,0.90,0.95,0.90,0.90,41250,1574450
20220728,09:35,0.90,0.95,0.90,0.90,31250,1524450
20220728,09:36,0.95,1.00,0.90,0.95,56550,1524450
20220728,09:37,0.95,1.00,0.90,0.90,28400,1524450
20220728,09:38,0.90,0.95,0.90,0.90,56750,1497450
20220728,09:39,0.90,0.95,0.90,0.95,55500,1497450
20220728,09:40,0.90,0.95,0.90,0.90,15750,1497450
20220728,09:41,0.90,0.95,0.85,0.90,43950,1461900
20220728,09:42,0.90,0.95,0.90,0.90,36750,1461900
20220728,09:43,0.90,0.95,0.90,0.90,40000,1461900
20220728,09:44,0.90,0.95,0.85,0.85,22600,1423650
20220728,09:45,0.85,0.90,0.85,0.85,37250,1423650
20220728,09:46,0.90,0.90,0.85,0.90,22700,1423650
20220728,09:47,0.90,0.95,0.85,0.85,31750,1418400
20220728,09:48,0.90,0.90,0.85,0.85,9850,1418400
20220728,09:49,0.90,0.90,0.85,0.85,5000,1418400
20220728,09:50,0.85,0.90,0.85,0.85,13950,1183350
20220728,09:51,0.85,0.90,0.85,0.90,17850,1183350
20220728,09:52,0.85,0.90,0.85,0.85,5150,1183350
20220728,09:53,0.85,0.90,0.85,0.90,9550,1183550
20220728,09:54,0.85,0.90,0.85,0.90,11750,1183550
20220728,09:55,0.90,0.90,0.85,0.85,5700,1183550
20220728,09:56,0.85,0.90,0.85,0.85,6950,1182650
20220728,09:57,0.90,0.90,0.85,0.90,25500,1182650
20220728,09:58,0.90,0.90,0.85,0.90,7050,1182650
20220728,09:59,0.85,0.90,0.85,0.85,7250,1161850
20220728,10:00,0.85,0.90,0.85,0.90,52050,1161850
20220728,10:01,0.85,0.90,0.85,0.90,38500,1161850
20220728,10:02,0.95,0.95,0.85,0.90,40800,1113800
20220728,10:03,0.90,0.95,0.90,0.90,45050,1113800
20220728,10:04,0.90,0.95,0.90,0.95,28850,1113800
20220728,10:05,0.90,0.95,0.90,0.95,19900,1113800
20220728,10:06,0.95,1.00,0.95,0.95,22350,1109400
20220728,10:07,1.00,1.00,0.95,1.00,15050,1109400
20220728,10:08,0.95,1.05,0.95,1.00,25050,1102850
20220728,10:09,1.05,1.05,1.00,1.00,13550,1102850
20220728,10:10,1.00,1.05,0.95,0.95,31200,1102850
20220728,10:11,0.95,1.00,0.95,0.95,14550,1094850
20220728,10:12,1.00,1.00,0.95,0.95,14500,1094850
20220728,10:13,0.95,1.00,0.95,0.95,50300,1094850
20220728,10:14,0.95,1.00,0.95,0.95,34050,1081200
20220728,10:15,0.95,1.00,0.90,0.90,39800,1081200
20220728,10:16,0.90,0.95,0.90,0.95,14250,1081200
20220728,10:17,0.95,1.00,0.95,0.95,5250,1081200
20220728,10:18,1.00,1.05,1.00,1.00,11150,1079300
20220728,10:19,1.05,1.05,1.00,1.05,8750,1079300
20220728,10:20,1.00,1.10,1.00,1.05,48000,1086050
20220728,10:21,1.10,1.10,1.05,1.05,4850,1086050
20220728,10:22,1.10,1.15,1.10,1.15,38850,1086050
20220728,10:23,1.15,1.20,1.10,1.20,13400,1084550
20220728,10:24,1.15,1.20,1.15,1.20,14700,1084550
20220728,10:25,1.20,1.20,1.15,1.15,17800,1084550
20220728,10:26,1.20,1.20,1.15,1.20,28800,1081100
20220728,10:27,1.25,1.30,1.20,1.25,17900,1081100
20220728,10:28,1.30,1.40,1.25,1.35,30400,1081100
20220728,10:29,1.40,1.50,1.35,1.50,30250,1079750
20220728,10:30,1.50,1.55,1.35,1.40,66900,1079750
20220728,10:31,1.35,1.40,1.30,1.40,38350,1079750
20220728,10:32,1.45,1.45,1.40,1.45,11650,1067000
20220728,10:33,1.40,1.45,1.20,1.25,67450,1067000
20220728,10:34,1.25,1.35,1.25,1.35,35600,1067000
20220728,10:35,1.30,1.35,1.30,1.30,20150,1067000
20220728,10:36,1.35,1.40,1.35,1.35,101700,1052300
20220728,10:37,1.40,1.40,1.30,1.40,60850,1052300
20220728,10:38,1.40,1.40,1.35,1.40,31850,1052300
20220728,10:39,1.40,1.45,1.40,1.40,10450,988950
20220728,10:40,1.40,1.45,1.40,1.40,33800,988950
20220728,10:41,1.40,1.40,1.35,1.35,40450,956250
20220728,10:42,1.35,1.35,1.30,1.30,5350,956250
20220728,10:43,1.30,1.35,1.30,1.30,13900,956250
20220728,10:44,1.30,1.30,1.25,1.25,10850,956250
20220728,10:45,1.25,1.30,1.25,1.25,7550,942500
20220728,10:46,1.30,1.40,1.25,1.40,41200,942500
20220728,10:47,1.40,1.40,1.35,1.35,10650,942500
20220728,10:48,1.35,1.35,1.25,1.25,17850,936450
20220728,10:49,1.25,1.25,1.15,1.15,59250,936450
20220728,10:50,1.10,1.15,1.10,1.10,5400,936450
20220728,10:51,1.15,1.15,1.10,1.15,14850,916150
20220728,10:52,1.20,1.25,1.15,1.20,10650,916150
20220728,10:53,1.20,1.25,1.20,1.20,700,916150
20220728,10:54,1.20,1.25,1.05,1.05,42350,914050
20220728,10:55,1.05,1.10,1.00,1.05,20150,914050
20220728,10:56,1.05,1.10,1.05,1.05,2400,914050
20220728,10:57,1.05,1.10,1.05,1.05,10250,902750
20220728,10:58,1.05,1.10,1.05,1.10,7100,902750
20220728,10:59,1.05,1.10,1.05,1.10,11350,902750
20220728,11:00,1.05,1.15,1.05,1.15,8150,909350
20220728,11:01,1.10,1.20,1.10,1.20,20950,909350
20220728,11:02,1.25,1.25,1.20,1.20,6550,909350
20220728,11:03,1.25,1.25,1.20,1.25,5950,900300
20220728,11:04,1.25,1.30,1.25,1.25,8400,900300
20220728,11:05,1.25,1.35,1.25,1.30,11200,900300
20220728,11:06,1.30,1.35,1.30,1.30,5550,897200
20220728,11:07,1.35,1.40,1.30,1.35,3350,897200
20220728,11:08,1.35,1.40,1.35,1.35,6000,897200
20220728,11:09,1.35,1.40,1.30,1.30,18550,895400
20220728,11:10,1.35,1.35,1.25,1.30,19450,895400
20220728,11:11,1.25,1.30,1.25,1.30,7350,895400
20220728,11:12,1.25,1.30,1.25,1.25,6150,889000
20220728,11:13,1.25,1.30,1.25,1.25,8900,889000
20220728,11:14,1.30,1.30,1.25,1.25,29350,889000
20220728,11:15,1.25,1.40,1.25,1.40,32900,878700
20220728,11:16,1.40,1.40,1.35,1.35,6850,878700
20220728,11:17,1.35,1.35,1.30,1.30,10200,878700
20220728,11:18,1.35,1.35,1.30,1.30,1850,861600
20220728,11:19,1.30,1.35,1.25,1.25,9250,861600
20220728,11:20,1.25,1.25,1.15,1.15,33700,861600
20220728,11:21,1.15,1.20,1.15,1.15,5750,847700
20220728,11:22,1.20,1.25,1.20,1.25,8250,847700
20220728,11:23,1.25,1.25,1.20,1.20,1950,847700
20220728,11:24,1.20,1.20,1.10,1.10,15750,840650
20220728,11:25,1.15,1.15,1.10,1.10,11300,840650
20220728,11:26,1.10,1.15,1.05,1.10,19950,840650
20220728,11:27,1.10,1.10,1.05,1.10,14450,826150
20220728,11:28,1.05,1.10,1.05,1.05,1850,826150
20220728,11:29,1.05,1.10,1.05,1.05,2000,826150
20220728,11:30,1.05,1.10,1.05,1.05,4100,818250
20220728,11:31,1.10,1.10,1.05,1.05,2900,818250
20220728,11:32,1.05,1.10,1.05,1.05,2500,818250
20220728,11:33,1.10,1.10,1.05,1.10,16800,820050
20220728,11:34,1.10,1.10,1.05,1.05,25600,820050
20220728,11:35,1.10,1.10,1.00,1.00,43350,820050
20220728,11:36,1.00,1.05,0.95,0.95,55100,805850
20220728,11:37,0.95,1.00,0.95,1.00,38800,805850
20220728,11:38,0.95,1.00,0.95,1.00,3700,805850
20220728,11:39,1.00,1.00,0.95,0.95,12600,769300
20220728,11:40,0.95,0.95,0.95,0.95,12850,769300
20220728,11:41,0.95,0.95,0.90,0.95,5500,769300
20220728,11:42,0.95,0.95,0.90,0.90,11550,764400
20220728,11:43,0.90,0.95,0.90,0.95,3350,764400
20220728,11:44,0.90,0.95,0.90,0.90,3300,764400
20220728,11:45,0.95,0.95,0.90,0.90,6700,755150
20220728,11:46,0.90,0.90,0.90,0.90,550,755150
20220728,11:47,0.90,0.95,0.90,0.90,8150,755150
20220728,11:48,0.90,0.95,0.90,0.90,2250,751500
20220728,11:49,0.90,0.95,0.90,0.90,6950,751500
20220728,11:50,0.95,0.95,0.90,0.90,2500,751500
20220728,11:51,0.90,0.95,0.90,0.90,1350,754050
20220728,11:52,0.90,1.00,0.90,0.95,17700,754050
20220728,11:53,0.95,0.95,0.95,0.95,2700,754050
20220728,11:54,0.95,0.95,0.95,0.95,1950,741800
20220728,11:55,0.95,1.00,0.95,0.95,500,741800
20220728,11:56,0.95,1.00,0.95,1.00,7550,741800
20220728,11:57,0.95,1.00,0.90,0.95,8150,733900
20220728,11:58,0.95,1.00,0.90,0.90,4450,733900
20220728,11:59,0.90,0.90,0.90,0.90,850,733900
20220728,12:00,0.95,0.95,0.95,0.95,3100,732200
20220728,12:01,0.95,1.00,0.95,0.95,10500,732200
20220728,12:02,0.95,1.00,0.90,0.90,9450,732200
20220728,12:03,0.90,0.95,0.90,0.95,1950,739250
20220728,12:04,0.95,0.95,0.90,0.90,3750,739250
20220728,12:05,0.95,0.95,0.90,0.90,800,739250
20220728,12:06,0.95,0.95,0.90,0.90,16650,733800
20220728,12:07,0.90,0.90,0.90,0.90,12200,733800
20220728,12:08,0.90,0.90,0.90,0.90,2650,733800
20220728,12:09,0.90,0.95,0.90,0.90,1250,722250
20220728,12:10,0.90,0.95,0.90,0.90,18300,722250
20220728,12:11,0.90,0.95,0.85,0.90,34700,722250
20220728,12:12,0.90,0.95,0.85,0.90,5400,715300
20220728,12:13,0.90,0.90,0.85,0.85,3400,715300
20220728,12:14,0.85,0.90,0.85,0.90,11350,715300
20220728,12:15,0.90,0.95,0.90,0.90,2050,717100
20220728,12:16,0.90,0.90,0.90,0.90,6200,717100
20220728,12:17,0.90,0.95,0.90,0.90,13600,717100
20220728,12:18,0.95,0.95,0.90,0.90,6300,720550
20220728,12:19,0.90,0.90,0.85,0.85,5750,720550
20220728,12:20,0.90,0.90,0.85,0.90,4200,720550
20220728,12:21,0.90,0.90,0.85,0.85,1600,723950
20220728,12:22,0.90,0.90,0.85,0.85,5200,723950
20220728,12:23,0.90,0.90,0.85,0.85,350,723950
20220728,12:24,0.85,0.90,0.85,0.85,6900,721700
20220728,12:25,0.85,0.85,0.85,0.85,6750,721700
20220728,12:26,0.85,0.95,0.85,0.95,5950,721700
20220728,12:27,0.90,0.90,0.90,0.90,50,718350
20220728,12:28,0.90,1.00,0.90,0.95,5450,718350
20220728,12:29,1.00,1.00,0.95,0.95,1850,718350
20220728,12:30,0.95,1.00,0.95,0.95,1600,720850
20220728,12:31,0.95,0.95,0.95,0.95,2800,720850
20220728,12:32,0.95,1.00,0.90,0.95,7650,720850
20220728,12:33,0.95,0.95,0.90,0.95,850,721850
20220728,12:34,0.90,0.90,0.90,0.90,1250,721850
20220728,12:35,0.90,0.95,0.90,0.90,400,721850
20220728,12:36,0.95,0.95,0.90,0.95,12600,720700
20220728,12:37,1.00,1.00,0.95,1.00,16700,720700
20220728,12:38,0.95,1.00,0.95,0.95,6250,720700
20220728,12:39,0.95,1.00,0.95,1.00,4850,706750
20220728,12:40,1.05,1.10,1.00,1.05,6400,706750
20220728,12:41,1.10,1.10,1.00,1.00,10250,706750
20220728,12:42,1.00,1.05,0.95,0.95,6600,705150
20220728,12:43,0.95,1.00,0.90,1.00,4700,705150
20220728,12:44,0.95,0.95,0.90,0.90,7200,705150
20220728,12:45,0.90,0.95,0.90,0.90,10050,700250
20220728,12:46,0.90,0.95,0.90,0.95,2100,700250
20220728,12:47,0.90,0.95,0.90,0.90,1950,700250
20220728,12:48,0.90,0.95,0.90,0.95,6150,696450
20220728,12:49,0.90,0.95,0.90,0.90,3850,696450
20220728,12:50,0.90,0.95,0.90,0.95,1250,696450
20220728,12:51,0.90,0.95,0.90,0.95,3150,698850
20220728,12:52,0.95,0.95,0.90,0.95,2900,698850
20220728,12:53,0.95,1.00,0.95,0.95,5700,698850
20220728,12:54,1.00,1.00,0.90,0.95,11250,698550
20220728,12:55,0.95,0.95,0.90,0.95,2950,698550
20220728,12:56,0.95,0.95,0.95,0.95,3050,698550
20220728,12:57,0.90,0.90,0.90,0.90,350,696000
20220728,12:58,0.95,0.95,0.90,0.90,400,696000
20220728,12:59,0.95,0.95,0.90,0.95,950,696000
20220728,13:00,0.90,0.90,0.85,0.85,7650,692300
20220728,13:01,0.85,0.90,0.85,0.90,7100,692300
20220728,13:02,0.90,0.95,0.90,0.95,800,692300
20220728,13:03,0.95,0.95,0.90,0.90,1050,693050
20220728,13:04,0.90,0.95,0.85,0.90,8350,693050
20220728,13:05,0.85,0.90,0.85,0.85,5000,693050
20220728,13:06,0.85,0.90,0.85,0.85,1700,692350
20220728,13:07,0.90,0.90,0.85,0.85,4800,692350
20220728,13:08,0.85,0.90,0.85,0.85,1550,692350
20220728,13:09,0.85,0.90,0.85,0.85,1200,691550
20220728,13:10,0.85,0.90,0.85,0.85,3200,691550
20220728,13:11,0.85,0.90,0.85,0.90,4000,691550
20220728,13:12,0.85,0.90,0.85,0.85,700,690750
20220728,13:13,0.85,0.90,0.85,0.90,1800,690750
20220728,13:14,0.90,0.90,0.85,0.90,1300,690750
20220728,13:15,0.90,0.90,0.85,0.90,3700,691050
20220728,13:16,0.90,0.95,0.85,0.95,22500,691050
20220728,13:17,0.90,0.95,0.90,0.90,9300,691050
20220728,13:18,0.90,0.95,0.90,0.90,2300,696350
20220728,13:19,0.90,0.95,0.90,0.90,1950,696350
20220728,13:20,0.90,0.95,0.85,0.90,5550,696350
20220728,13:21,0.90,0.90,0.85,0.85,2150,698250
20220728,13:22,0.85,0.90,0.85,0.90,3300,698250
20220728,13:23,0.90,0.90,0.85,0.85,11800,698250
20220728,13:24,0.85,0.85,0.80,0.85,11450,697850
20220728,13:25,0.80,0.85,0.75,0.75,24100,697850
20220728,13:26,0.75,0.75,0.70,0.70,38250,697850
20220728,13:27,0.70,0.70,0.65,0.65,14500,701350
20220728,13:28,0.70,0.70,0.65,0.65,1750,701350
20220728,13:29,0.70,0.70,0.55,0.55,34400,701350
20220728,13:30,0.55,0.60,0.55,0.55,5750,701000
20220728,13:31,0.55,0.60,0.55,0.60,8250,701000
20220728,13:32,0.55,0.55,0.55,0.55,2550,701000
20220728,13:33,0.55,0.60,0.55,0.60,4400,695300
20220728,13:34,0.55,0.55,0.50,0.50,7650,695300
20220728,13:35,0.50,0.50,0.45,0.45,21450,695300
20220728,13:36,0.45,0.50,0.45,0.45,8700,686850
20220728,13:37,0.45,0.50,0.40,0.40,20950,686850
20220728,13:38,0.40,0.45,0.40,0.45,8500,686850
20220728,13:39,0.45,0.45,0.40,0.45,2000,679150
20220728,13:40,0.45,0.45,0.40,0.40,2200,679150
20220728,13:41,0.45,0.50,0.40,0.45,19300,679150
20220728,13:42,0.45,0.45,0.40,0.40,1500,680050
20220728,13:43,0.40,0.45,0.40,0.40,6450,680050
20220728,13:44,0.40,0.40,0.35,0.35,1400,680050
20220728,13:45,0.35,0.40,0.35,0.40,16300,671650
20220728,13:46,0.35,0.40,0.35,0.40,550,671650
20220728,13:47,0.40,0.40,0.35,0.35,4250,671650
20220728,13:48,0.35,0.35,0.30,0.30,8600,662000
20220728,13:49,0.30,0.35,0.30,0.35,4250,662000
20220728,13:50,0.30,0.35,0.25,0.35,15000,662000
20220728,13:51,0.30,0.35,0.30,0.35,7300,656050
20220728,13:52,0.35,0.35,0.30,0.30,800,656050
20220728,13:53,0.25,0.30,0.25,0.25,13050,656050
20220728,13:54,0.25,0.30,0.25,0.30,5400,649700
20220728,13:55,0.30,0.30,0.25,0.25,4350,649700
20220728,13:56,0.30,0.30,0.25,0.25,4900,649700
20220728,13:57,0.25,0.25,0.20,0.20,42450,644350
20220728,13:58,0.20,0.25,0.20,0.25,7800,644350
20220728,13:59,0.20,0.25,0.15,0.15,17900,644350
20220728,14:00,0.25,0.25,0.20,0.20,10000,630700
20220728,14:01,0.20,0.20,0.20,0.20,7600,630700
20220728,14:02,0.25,0.25,0.20,0.20,3350,630700
20220728,14:03,0.20,0.20,0.20,0.20,7000,625900
20220728,14:04,0.25,0.25,0.20,0.25,950,625900
20220728,14:05,0.20,0.20,0.20,0.20,950,625900
20220728,14:06,0.25,0.25,0.20,0.20,2800,626000
20220728,14:07,0.25,0.25,0.20,0.20,3900,626000
20220728,14:08,0.20,0.20,0.20,0.20,250,626000
20220728,14:09,0.20,0.20,0.20,0.20,6600,625200
20220728,14:10,0.20,0.25,0.20,0.25,6300,625200
20220728,14:11,0.25,0.25,0.20,0.20,2300,625200
20220728,14:12,0.20,0.20,0.20,0.20,1300,634500
20220728,14:13,0.20,0.25,0.20,0.20,1350,634500
20220728,14:14,0.20,0.25,0.20,0.20,13300,634500
20220728,14:15,0.20,0.20,0.15,0.20,3900,622650
20220728,14:16,0.20,0.20,0.15,0.15,1100,622650
20220728,14:17,0.20,0.20,0.15,0.15,5900,622650
20220728,14:18,0.15,0.20,0.15,0.15,7150,619850
20220728,14:19,0.20,0.20,0.15,0.15,5800,619850
20220728,14:20,0.20,0.20,0.15,0.15,250,619850
20220728,14:21,0.15,0.20,0.15,0.20,1600,618650
20220728,14:22,0.15,0.20,0.15,0.20,1700,618650
20220728,14:23,0.15,0.20,0.15,0.20,1400,618650
20220728,14:24,0.20,0.20,0.15,0.15,900,618750
20220728,14:25,0.20,0.20,0.20,0.20,8700,618750
20220728,14:26,0.20,0.20,0.15,0.15,1000,618750
20220728,14:27,0.15,0.20,0.15,0.20,7400,610000
20220728,14:28,0.15,0.20,0.15,0.15,2200,610000
20220728,14:29,0.15,0.20,0.15,0.20,6400,610000
20220728,14:30,0.10,0.15,0.10,0.10,11900,603500
20220728,14:31,0.10,0.15,0.10,0.15,3650,603500
20220728,14:32,0.15,0.15,0.10,0.10,1000,603500
20220728,14:33,0.10,0.15,0.10,0.10,2950,603500
20220728,14:34,0.15,0.15,0.15,0.15,150,605800
20220728,14:35,0.15,0.15,0.10,0.15,6400,605800
20220728,14:36,0.10,0.15,0.10,0.15,23350,605800
20220728,14:37,0.10,0.10,0.10,0.10,2250,595150
20220728,14:39,0.15,0.15,0.10,0.15,1950,591850
20220728,14:40,0.15,0.15,0.10,0.10,2150,591850
20220728,14:41,0.15,0.15,0.10,0.15,4900,591850
20220728,14:42,0.15,0.15,0.10,0.10,2400,584750
20220728,14:43,0.10,0.10,0.10,0.10,7100,584750
20220728,14:44,0.10,0.10,0.10,0.10,3500,584750
20220728,14:45,0.15,0.15,0.10,0.10,1600,572500
20220728,14:46,0.10,0.15,0.10,0.10,9350,572500
20220728,14:47,0.10,0.10,0.05,0.10,21850,572500
20220728,14:48,0.05,0.05,0.05,0.05,6650,572500
20220728,14:49,0.10,0.10,0.05,0.10,700,553350
20220728,14:50,0.05,0.10,0.05,0.05,8500,553350
20220728,14:51,0.10,0.15,0.05,0.15,12800,551900
20220728,14:52,0.15,0.15,0.05,0.10,2600,551900
20220728,14:53,0.10,0.10,0.05,0.10,15000,551900
20220728,14:54,0.10,0.10,0.10,0.10,2700,551900
20220728,14:55,0.10,0.15,0.10,0.10,3150,537350
20220728,14:56,0.15,0.15,0.10,0.10,3200,537350
20220728,14:57,0.10,0.15,0.10,0.15,3250,532950
20220728,14:58,0.10,0.15,0.05,0.05,10350,532950
20220728,14:59,0.05,0.10,0.05,0.05,4750,532950
20220728,15:00,0.05,0.10,0.05,0.05,4050,532950
20220728,15:01,0.10,0.15,0.05,0.05,8150,524300
20220728,15:02,0.10,0.15,0.10,0.15,750,524300
20220728,15:03,0.10,0.15,0.05,0.10,9000,523750
20220728,15:04,0.05,0.10,0.05,0.05,2950,523750
20220728,15:05,0.05,0.10,0.05,0.05,8150,523750
20220728,15:06,0.05,0.10,0.05,0.10,31600,521350
20220728,15:07,0.10,0.10,0.05,0.10,18700,521350
20220728,15:08,0.05,0.10,0.05,0.05,5150,521350
20220728,15:09,0.10,0.10,0.05,0.05,4400,518500
20220728,15:10,0.10,0.10,0.05,0.05,2850,518500
20220728,15:11,0.05,0.10,0.05,0.05,9600,518500
20220728,15:12,0.05,0.10,0.05,0.05,6600,503950
20220728,15:13,0.05,0.10,0.05,0.05,5150,503950
20220728,15:14,0.05,0.05,0.05,0.05,24750,503950
20220728,15:15,0.10,0.10,0.05,0.05,9000,503950
20220728,15:16,0.05,0.10,0.05,0.05,13950,463350
20220728,15:17,0.05,0.10,0.05,0.05,9900,463350
20220728,15:18,0.05,0.10,0.05,0.05,10900,438950
20220728,15:19,0.05,0.05,0.05,0.05,1900,438950
20220728,15:21,0.05,0.05,0.05,0.05,50,438950
20220728,15:22,0.05,0.05,0.05,0.05,100,438950
20220728,15:23,0.05,0.05,0.05,0.05,1250,436850
20220728,15:24,0.05,0.05,0.05,0.05,1200,436850
20220728,15:25,0.05,0.05,0.05,0.05,50,435700
20220728,15:26,0.05,0.05,0.05,0.05,400,435700
20220728,15:27,0.05,0.05,0.05,0.05,13250,435250
20220728,15:28,0.05,0.05,0.05,0.05,50,435250
20220728,15:29,0.05,0.05,0.05,0.05,2150,435250
